-2.0445 0.0003 102.7913 163.2326 245.2554 0.4952 4.1336
0.0332 0.0000 102.8135 340.6799 223.7050 0.5160 3.9050
2.9594 0.0000 102.7810 459.4164 230.7487 0.4915 3.8061
4.4319 0.0000 102.6857 546.8622 231.3283 0.4697 3.1093
5.2748 0.0000 102.5643 582.0952 225.5864 0.4680 2.4766
5.8923 0.0000 102.4556 527.6011 226.2232 0.4718 2.1404
6.2992 0.0000 102.3747 408.7361 228.0746 0.4737 2.0304
6.3429 0.0000 102.3323 244.0409 229.8374 0.4774 2.1265
6.0422 0.0000 102.3232 71.3232 230.8963 0.4846 2.5778
5.5443 0.0000 102.3334 0.1433 230.9798 0.4916 3.4951
4.9502 0.0000 102.3362 0.0000 230.7428 0.4975 4.4327
4.2906 0.0000 102.3160 0.0000 230.2191 0.5040 5.2351
3.6427 0.0000 102.2982 0.0000 229.6774 0.5103 5.6123
3.0955 0.0000 102.3097 0.0000 229.4287 0.5168 5.3908
2.6741 0.0000 102.3266 0.0000 229.5852 0.5240 5.1336
2.2713 0.0000 102.2915 0.0000 229.8458 0.5309 5.3224
1.8318 0.0000 102.2625 0.0000 230.5857 0.5381 5.1926
1.3797 0.0000 102.2683 0.0000 235.7771 0.5477 4.5710
0.9759 0.0000 102.2608 0.0000 243.1270 0.5583 4.3041
0.6499 0.0000 102.2202 0.0000 250.8202 0.5699 4.4823
0.3561 0.0000 102.1729 0.0000 254.7742 0.5799 4.8636
0.0445 0.0006 102.1363 0.0000 264.9654 0.5835 5.3054
-0.3053 0.0035 102.0998 0.0000 274.0673 0.5819 5.5359
-0.5016 0.0040 102.0599 23.3527 282.2733 0.5797 5.3322
