0.1466 0.0005 101.0005 173.3541 250.1858 0.5724 5.5684
2.1656 0.0000 101.0225 383.9232 221.5051 0.5829 5.0924
4.7935 0.0000 100.9931 523.5511 226.5491 0.5706 4.9598
6.9487 0.0000 100.9065 603.5939 233.6288 0.5204 4.6249
8.0989 0.0000 100.7974 615.2361 239.0669 0.4992 4.3727
8.7456 0.0000 100.6949 560.8399 242.4441 0.4958 4.4937
8.9924 0.0000 100.6211 439.3557 245.4494 0.4991 4.7297
8.8660 0.0000 100.5806 278.5618 246.3959 0.5041 5.0538
8.1912 0.0000 100.5697 100.7632 245.8723 0.5236 5.4658
7.0729 0.0000 100.5782 2.3019 243.3067 0.5418 6.3006
6.0834 0.0000 100.5943 0.0000 240.4673 0.5464 6.6610
5.3037 0.0000 100.6053 0.0000 238.5390 0.5497 6.2797
4.6888 0.0000 100.6044 0.0000 241.6728 0.5517 6.0677
4.2013 0.0000 100.6150 0.0000 251.6153 0.5546 5.5948
3.8412 0.0000 100.6065 0.0000 258.6848 0.5567 5.1408
3.5710 0.0000 100.5800 0.0000 266.3763 0.5573 4.9116
3.3682 0.0000 100.5514 0.0000 271.5052 0.5573 4.7966
3.1862 0.0000 100.5248 0.0000 275.7099 0.5581 4.7042
2.9916 0.0000 100.4974 0.0000 278.7067 0.5595 4.7591
2.7678 0.0000 100.4522 0.0000 281.4629 0.5618 4.9342
2.5459 0.0000 100.4175 0.0000 282.4017 0.5650 5.0152
2.4132 0.0000 100.3785 0.0000 280.9359 0.5700 5.2874
2.4160 0.0000 100.3433 0.0000 277.3252 0.5765 5.2625
2.4900 0.0000 100.3773 34.3715 258.3181 0.5819 4.1077
