-0.7422 0.0002 99.8729 175.5078 250.0009 0.5370 4.4795
1.4792 0.0000 99.8859 399.3075 215.8049 0.5491 4.1989
4.3883 0.0000 99.8542 541.0146 219.7760 0.5251 4.1776
6.4553 0.0000 99.7667 619.4323 226.2916 0.4914 3.6383
7.5770 0.0000 99.6588 628.6525 230.5672 0.4842 3.1356
8.2541 0.0000 99.5642 569.6865 234.3012 0.4869 3.1133
8.5172 0.0000 99.4921 443.8677 238.0405 0.4943 3.3827
8.3818 0.0000 99.4618 277.3487 239.8177 0.5021 3.6653
7.7139 0.0000 99.4540 94.7430 240.6334 0.5184 4.2098
6.6455 0.0000 99.4653 1.2412 239.7340 0.5307 4.9719
5.6074 0.0000 99.4728 0.0000 238.1395 0.5346 5.1797
4.7885 0.0000 99.4696 0.0000 236.5395 0.5377 4.7676
4.2094 0.0000 99.4704 0.0000 235.3879 0.5400 4.1453
3.7984 0.0000 99.4725 0.0000 238.5140 0.5418 3.7296
3.4965 0.0000 99.4670 0.0000 243.0911 0.5437 3.3479
3.2717 0.0000 99.4429 0.0000 249.4456 0.5454 3.0606
3.1154 0.0000 99.4127 0.0000 257.7520 0.5469 2.8525
3.0005 0.0000 99.3870 0.0000 264.5937 0.5487 2.6569
2.8453 0.0000 99.3614 0.0000 269.9593 0.5505 2.3773
2.6585 0.0000 99.3332 0.0000 271.2482 0.5519 2.3975
2.4877 0.0000 99.3037 0.0000 273.5293 0.5531 2.7240
2.4855 0.0000 99.2852 0.0000 273.6056 0.5549 3.1065
2.6458 0.0000 99.2428 0.0000 268.1656 0.5569 3.6736
2.8653 0.0000 99.2255 31.4972 272.4384 0.5591 3.4945
