-1.3403 0.0010 102.8419 130.8180 263.7887 0.5204 4.4943
0.5443 0.0000 102.8645 282.5837 247.2070 0.5339 4.4308
2.8325 0.0000 102.8296 436.3384 238.6003 0.5223 4.4724
4.5230 0.0000 102.7342 552.8053 232.9099 0.4939 3.8907
5.5581 0.0000 102.6151 589.0377 228.5000 0.4840 3.2200
6.2892 0.0000 102.5057 537.0334 228.8969 0.4835 2.8011
6.7336 0.0000 102.4171 420.3559 230.1981 0.4817 2.6384
6.8838 0.0000 102.3746 256.4533 232.1838 0.4798 2.7201
6.6273 0.0000 102.3654 80.2585 233.4366 0.4854 3.0911
6.1698 0.0000 102.3659 0.4083 233.6541 0.4910 3.9182
5.6588 0.0000 102.3683 0.0000 233.6651 0.4966 4.7955
5.0940 0.0000 102.3480 0.0000 233.7182 0.5079 5.4740
4.4860 0.0000 102.3357 0.0000 233.6190 0.5230 5.6254
3.8755 0.0000 102.3578 0.0000 233.4154 0.5369 5.3503
3.2801 0.0000 102.3589 0.0000 233.0311 0.5481 5.5277
2.6492 0.0000 102.3231 0.0000 232.4170 0.5556 5.8155
2.0616 0.0000 102.3016 0.0000 235.1088 0.5602 5.4589
1.6103 0.0000 102.3077 0.0000 246.9142 0.5632 4.9509
1.2897 0.0000 102.2900 0.0000 253.0385 0.5638 4.9713
1.0436 0.0000 102.2455 0.0000 257.8037 0.5628 5.3312
0.8414 0.0000 102.2079 0.0000 261.4767 0.5628 5.8536
0.7309 0.0000 102.1719 0.0000 265.8845 0.5668 6.1783
0.6693 0.0000 102.1370 0.0000 269.5853 0.5747 6.4033
0.5716 0.0000 102.0947 25.4850 269.8866 0.5850 6.2260
