-1.2108 0.0010 102.5471 110.9452 264.4838 0.5200 3.7697
0.4124 0.0000 102.5733 279.1913 238.8054 0.5237 3.9083
2.6028 0.0000 102.5459 448.1661 229.6007 0.5138 4.0678
4.6060 0.0000 102.4505 549.1208 229.3877 0.4927 3.8895
5.6400 0.0000 102.3244 575.2136 229.1932 0.4865 3.3425
6.3631 0.0000 102.2073 522.9431 232.7914 0.4828 2.9805
6.7932 0.0000 102.1183 410.5505 235.7600 0.4806 2.8280
6.8826 0.0000 102.0756 253.5421 237.8130 0.4804 2.8582
6.6132 0.0000 102.0587 84.4643 238.6904 0.4844 3.1857
6.1475 0.0000 102.0592 1.1319 238.2160 0.4874 3.9470
5.6302 0.0000 102.0616 0.0000 237.1526 0.4867 4.5222
5.0823 0.0000 102.0566 0.0000 235.6763 0.4876 4.5801
4.5411 0.0000 102.0637 0.0000 234.4292 0.4903 4.2015
4.0341 0.0000 102.0669 0.0000 233.7189 0.4943 4.0346
3.5123 0.0000 102.0522 0.0000 233.9691 0.5007 4.0441
2.9940 0.0000 102.0353 0.0000 242.0722 0.5095 3.6072
2.5434 0.0000 102.0175 0.0000 252.0365 0.5189 3.2836
2.1417 0.0000 102.0082 0.0000 257.8094 0.5289 3.1923
1.7566 0.0000 101.9829 0.0000 262.3372 0.5388 3.3684
1.3865 0.0000 101.9268 0.0000 265.7527 0.5484 3.8411
1.0547 0.0000 101.8785 0.0000 271.2270 0.5576 4.2322
0.8340 0.0000 101.8385 0.0000 275.9455 0.5658 4.5491
0.6930 0.0000 101.7927 0.0000 278.1254 0.5721 4.8704
0.6258 0.0001 101.8111 19.6057 273.9691 0.5783 4.3454
