-1.3751 0.0006 102.6019 115.6595 259.8660 0.5130 3.9356
0.2778 0.0000 102.6287 281.8898 237.4239 0.5191 3.9844
2.5334 0.0000 102.6023 446.4034 229.3833 0.5105 4.0825
4.5485 0.0000 102.5069 549.3436 228.4518 0.4891 3.8486
5.5690 0.0000 102.3811 574.1990 228.4437 0.4824 3.2668
6.2705 0.0000 102.2650 521.6276 231.8191 0.4788 2.8766
6.7072 0.0000 102.1763 409.0941 234.6741 0.4762 2.7032
6.8093 0.0000 102.1333 252.0337 236.6821 0.4760 2.7425
6.5605 0.0000 102.1139 83.0979 237.5948 0.4798 3.0854
6.1118 0.0000 102.1144 0.9996 237.3530 0.4826 3.8760
5.5815 0.0000 102.1168 0.0000 236.6240 0.4827 4.5727
4.9957 0.0000 102.1105 0.0000 235.4131 0.4844 4.8061
4.4135 0.0000 102.1147 0.0000 234.2316 0.4881 4.5492
3.8793 0.0000 102.1221 0.0000 233.5299 0.4934 4.3904
3.3520 0.0000 102.1074 0.0000 233.6126 0.5009 4.4635
2.8293 0.0000 102.0899 0.0000 240.0331 0.5107 4.0915
2.3693 0.0000 102.0749 0.0000 249.7606 0.5208 3.7469
1.9640 0.0000 102.0669 0.0000 255.6424 0.5309 3.6728
1.5899 0.0000 102.0426 0.0000 261.0989 0.5400 3.8755
1.2438 0.0000 101.9852 0.0000 263.3501 0.5479 4.3535
0.9392 0.0000 101.9350 0.0000 268.0034 0.5553 4.7680
0.7440 0.0000 101.8958 0.0000 274.1265 0.5625 5.0287
0.6304 0.0000 101.8494 0.0000 277.1569 0.5689 5.2686
0.5722 0.0001 101.8627 19.5100 273.6848 0.5760 4.7447
