-0.4924 0.0004 101.5445 152.7436 256.3819 0.5413 4.7100
1.3664 0.0000 101.5601 361.3590 224.5141 0.5468 4.5076
3.9380 0.0000 101.5271 512.5229 224.1432 0.5191 4.5746
5.8430 0.0000 101.4319 600.4150 227.5172 0.4870 4.1968
6.8740 0.0000 101.3176 614.7586 229.8757 0.4823 3.7309
7.5391 0.0000 101.2165 558.5109 232.6291 0.4850 3.6114
7.8198 0.0000 101.1407 435.3750 235.8939 0.4916 3.7466
7.7296 0.0000 101.1038 270.2315 238.0705 0.4983 3.9207
7.1590 0.0000 101.0947 90.7567 239.2014 0.5141 4.3971
6.2874 0.0000 101.1008 1.0709 238.7154 0.5260 5.2096
5.4924 0.0000 101.1033 0.0000 237.6867 0.5286 5.5794
4.8433 0.0000 101.0962 0.0000 236.5854 0.5315 5.3602
4.3190 0.0000 101.0969 0.0000 235.6438 0.5355 4.7413
3.8773 0.0000 101.1030 0.0000 236.3264 0.5401 4.3178
3.4817 0.0000 101.0938 0.0000 239.5628 0.5451 4.0526
3.1212 0.0000 101.0684 0.0000 244.6196 0.5498 3.7030
2.8268 0.0000 101.0420 0.0000 253.7999 0.5533 3.2653
2.6020 0.0000 101.0227 0.0000 260.3413 0.5562 2.9701
2.3571 0.0000 100.9985 0.0000 265.5436 0.5591 2.9157
2.0757 0.0000 100.9675 0.0000 267.9278 0.5618 3.1777
1.8295 0.0000 100.9342 0.0000 271.5932 0.5643 3.5571
1.7696 0.0000 100.9080 0.0000 273.6116 0.5669 3.8360
1.8906 0.0000 100.8631 0.0000 270.9050 0.5691 4.2503
2.1086 0.0000 100.8459 27.9379 272.5551 0.5713 3.8621
