-1.6053 0.0036 98.3894 131.6172 257.5529 0.5049 4.5483
0.0234 0.0002 98.4173 324.8782 228.5321 0.5099 4.3430
2.1078 0.0000 98.3950 476.4783 227.0427 0.5106 4.1006
4.0255 0.0000 98.3167 568.9083 228.5110 0.4953 3.4232
5.4135 0.0000 98.2034 594.7942 229.7774 0.4818 2.8088
6.3348 0.0000 98.0973 542.5351 234.2965 0.4822 2.7638
6.8743 0.0000 98.0153 424.1138 238.4881 0.4850 2.8346
6.9159 0.0000 97.9807 269.1186 238.9656 0.4902 2.9977
6.3148 0.0000 97.9642 97.2811 237.6724 0.5009 3.5814
5.1299 0.0000 97.9720 2.2958 234.9503 0.5109 4.5735
3.9917 0.0000 97.9988 0.0000 231.7221 0.5101 4.5123
3.2017 0.0000 98.0153 0.0000 229.6754 0.5066 3.6499
2.7141 0.0000 98.0264 0.0000 229.9747 0.5019 3.0056
2.4129 0.0000 98.0221 0.0000 239.0833 0.4972 2.6236
2.2619 0.0000 98.0074 0.0000 247.1088 0.4943 2.3522
2.2616 0.0000 97.9743 0.0000 256.6167 0.4933 2.1603
2.3783 0.0000 97.9515 0.0000 262.3057 0.4938 2.0931
2.5331 0.0000 97.9270 0.0000 266.7666 0.4959 2.1633
2.6462 0.0000 97.8936 0.0000 272.1841 0.4993 2.4115
2.6478 0.0000 97.8490 0.0000 277.1212 0.5033 2.6468
2.5639 0.0000 97.8068 0.0000 279.7006 0.5071 2.6491
2.3836 0.0000 97.7537 0.0000 281.8854 0.5106 3.1355
2.0374 0.0000 97.7353 0.0000 279.9902 0.5145 3.4428
1.9240 0.0000 97.7750 15.9965 279.8328 0.5185 2.5673
