-1.2284 0.0009 100.0583 187.1188 239.2645 0.5139 3.7134
0.9062 0.0000 100.0657 377.0490 223.9216 0.5232 3.7635
3.7078 0.0000 100.0286 526.5971 222.8190 0.4941 3.8916
5.6374 0.0000 99.9331 613.2018 225.3703 0.4680 3.3195
6.6598 0.0000 99.8226 623.8297 228.0263 0.4730 2.6958
7.3222 0.0000 99.7297 565.0617 230.4081 0.4830 2.4643
7.6860 0.0000 99.6600 442.2358 232.7802 0.4911 2.6186
7.6387 0.0000 99.6291 273.0245 234.2480 0.4985 2.9034
7.0616 0.0000 99.6236 88.0774 234.7898 0.5122 3.5432
6.1079 0.0000 99.6384 0.5434 234.2299 0.5220 4.4330
5.2053 0.0000 99.6444 0.0000 233.7208 0.5262 4.7450
4.4945 0.0000 99.6268 0.0000 233.5001 0.5306 4.7053
3.9437 0.0000 99.6172 0.0000 233.3309 0.5355 4.3226
3.5541 0.0000 99.6200 0.0000 233.3728 0.5396 3.8839
3.2958 0.0000 99.6197 0.0000 234.3375 0.5428 3.6886
3.0491 0.0000 99.5918 0.0000 236.9076 0.5444 3.5788
2.8444 0.0000 99.5660 0.0000 241.9208 0.5451 3.5236
2.6829 0.0000 99.5388 0.0000 248.2678 0.5458 3.2629
2.5015 0.0000 99.5119 0.0000 258.5860 0.5462 2.6567
2.2971 0.0000 99.4883 0.0000 264.1455 0.5466 2.1726
2.1300 0.0000 99.4703 0.0000 263.8793 0.5469 2.2039
2.1299 0.0000 99.4561 0.0000 267.1616 0.5479 2.7022
2.2658 0.0000 99.4239 0.0000 258.8994 0.5496 3.5242
2.4459 0.0000 99.3822 44.0330 253.0525 0.5512 4.1938
