-2.1142 0.0009 102.9046 171.0488 247.0527 0.4979 3.4972
0.2814 0.0000 102.9168 371.7889 217.5445 0.5223 3.4831
3.1486 0.0000 102.8825 491.8148 224.3920 0.5032 3.2914
4.4179 0.0000 102.7837 552.5727 231.5498 0.4869 2.6088
5.1878 0.0000 102.6687 573.5815 228.8045 0.4861 2.0406
5.7528 0.0000 102.5650 521.2593 227.9692 0.4897 1.7273
6.1100 0.0000 102.4907 402.1105 228.9990 0.4912 1.6312
6.1191 0.0000 102.4483 238.0048 229.6961 0.4941 1.7095
5.7983 0.0000 102.4392 65.5358 230.1479 0.4992 2.1025
5.3206 0.0000 102.4547 0.0304 230.0313 0.5038 2.8455
4.8022 0.0000 102.4614 0.0000 229.8326 0.5078 3.5771
4.2658 0.0000 102.4424 0.0000 229.3796 0.5127 4.3122
3.7485 0.0000 102.4172 0.0000 228.7580 0.5193 4.8294
3.2746 0.0000 102.4164 0.0000 228.4455 0.5296 4.8471
2.8470 0.0000 102.4369 0.0000 228.5871 0.5434 4.5352
2.3798 0.0000 102.4197 0.0000 229.0090 0.5581 4.5467
1.8387 0.0000 102.3824 0.0000 228.9961 0.5730 4.7640
1.2479 0.0000 102.3768 0.0000 230.1237 0.5880 4.4166
0.6925 0.0001 102.3752 0.0000 239.8740 0.5980 3.8477
0.1423 0.0031 102.3450 0.0000 258.7093 0.5980 3.7849
-0.3944 0.0103 102.3090 0.0000 275.7241 0.5880 3.9880
-0.7374 0.0073 102.2755 0.0000 279.6355 0.5785 4.2839
-0.9985 0.0071 102.2469 0.0000 281.3595 0.5710 4.5798
-1.0791 0.0065 102.2059 26.2650 284.6707 0.5650 4.5730
