1.4869 0.0059 103.0732 178.3310 260.6471 0.5899 4.2569
2.9276 0.0019 103.0915 332.3716 253.9641 0.5887 3.9990
4.1601 0.0012 103.0527 502.2896 233.2338 0.5839 3.5920
4.9217 0.0009 102.9527 566.7705 236.3269 0.5791 3.1281
5.4528 0.0007 102.8441 571.8218 235.1945 0.5780 2.7171
5.8087 0.0004 102.7594 500.9798 237.5031 0.5773 2.3920
5.9380 0.0003 102.6978 375.0999 238.9887 0.5768 2.1890
5.8326 0.0002 102.6672 212.8942 238.9948 0.5757 2.1262
5.4518 0.0003 102.6660 48.9454 239.3770 0.5778 2.4452
4.8852 0.0003 102.6864 0.0000 243.1319 0.5838 3.1791
4.2957 0.0003 102.7117 0.0000 243.9133 0.5897 3.6249
3.7412 0.0002 102.7100 0.0000 241.9905 0.5929 4.0107
3.2654 0.0001 102.6869 0.0000 235.3203 0.5933 4.4851
2.8877 0.0000 102.6653 0.0000 228.2462 0.5912 4.8953
2.6677 0.0000 102.6580 0.0000 227.1131 0.5892 4.8389
2.5082 0.0000 102.6572 0.0000 226.5539 0.5866 4.3190
2.3425 0.0000 102.6440 0.0000 225.7879 0.5831 3.9903
2.2111 0.0000 102.6102 0.0000 225.2668 0.5802 4.1539
2.0999 0.0000 102.5648 0.0000 225.0031 0.5793 4.2752
1.9724 0.0000 102.5330 0.0000 225.2731 0.5804 3.9486
1.8263 0.0000 102.5304 0.0000 226.7617 0.5809 3.8659
1.8360 0.0000 102.5305 0.0000 232.6575 0.5816 3.8347
1.9904 0.0000 102.5177 0.0483 239.3938 0.5837 3.6305
2.2194 0.0000 102.4872 52.8076 244.4595 0.5882 3.5952
