-1.4692 0.0030 100.0198 188.9100 244.7865 0.5093 2.8443
0.5382 0.0002 100.0264 369.0041 232.6658 0.5249 3.1148
3.2536 0.0000 99.9885 521.2076 225.6493 0.5050 3.4406
5.2363 0.0000 99.8874 610.8042 226.2790 0.4771 2.9404
6.3089 0.0000 99.7742 619.6156 228.9880 0.4830 2.3074
7.0193 0.0000 99.6819 561.6438 230.4687 0.4937 1.9723
7.4442 0.0000 99.6142 437.7897 232.7561 0.5009 2.0132
7.4575 0.0000 99.5808 267.7108 234.0378 0.5071 2.2635
6.9659 0.0000 99.5774 83.2252 234.1836 0.5175 2.9206
6.0910 0.0000 99.5939 0.2889 233.2118 0.5251 3.8885
5.1880 0.0000 99.6030 0.0000 232.1959 0.5289 4.2892
4.3890 0.0000 99.5838 0.0000 231.6441 0.5323 4.4215
3.7274 0.0000 99.5703 0.0000 231.2540 0.5353 4.2749
3.2530 0.0000 99.5721 0.0000 231.1297 0.5379 3.9098
2.9387 0.0000 99.5791 0.0000 231.3682 0.5402 3.6395
2.6197 0.0000 99.5537 0.0000 232.7167 0.5412 3.4665
2.3164 0.0000 99.5301 0.0000 234.3321 0.5414 3.4238
2.0525 0.0000 99.5023 0.0000 238.5754 0.5422 3.3010
1.7903 0.0000 99.4698 0.0000 246.1915 0.5433 2.7387
1.5412 0.0000 99.4455 0.0000 257.0481 0.5450 2.1591
1.3502 0.0000 99.4393 0.0000 260.1163 0.5470 2.0531
1.3029 0.0005 99.4295 0.0000 261.7091 0.5497 2.5158
1.3115 0.0015 99.4083 0.0008 259.4289 0.5532 3.2884
1.3220 0.0011 99.3637 49.6644 248.6280 0.5560 4.1327
