0.0795 0.0060 103.0699 172.2841 261.1505 0.5714 3.7544
2.0826 0.0016 103.0853 331.3239 255.2174 0.5864 3.7346
4.0234 0.0003 103.0407 520.2513 227.2485 0.5787 3.3380
5.1149 0.0002 102.9377 588.1183 230.2240 0.5717 2.8019
5.8848 0.0001 102.8214 581.7012 233.4486 0.5699 2.3363
6.4347 0.0001 102.7301 511.1439 235.9653 0.5692 1.9878
6.7026 0.0000 102.6638 386.9947 236.8549 0.5710 1.8031
6.6613 0.0000 102.6302 221.9964 237.3471 0.5736 1.7457
6.3480 0.0000 102.6291 53.2362 236.9377 0.5775 2.0040
5.8869 0.0002 102.6489 0.0000 242.9853 0.5859 2.7362
5.3415 0.0002 102.6732 0.0000 246.9438 0.5980 3.4221
4.7115 0.0002 102.6678 0.0000 244.2427 0.6103 4.1370
4.0085 0.0000 102.6462 0.0000 237.2453 0.6200 4.9107
3.3261 0.0000 102.6276 0.0000 230.3276 0.6238 5.5254
2.8198 0.0000 102.6264 0.0000 228.7290 0.6226 5.5201
2.4533 0.0000 102.6289 0.0000 227.7432 0.6166 5.0152
2.1660 0.0000 102.6125 0.0000 226.7664 0.6085 4.7216
1.9767 0.0000 102.5812 0.0000 226.1045 0.6012 4.8338
1.8402 0.0000 102.5384 0.0000 225.8420 0.5968 4.7577
1.6880 0.0000 102.5121 0.0000 225.9099 0.5953 4.2694
1.5006 0.0000 102.5110 0.0000 226.8117 0.5938 4.1998
1.4817 0.0000 102.5145 0.0000 234.3669 0.5925 4.1702
1.6292 0.0000 102.5012 0.0390 243.5944 0.5926 3.9996
1.8681 0.0000 102.4671 44.5478 253.8635 0.5952 3.9926
