0.9450 0.0060 103.0776 174.6298 261.0112 0.5831 4.0284
2.6299 0.0017 103.0946 331.8758 253.5132 0.5864 3.8229
4.0818 0.0009 103.0542 506.5791 231.1622 0.5806 3.4219
4.9434 0.0006 102.9538 572.2299 234.2698 0.5758 2.9481
5.5457 0.0005 102.8426 575.6637 233.9910 0.5755 2.5360
5.9635 0.0003 102.7550 504.0095 236.6603 0.5750 2.2062
6.1322 0.0002 102.6921 377.3894 238.4927 0.5753 2.0035
6.0415 0.0002 102.6602 214.7274 238.6337 0.5753 1.9456
5.6711 0.0002 102.6591 49.9295 238.8670 0.5780 2.2841
5.1100 0.0003 102.6789 0.0000 244.2165 0.5849 3.0698
4.4932 0.0003 102.7046 0.0000 246.9070 0.5925 3.6110
3.8760 0.0002 102.7020 0.0000 244.8469 0.5978 4.0991
3.2981 0.0001 102.6797 0.0000 237.4070 0.5997 4.6563
2.8073 0.0000 102.6595 0.0000 228.8404 0.5978 5.1176
2.4978 0.0000 102.6550 0.0000 227.3631 0.5949 5.0675
2.2886 0.0000 102.6560 0.0000 226.5496 0.5907 4.5204
2.1073 0.0000 102.6424 0.0000 225.7107 0.5856 4.1579
1.9818 0.0000 102.6085 0.0000 225.1695 0.5815 4.2936
1.8814 0.0000 102.5645 0.0000 224.9801 0.5797 4.3335
1.7546 0.0000 102.5365 0.0000 225.3955 0.5798 3.9061
1.6017 0.0000 102.5326 0.0000 227.0341 0.5793 3.7968
1.6097 0.0000 102.5298 0.0000 234.1118 0.5790 3.7599
1.7652 0.0000 102.5151 0.0357 239.8501 0.5804 3.6015
1.9931 0.0000 102.4830 50.8854 245.4892 0.5844 3.6258
