-0.0723 0.0008 100.3527 161.1929 244.0328 0.5504 6.6049
1.7841 0.0001 100.3850 346.5549 231.0106 0.5498 6.2893
3.9981 0.0000 100.3612 496.5641 230.2224 0.5462 5.6382
6.0217 0.0000 100.2835 581.1205 234.7953 0.5242 4.4398
7.6059 0.0000 100.1651 597.8530 239.7857 0.5042 3.7150
8.6370 0.0000 100.0461 548.5021 243.5635 0.5047 3.4852
9.2818 0.0000 99.9590 431.2878 246.4769 0.5099 3.3503
9.4924 0.0000 99.9069 275.4150 247.7616 0.5180 3.3866
9.1076 0.0000 99.8898 102.1889 247.9064 0.5309 3.7447
8.0317 0.0000 99.8985 3.2088 246.6265 0.5455 4.6801
6.7307 0.0000 99.9425 0.0000 244.9628 0.5546 5.0916
5.6302 0.0000 99.9746 0.0000 244.5096 0.5592 4.9200
4.8355 0.0000 99.9875 0.0000 255.4285 0.5589 4.7946
4.3168 0.0000 99.9983 0.0000 263.8407 0.5567 4.3793
3.9980 0.0000 99.9904 0.0000 267.2441 0.5522 4.2498
3.8260 0.0000 99.9560 0.0000 272.2277 0.5460 4.3421
3.7916 0.0000 99.9276 0.0000 275.2584 0.5412 4.3972
3.8616 0.0000 99.9001 0.0000 279.8340 0.5382 4.3744
3.9799 0.0000 99.8578 0.0000 283.4906 0.5368 4.4473
4.0528 0.0000 99.8060 0.0000 286.1959 0.5376 4.4589
4.0452 0.0000 99.7491 0.0000 287.6026 0.5400 4.7414
3.9220 0.0000 99.6862 0.0000 287.3487 0.5447 5.3797
3.6606 0.0000 99.7012 0.0000 282.3208 0.5508 4.8221
3.4441 0.0000 99.7590 25.0290 265.7085 0.5549 3.7573
