-2.3202 0.0024 103.0499 168.1098 256.2268 0.5014 2.9758
0.4081 0.0001 103.0565 369.7194 226.8366 0.5424 3.1662
3.2796 0.0000 103.0210 516.8561 221.3501 0.5381 3.0742
4.4946 0.0000 102.9179 576.8192 227.7031 0.5239 2.3791
5.2623 0.0000 102.8016 573.1248 231.2027 0.5212 1.8021
5.8284 0.0000 102.7059 511.3504 232.3906 0.5226 1.4197
6.1892 0.0000 102.6328 396.2797 231.4214 0.5225 1.2443
6.1989 0.0000 102.5909 231.0429 232.1146 0.5255 1.2486
5.9081 0.0000 102.5818 60.0847 231.9002 0.5305 1.4539
5.5148 0.0000 102.6039 0.0025 231.3299 0.5357 1.9674
5.0980 0.0000 102.6141 0.0000 231.3016 0.5423 2.6065
4.6415 0.0000 102.5996 0.0000 230.9022 0.5517 3.4288
4.1579 0.0000 102.5716 0.0000 230.1314 0.5659 4.2909
3.6194 0.0000 102.5583 0.0000 229.7582 0.5847 4.8361
3.0102 0.0000 102.5750 0.0000 229.2401 0.6046 4.9208
2.3428 0.0000 102.5754 0.0000 228.8634 0.6193 4.8308
1.6711 0.0000 102.5433 0.0000 228.3126 0.6268 5.0372
1.0327 0.0000 102.5214 0.0000 229.0210 0.6267 5.1013
0.3876 0.0002 102.5089 0.0000 241.7457 0.6177 4.3849
-0.2443 0.0046 102.4986 0.0000 264.4844 0.6007 3.7339
-0.7246 0.0101 102.4755 0.0000 279.0037 0.5815 3.6521
-0.8751 0.0064 102.4526 0.0000 280.8537 0.5719 3.6323
-0.8391 0.0039 102.4264 0.0000 277.4691 0.5700 3.9048
-0.6485 0.0027 102.3889 32.5518 274.8902 0.5718 4.1690
