-2.2469 0.0019 102.9543 168.4074 253.4175 0.4997 3.0418
0.3921 0.0000 102.9609 377.6974 220.6349 0.5332 3.2334
3.2546 0.0000 102.9257 513.1112 221.1239 0.5250 3.1573
4.4902 0.0000 102.8229 562.8623 230.9765 0.5104 2.4991
5.2528 0.0000 102.7101 570.7739 231.3903 0.5082 1.9300
5.8155 0.0000 102.6106 518.3288 230.1095 0.5101 1.5854
6.1719 0.0000 102.5378 400.2744 230.3157 0.5101 1.4520
6.1762 0.0000 102.4956 235.1714 230.9561 0.5125 1.4813
5.8624 0.0000 102.4865 62.8956 230.9297 0.5169 1.7722
5.4235 0.0000 102.5048 0.0067 230.5039 0.5210 2.3763
4.9703 0.0000 102.5147 0.0000 230.3371 0.5253 3.0347
4.5040 0.0000 102.4966 0.0000 229.9836 0.5315 3.7969
4.0382 0.0000 102.4683 0.0000 229.3764 0.5414 4.4725
3.5587 0.0000 102.4623 0.0000 229.0585 0.5562 4.7266
3.0524 0.0000 102.4794 0.0000 228.9032 0.5745 4.5536
2.4695 0.0000 102.4724 0.0000 229.0019 0.5917 4.4729
1.8266 0.0000 102.4361 0.0000 228.7363 0.6068 4.7747
1.1643 0.0000 102.4219 0.0000 228.8556 0.6186 4.7191
0.5274 0.0002 102.4168 0.0000 240.2519 0.6210 4.0175
-0.1453 0.0052 102.3991 0.0000 267.4491 0.6077 3.6817
-0.7656 0.0165 102.3722 0.0000 289.5103 0.5838 3.7209
-1.0056 0.0107 102.3454 0.0000 287.9105 0.5704 3.7902
-1.0357 0.0066 102.3192 0.0000 283.1150 0.5672 4.0904
-0.9463 0.0051 102.2783 29.2595 280.9328 0.5668 4.2865
