-0.2047 0.0092 101.6001 162.2199 268.2154 0.5559 2.3170
1.5303 0.0016 101.6070 336.1339 259.0083 0.5702 2.3813
3.6102 0.0000 101.5570 538.8185 226.6105 0.5669 2.5964
5.6851 0.0000 101.4445 606.4162 232.7509 0.5290 2.4197
6.8174 0.0000 101.3217 611.8931 235.2488 0.5258 2.1295
7.5784 0.0000 101.2214 551.4422 236.1095 0.5296 1.9730
7.9984 0.0000 101.1491 425.1475 238.1559 0.5328 2.0654
8.0443 0.0000 101.1172 254.1421 239.1101 0.5351 2.2734
7.6177 0.0000 101.1110 73.3565 239.0797 0.5410 2.8815
6.8082 0.0000 101.1322 0.0669 240.4840 0.5459 3.8431
5.9128 0.0000 101.1499 0.0000 235.2440 0.5481 4.3047
5.0504 0.0000 101.1445 0.0000 233.4594 0.5506 4.4131
4.3672 0.0000 101.1276 0.0000 232.1876 0.5549 4.1796
3.9004 0.0000 101.1188 0.0000 231.7459 0.5616 3.5799
3.5327 0.0000 101.1186 0.0000 231.8337 0.5718 2.8537
3.0777 0.0000 101.1057 0.0000 232.0738 0.5825 2.3720
2.5469 0.0000 101.0859 0.0000 231.7872 0.5934 2.0778
2.0280 0.0000 101.0670 0.0000 231.9421 0.6036 1.9914
1.5105 0.0000 101.0229 0.0000 232.6971 0.6131 2.0094
0.9887 0.0004 100.9849 0.0000 245.5451 0.6184 2.1354
0.4548 0.0027 100.9958 0.0000 275.4666 0.6119 2.5389
0.0912 0.0059 101.0200 0.0000 281.8405 0.6018 2.5933
-0.1841 0.0177 101.0193 0.0255 289.9002 0.5945 2.3884
-0.1925 0.0113 100.9902 38.6795 284.6073 0.5951 2.2823
