-1.0927 0.0026 102.4080 154.0204 259.0578 0.5265 3.7996
0.7287 0.0001 102.4182 311.6700 245.7662 0.5396 3.9538
3.3769 0.0000 102.3779 476.7150 234.9744 0.5184 4.1998
5.2531 0.0000 102.2748 580.9448 231.9758 0.4893 3.7413
6.3232 0.0000 102.1518 601.7513 231.5850 0.4888 3.1332
7.0438 0.0000 102.0471 550.7196 231.4570 0.4937 2.8015
7.4637 0.0000 101.9728 430.6047 233.3302 0.4977 2.7471
7.5075 0.0000 101.9304 263.7901 234.7179 0.5016 2.9060
7.1101 0.0000 101.9213 82.9246 235.3792 0.5117 3.4836
6.4672 0.0000 101.9315 0.3917 235.2698 0.5191 4.5109
5.8432 0.0000 101.9338 0.0000 235.2801 0.5238 5.2184
5.2185 0.0000 101.9088 0.0000 235.2963 0.5310 5.6411
4.5655 0.0000 101.8986 0.0000 235.0843 0.5393 5.5586
3.9757 0.0000 101.9131 0.0000 234.7276 0.5462 5.0866
3.5122 0.0000 101.9171 0.0000 234.5261 0.5506 4.8321
3.0849 0.0000 101.8890 0.0000 234.6270 0.5526 4.7168
2.7100 0.0000 101.8616 0.0000 238.7572 0.5537 4.5007
2.4155 0.0000 101.8454 0.0000 245.3229 0.5552 4.0262
2.1351 0.0000 101.8282 0.0000 252.4642 0.5568 3.5317
1.8293 0.0000 101.7961 0.0000 260.8620 0.5586 3.4171
1.5478 0.0000 101.7770 0.0000 262.2545 0.5606 3.8076
1.4307 0.0000 101.7561 0.0000 265.7008 0.5638 4.4342
1.4789 0.0000 101.7238 0.0000 267.3033 0.5682 5.0886
1.6135 0.0001 101.6786 39.6542 253.1132 0.5722 5.4966
