-1.5392 0.0032 98.8869 127.0109 259.6533 0.5085 4.3939
0.0809 0.0002 98.9137 317.5490 230.2348 0.5126 4.3005
2.1605 0.0000 98.8902 471.1430 227.7401 0.5119 4.1316
4.0893 0.0000 98.8107 563.7560 229.3967 0.4958 3.5652
5.4189 0.0000 98.6958 589.4901 230.6923 0.4841 2.9575
6.3202 0.0000 98.5885 539.0357 234.6257 0.4837 2.8597
6.8353 0.0000 98.5049 421.3759 238.7173 0.4860 2.9125
6.8690 0.0000 98.4699 266.8521 239.1675 0.4904 3.0734
6.2854 0.0000 98.4550 95.9279 237.8987 0.5005 3.6493
5.1694 0.0000 98.4612 2.1998 235.2648 0.5095 4.6030
4.1151 0.0000 98.4852 0.0000 232.2083 0.5084 4.5556
3.3761 0.0000 98.4997 0.0000 230.2538 0.5051 3.7471
2.9057 0.0000 98.5096 0.0000 230.4187 0.5012 3.1252
2.6001 0.0000 98.5046 0.0000 237.9805 0.4974 2.7816
2.4243 0.0000 98.4899 0.0000 245.9372 0.4954 2.5344
2.3867 0.0000 98.4584 0.0000 255.6019 0.4951 2.3098
2.4590 0.0000 98.4345 0.0000 261.7452 0.4961 2.1785
2.5674 0.0000 98.4132 0.0000 266.4091 0.4986 2.1460
2.6337 0.0000 98.3802 0.0000 271.4966 0.5023 2.3054
2.5954 0.0000 98.3351 0.0000 277.0713 0.5064 2.5271
2.4860 0.0000 98.2925 0.0000 279.7595 0.5104 2.5798
2.3000 0.0000 98.2401 0.0000 281.8043 0.5141 3.1124
1.9724 0.0000 98.2178 0.0000 279.9630 0.5183 3.5178
1.8808 0.0000 98.2559 16.0431 279.6768 0.5225 2.7889
