0.3626 0.0035 103.0542 184.3907 258.4253 0.5753 4.0827
2.4762 0.0008 103.0690 365.6143 243.2739 0.5910 4.0877
4.2829 0.0001 103.0228 533.4166 226.3078 0.5818 3.6354
5.3274 0.0001 102.9217 598.3443 229.2893 0.5732 3.0743
6.0914 0.0001 102.8060 578.3667 236.4054 0.5686 2.5599
6.6471 0.0001 102.7153 513.2393 237.0890 0.5662 2.2065
6.9198 0.0000 102.6474 392.4258 236.7078 0.5682 2.0466
6.8896 0.0000 102.6132 225.5774 236.6709 0.5719 1.9860
6.5961 0.0000 102.6121 54.2721 237.4437 0.5768 2.1632
6.1974 0.0001 102.6361 0.0000 240.1044 0.5849 2.7319
5.7627 0.0001 102.6575 0.0000 241.6752 0.5968 3.3129
5.2587 0.0000 102.6505 0.0000 237.6283 0.6107 3.9855
4.6792 0.0000 102.6275 0.0000 232.8761 0.6245 4.7378
4.1019 0.0000 102.6096 0.0000 231.0178 0.6339 5.3390
3.6378 0.0000 102.6058 0.0000 229.8723 0.6369 5.3432
3.2422 0.0000 102.6052 0.0000 229.2472 0.6331 4.9377
2.9030 0.0000 102.5858 0.0000 228.4275 0.6261 4.7691
2.6358 0.0000 102.5593 0.0000 227.7750 0.6188 4.8899
2.4122 0.0000 102.5153 0.0000 227.2667 0.6139 4.8517
2.2160 0.0000 102.4823 0.0000 226.9711 0.6123 4.5125
2.0044 0.0000 102.4834 0.0000 227.4656 0.6120 4.5378
1.9575 0.0000 102.4991 0.0000 232.0328 0.6119 4.5789
2.0857 0.0000 102.4932 0.0842 246.3485 0.6120 4.3638
2.3281 0.0000 102.4604 45.2086 256.3525 0.6132 4.2364
