-0.2287 0.0102 101.3993 162.4647 269.2300 0.5551 2.3197
1.4629 0.0015 101.4064 339.6223 257.8119 0.5680 2.4047
3.6027 0.0000 101.3563 542.6808 225.9005 0.5628 2.6075
5.7506 0.0000 101.2424 611.5744 232.0280 0.5274 2.4506
6.8815 0.0000 101.1212 615.6632 234.9482 0.5270 2.1727
7.6604 0.0000 101.0209 553.3646 236.4340 0.5314 2.0092
8.0906 0.0000 100.9486 426.7730 238.5756 0.5349 2.0940
8.1440 0.0000 100.9183 255.4298 239.6210 0.5372 2.2922
7.7315 0.0000 100.9133 74.1008 239.7553 0.5430 2.8838
6.9440 0.0000 100.9331 0.0776 243.1447 0.5477 3.8161
6.0574 0.0000 100.9510 0.0000 235.8818 0.5496 4.2651
5.1770 0.0000 100.9456 0.0000 234.0303 0.5521 4.3677
4.4529 0.0000 100.9303 0.0000 232.6356 0.5565 4.1145
3.9419 0.0000 100.9215 0.0000 232.0660 0.5631 3.5039
3.5419 0.0000 100.9197 0.0000 232.0216 0.5728 2.7724
3.0706 0.0000 100.9067 0.0000 232.1722 0.5825 2.2406
2.5346 0.0000 100.8886 0.0000 231.8869 0.5916 1.8982
2.0174 0.0000 100.8697 0.0000 232.0868 0.5996 1.8183
1.5023 0.0000 100.8240 0.0000 233.2237 0.6072 1.8683
0.9887 0.0003 100.7844 0.0000 246.5540 0.6119 2.0075
0.4793 0.0020 100.7953 0.0000 270.8615 0.6081 2.4527
0.0960 0.0049 100.8197 0.0000 274.8446 0.5992 2.5802
-0.2268 0.0181 100.8206 0.0325 287.8973 0.5905 2.3560
-0.2647 0.0125 100.7917 40.0312 283.2873 0.5904 2.1957
