1.4256 0.0000 101.8075 159.4614 257.4812 0.6151 5.9943
3.2025 0.0000 101.8347 333.4667 245.3896 0.6236 5.5107
5.4681 0.0000 101.8092 482.9478 245.3380 0.6193 5.1546
7.5551 0.0000 101.7288 577.0348 248.3114 0.5747 4.7984
8.9214 0.0000 101.6138 594.1773 252.0628 0.5320 4.5978
9.6968 0.0000 101.5016 559.7036 250.1675 0.5149 4.7527
10.0715 0.0000 101.4219 442.6049 250.8723 0.5111 5.0187
10.0822 0.0000 101.3750 284.7213 251.1398 0.5117 5.3727
9.5329 0.0000 101.3595 107.3226 250.4750 0.5297 5.6540
8.4578 0.0000 101.3745 3.4349 248.6279 0.5525 6.2231
7.3308 0.0000 101.4083 0.0000 247.1108 0.5654 6.5237
6.3679 0.0000 101.4197 0.0000 249.3408 0.5763 6.6356
5.6134 0.0000 101.4240 0.0000 259.2578 0.5850 6.5006
5.0553 0.0000 101.4404 0.0000 268.4326 0.5927 6.0619
4.6442 0.0000 101.4308 0.0000 273.9657 0.5980 5.9506
4.3515 0.0000 101.3984 0.0000 277.8716 0.5997 5.9762
4.1649 0.0000 101.3681 0.0000 282.8089 0.5987 5.8616
4.0278 0.0000 101.3423 0.0000 285.1548 0.5976 5.6989
3.9039 0.0000 101.3036 0.0000 286.7267 0.5965 5.7001
3.7679 0.0000 101.2614 0.0000 286.6120 0.5966 5.6183
3.6359 0.0000 101.2204 0.0000 283.9972 0.5980 5.5959
3.5280 0.0000 101.1655 0.0000 279.3244 0.6017 5.8723
3.3863 0.0000 101.1645 0.0000 258.6256 0.6093 5.2311
3.2346 0.0000 101.2173 37.4608 250.1984 0.6158 4.0667
