-0.8258 0.0020 99.2511 154.8679 245.1829 0.5264 6.2825
0.9818 0.0002 99.2820 339.0297 229.8834 0.5273 5.9555
3.1463 0.0000 99.2574 490.0273 228.9021 0.5282 5.3480
5.1434 0.0000 99.1808 578.5424 231.7966 0.5121 4.2515
6.7619 0.0000 99.0647 598.0286 235.7965 0.4934 3.4182
7.8349 0.0000 98.9515 547.2130 240.1559 0.4941 3.2006
8.5140 0.0000 98.8647 429.3685 243.6895 0.4981 3.0814
8.7011 0.0000 98.8184 273.8647 244.6908 0.5058 3.1508
8.2212 0.0000 98.8012 100.8950 244.2651 0.5186 3.6849
6.9731 0.0000 98.8097 2.8897 242.0757 0.5328 4.8522
5.5516 0.0000 98.8501 0.0000 239.2816 0.5390 5.1382
4.4515 0.0000 98.8809 0.0000 237.5544 0.5397 4.6795
3.7332 0.0000 98.8929 0.0000 244.6458 0.5354 4.4141
3.3206 0.0000 98.8976 0.0000 255.5666 0.5295 3.9138
3.1391 0.0000 98.8886 0.0000 260.4075 0.5227 3.6879
3.1248 0.0000 98.8532 0.0000 266.9417 0.5165 3.7106
3.2436 0.0000 98.8255 0.0000 270.6361 0.5135 3.7983
3.4345 0.0000 98.7996 0.0000 275.3800 0.5130 3.8526
3.6238 0.0000 98.7601 0.0000 280.1175 0.5139 4.0128
3.7236 0.0000 98.7098 0.0000 283.5422 0.5162 4.0806
3.7173 0.0000 98.6587 0.0000 285.3910 0.5193 4.2283
3.5688 0.0000 98.5978 0.0000 286.3758 0.5233 4.8784
3.2424 0.0000 98.6008 0.0000 285.0390 0.5277 4.6911
3.0423 0.0000 98.6569 22.5331 269.0398 0.5306 3.6275
