-0.5187 0.0005 101.8771 146.1796 258.9942 0.5394 4.7021
1.2674 0.0000 101.8931 346.3177 228.8678 0.5440 4.5658
3.7113 0.0000 101.8586 502.0694 226.6075 0.5172 4.6136
5.5753 0.0000 101.7618 595.0321 228.1018 0.4873 4.2217
6.6003 0.0000 101.6459 611.5683 229.5463 0.4847 3.7203
7.2806 0.0000 101.5416 555.6912 231.9767 0.4883 3.5335
7.6034 0.0000 101.4656 433.9236 234.9791 0.4944 3.6156
7.5626 0.0000 101.4270 268.7270 237.0696 0.5000 3.7622
7.0685 0.0000 101.4179 89.2086 238.2969 0.5137 4.2275
6.3061 0.0000 101.4222 0.9305 238.1526 0.5234 5.0710
5.5954 0.0000 101.4231 0.0000 237.5667 0.5251 5.5351
4.9728 0.0000 101.4131 0.0000 236.8030 0.5282 5.4576
4.4366 0.0000 101.4126 0.0000 236.0213 0.5336 4.9017
3.9725 0.0000 101.4203 0.0000 236.0149 0.5398 4.4503
3.5501 0.0000 101.4109 0.0000 237.8138 0.5459 4.2468
3.1509 0.0000 101.3857 0.0000 241.9242 0.5514 3.9410
2.8194 0.0000 101.3608 0.0000 251.3606 0.5554 3.4844
2.5719 0.0000 101.3417 0.0000 257.7599 0.5585 3.1191
2.3126 0.0000 101.3189 0.0000 264.1196 0.5615 3.0617
2.0090 0.0000 101.2862 0.0000 266.3990 0.5642 3.3281
1.7343 0.0000 101.2542 0.0000 269.8238 0.5663 3.7547
1.6439 0.0000 101.2290 0.0000 272.6219 0.5684 4.0585
1.7312 0.0000 101.1855 0.0000 270.1363 0.5702 4.4799
1.9315 0.0000 101.1646 29.8244 268.7546 0.5719 4.1803
