-2.0488 0.0002 102.6268 143.5773 247.5281 0.4892 4.3842
-0.1767 0.0000 102.6496 301.4252 232.8796 0.5075 4.0203
2.6011 0.0000 102.6250 451.2402 229.3811 0.4912 4.0202
4.4084 0.0000 102.5297 555.6930 226.7036 0.4640 3.4966
5.3143 0.0000 102.4033 581.3981 224.6915 0.4578 2.8594
5.9499 0.0000 102.2944 526.7233 226.3482 0.4577 2.4854
6.3652 0.0000 102.2106 409.7945 228.5877 0.4576 2.3412
6.4326 0.0000 102.1682 247.9758 230.6372 0.4595 2.4276
6.1560 0.0000 102.1565 76.3580 231.6725 0.4653 2.8526
5.6669 0.0000 102.1570 0.3609 231.6261 0.4707 3.7297
5.0711 0.0000 102.1594 0.0000 231.3188 0.4752 4.6482
4.3940 0.0000 102.1418 0.0000 230.9876 0.4821 5.3531
3.7133 0.0000 102.1315 0.0000 230.6144 0.4906 5.5526
3.1122 0.0000 102.1533 0.0000 230.3880 0.4992 5.3187
2.5993 0.0000 102.1506 0.0000 230.2770 0.5079 5.4163
2.0847 0.0000 102.1174 0.0000 230.3742 0.5161 5.6140
1.5940 0.0000 102.1057 0.0000 234.5633 0.5230 5.1868
1.2093 0.0000 102.1092 0.0000 243.3990 0.5287 4.8157
0.9252 0.0000 102.0914 0.0000 249.1993 0.5333 4.8297
0.7068 0.0000 102.0412 0.0000 255.5944 0.5380 5.1198
0.5353 0.0000 101.9884 0.0000 256.1273 0.5449 5.5471
0.4383 0.0000 101.9494 0.0000 259.2763 0.5558 5.8294
0.3477 0.0000 101.9079 0.0000 265.2772 0.5681 5.9909
0.1855 0.0004 101.8802 23.0912 270.1378 0.5786 5.7456
