-1.3245 0.0038 103.0621 171.1898 261.2906 0.5378 3.1571
1.0528 0.0007 103.0756 356.1690 242.2221 0.5699 3.2801
3.5675 0.0001 103.0329 524.6670 225.1072 0.5647 3.0718
4.8028 0.0001 102.9296 582.4877 231.0925 0.5503 2.4755
5.6064 0.0000 102.8139 568.4104 237.1307 0.5439 1.9343
6.2065 0.0000 102.7206 515.2300 235.1166 0.5413 1.5874
6.5494 0.0000 102.6485 396.3951 234.6996 0.5414 1.4331
6.5846 0.0000 102.6101 230.3610 235.0912 0.5431 1.3987
6.3384 0.0000 102.6051 58.5043 235.0815 0.5474 1.5837
5.9837 0.0001 102.6256 0.0004 236.4513 0.5546 2.1281
5.5925 0.0001 102.6413 0.0000 237.4756 0.5650 2.7771
5.1378 0.0000 102.6272 0.0000 236.0348 0.5787 3.5821
4.6008 0.0000 102.6028 0.0000 233.2911 0.5955 4.4484
3.9821 0.0000 102.5850 0.0000 231.3466 0.6129 5.0879
3.3771 0.0000 102.5941 0.0000 230.7027 0.6277 5.1573
2.7864 0.0000 102.5926 0.0000 230.1774 0.6357 4.9133
2.2391 0.0000 102.5704 0.0000 229.3404 0.6367 4.8958
1.7896 0.0000 102.5434 0.0000 228.9085 0.6332 5.0287
1.3880 0.0001 102.5135 0.0000 234.2810 0.6263 4.6676
0.9892 0.0012 102.4923 0.0000 245.9867 0.6161 4.0728
0.6436 0.0030 102.4889 0.0000 253.0731 0.6054 4.0186
0.5347 0.0024 102.4914 0.0000 259.0811 0.5990 3.9911
0.6447 0.0011 102.4722 0.0164 265.3143 0.5980 3.9699
0.9022 0.0004 102.4369 39.1478 265.9211 0.6008 4.0876
