-2.0812 0.0013 103.0824 173.8373 250.5674 0.5052 3.0915
0.5802 0.0001 103.0890 379.1705 219.8009 0.5388 3.1688
3.2606 0.0000 103.0549 508.9065 221.9451 0.5303 2.8170
4.3976 0.0000 102.9531 572.2905 227.0531 0.5182 2.1501
5.1402 0.0000 102.8354 573.1209 229.1727 0.5163 1.6542
5.6818 0.0000 102.7398 507.4647 231.6631 0.5180 1.3126
6.0024 0.0000 102.6680 388.1462 232.1576 0.5190 1.1393
5.9884 0.0000 102.6295 226.4293 231.8907 0.5218 1.1571
5.6899 0.0000 102.6204 58.0878 231.2016 0.5250 1.4050
5.2981 0.0000 102.6426 0.0011 231.2293 0.5283 1.9179
4.8841 0.0000 102.6514 0.0000 234.5389 0.5344 2.4856
4.4149 0.0000 102.6382 0.0000 233.4900 0.5442 3.2442
3.8776 0.0000 102.6137 0.0000 229.6972 0.5585 4.0987
3.2424 0.0000 102.5989 0.0000 228.9075 0.5761 4.7070
2.5533 0.0000 102.6123 0.0000 228.0055 0.5917 4.8477
1.8707 0.0000 102.6188 0.0000 227.3624 0.6019 4.6894
1.2509 0.0000 102.5901 0.0000 226.8017 0.6054 4.7261
0.6938 0.0000 102.5634 0.0000 226.8014 0.6029 4.6692
0.2066 0.0001 102.5544 0.0000 234.1176 0.5957 3.9095
-0.2089 0.0025 102.5359 0.0000 249.4677 0.5850 3.2493
-0.5164 0.0058 102.5080 0.0000 260.6309 0.5727 3.1838
-0.5754 0.0044 102.4802 0.0000 267.5978 0.5653 3.3140
-0.5278 0.0038 102.4540 0.0000 258.9329 0.5618 3.6915
-0.4036 0.0030 102.4180 37.8413 260.7378 0.5609 3.9564
