-1.7196 0.0051 102.5139 162.6981 260.0322 0.5117 2.5521
0.3472 0.0003 102.5215 337.7678 244.9713 0.5367 2.9143
3.3142 0.0000 102.4788 472.7631 236.6313 0.5254 3.4357
5.0088 0.0000 102.3752 556.0650 238.8831 0.5017 2.9501
5.9932 0.0000 102.2558 588.0295 233.9202 0.5011 2.3753
6.7029 0.0000 102.1535 540.7185 231.5144 0.5044 2.0400
7.1348 0.0000 102.0763 420.6996 232.6763 0.5065 1.9368
7.1686 0.0000 102.0368 252.8479 233.6550 0.5097 2.0546
6.7977 0.0000 102.0277 74.1036 233.7488 0.5163 2.6366
6.1486 0.0000 102.0432 0.1026 233.0174 0.5219 3.7137
5.4364 0.0000 102.0516 0.0000 232.2636 0.5251 4.5399
4.7246 0.0000 102.0302 0.0000 231.4379 0.5282 5.1420
4.0847 0.0000 102.0078 0.0000 230.7405 0.5309 5.3563
3.5819 0.0000 102.0160 0.0000 230.3684 0.5345 5.0118
3.2009 0.0000 102.0322 0.0000 230.5115 0.5395 4.5074
2.8097 0.0000 102.0073 0.0000 230.8312 0.5451 4.2760
2.3807 0.0000 101.9801 0.0000 230.9390 0.5530 4.2491
1.9448 0.0000 101.9611 0.0000 232.7203 0.5643 3.9869
1.5061 0.0000 101.9442 0.0000 238.0021 0.5762 3.3668
1.0667 0.0003 101.9208 0.0000 248.9465 0.5862 3.1041
0.6173 0.0024 101.9069 0.0000 265.2075 0.5923 3.3578
0.2722 0.0049 101.8922 0.0000 277.3619 0.5934 3.9083
0.0521 0.0086 101.8679 0.0000 283.3467 0.5930 4.5223
0.0619 0.0033 101.8236 32.7990 279.0674 0.5959 4.9996
