-0.9843 0.0021 101.7169 111.0222 270.1921 0.5291 3.7772
0.5564 0.0000 101.7397 299.4371 234.9977 0.5306 3.8966
2.7067 0.0000 101.7122 467.6835 227.0450 0.5173 4.1631
4.5719 0.0000 101.6185 558.4203 230.0880 0.4971 4.0663
5.6355 0.0000 101.4954 584.8717 229.9929 0.4920 3.5810
6.4255 0.0000 101.3790 532.5685 233.8882 0.4892 3.3252
6.8458 0.0000 101.2922 417.5221 237.4198 0.4900 3.2931
6.8857 0.0000 101.2528 259.7810 239.4174 0.4914 3.3699
6.4929 0.0000 101.2411 89.1269 239.6797 0.4979 3.7421
5.8443 0.0000 101.2441 1.5009 238.2330 0.5040 4.4822
5.2435 0.0000 101.2507 0.0000 236.1722 0.5026 4.6890
4.7290 0.0000 101.2526 0.0000 234.2779 0.5013 4.2145
4.2863 0.0000 101.2636 0.0000 233.1825 0.5008 3.5302
3.8797 0.0000 101.2590 0.0000 233.5592 0.5008 3.2588
3.4532 0.0000 101.2443 0.0000 236.8613 0.5030 3.0860
3.0394 0.0000 101.2211 0.0000 247.6473 0.5073 2.6854
2.6910 0.0000 101.1984 0.0000 256.3501 0.5128 2.3992
2.3845 0.0000 101.1835 0.0000 262.1487 0.5194 2.3266
2.0609 0.0000 101.1549 0.0000 265.0016 0.5273 2.5275
1.7052 0.0000 101.1054 0.0000 271.4976 0.5367 2.9748
1.3640 0.0000 101.0636 0.0000 276.2709 0.5470 3.2232
1.1151 0.0000 101.0210 0.0000 278.1582 0.5558 3.5546
0.9209 0.0000 100.9825 0.0000 278.2036 0.5632 3.8966
0.8795 0.0000 101.0071 19.3833 275.7536 0.5689 3.2119
