0.0415 0.0070 102.5056 163.3297 269.2153 0.5696 2.6475
1.7079 0.0015 102.5156 331.3399 261.8321 0.5856 2.5243
3.7028 0.0000 102.4669 527.9271 230.4271 0.5857 2.6212
5.4635 0.0000 102.3574 582.3435 238.4806 0.5478 2.3639
6.5362 0.0000 102.2333 595.9190 237.9285 0.5337 2.0674
7.2322 0.0000 102.1327 538.2430 237.5234 0.5311 1.9663
7.6093 0.0000 102.0598 417.1435 237.5128 0.5310 2.0724
7.6399 0.0000 102.0265 247.0906 238.1320 0.5318 2.2541
7.2456 0.0000 102.0173 68.6645 237.7667 0.5369 2.7967
6.5309 0.0000 102.0400 0.0204 236.1576 0.5424 3.6910
5.8042 0.0000 102.0566 0.0000 234.4333 0.5462 4.1733
5.1756 0.0000 102.0480 0.0000 233.1109 0.5515 4.3874
4.7052 0.0000 102.0246 0.0000 232.3672 0.5606 4.3647
4.3511 0.0000 102.0129 0.0000 232.3259 0.5752 3.9942
4.0117 0.0000 102.0146 0.0000 232.7293 0.5947 3.3953
3.5441 0.0000 102.0027 0.0000 233.1396 0.6140 3.0492
2.9789 0.0000 101.9819 0.0000 232.8174 0.6315 2.8833
2.4248 0.0000 101.9633 0.0000 232.5049 0.6458 2.7894
1.8846 0.0001 101.9254 0.0000 235.0221 0.6555 2.7258
1.3283 0.0009 101.8897 0.0000 248.3950 0.6548 2.7367
0.7630 0.0039 101.8982 0.0000 281.5758 0.6405 2.9653
0.4708 0.0061 101.9247 0.0000 292.6160 0.6274 2.8849
0.3522 0.0124 101.9229 0.0354 291.2890 0.6216 2.7340
0.4536 0.0065 101.8922 38.8011 284.3295 0.6221 2.6933
