-2.0178 0.0011 103.1118 174.9912 250.0574 0.5075 3.0577
0.6759 0.0000 103.1184 382.7015 218.0750 0.5410 3.1332
3.2913 0.0000 103.0836 508.7209 221.8908 0.5326 2.7074
4.3985 0.0000 102.9812 572.1372 226.7773 0.5222 2.0562
5.1417 0.0000 102.8629 574.1273 228.4095 0.5208 1.5935
5.6840 0.0000 102.7685 505.4914 231.8050 0.5226 1.2594
5.9946 0.0000 102.6961 384.1835 232.9476 0.5240 1.0714
5.9678 0.0000 102.6598 223.2673 232.4502 0.5270 1.0773
5.6671 0.0000 102.6507 56.5612 231.4202 0.5296 1.3210
5.2813 0.0000 102.6742 0.0003 231.7111 0.5324 1.8253
4.8679 0.0000 102.6837 0.0000 237.0915 0.5389 2.3774
4.3812 0.0000 102.6711 0.0000 235.5708 0.5498 3.1382
3.7966 0.0000 102.6488 0.0000 229.8202 0.5650 4.0432
3.0858 0.0000 102.6322 0.0000 228.7932 0.5823 4.7473
2.3246 0.0000 102.6433 0.0000 227.5382 0.5947 4.9685
1.6114 0.0000 102.6533 0.0000 226.5678 0.6004 4.7578
1.0120 0.0000 102.6281 0.0000 225.8608 0.5991 4.6715
0.5035 0.0000 102.5973 0.0000 225.5967 0.5925 4.5953
0.0992 0.0001 102.5879 0.0000 229.8729 0.5840 3.8080
-0.1906 0.0013 102.5681 0.0000 241.0260 0.5757 3.0452
-0.3704 0.0030 102.5399 0.0000 248.7084 0.5675 2.9444
-0.3368 0.0027 102.5119 0.0000 259.0989 0.5622 3.1005
-0.2260 0.0027 102.4856 0.0000 246.8722 0.5591 3.5201
-0.0845 0.0022 102.4502 41.8269 250.8381 0.5581 3.8247
