-0.1808 0.0082 101.8008 161.9751 267.2008 0.5566 2.3144
1.5976 0.0018 101.8075 332.6454 260.2048 0.5725 2.3578
3.6177 0.0000 101.7578 534.9562 227.3205 0.5709 2.5853
5.6197 0.0000 101.6466 601.2579 233.4739 0.5305 2.3887
6.7533 0.0000 101.5222 608.1231 235.5494 0.5247 2.0862
7.4965 0.0000 101.4219 549.5199 235.7849 0.5278 1.9369
7.9061 0.0000 101.3496 423.5219 237.7362 0.5307 2.0369
7.9446 0.0000 101.3161 252.8545 238.5992 0.5330 2.2547
7.5039 0.0000 101.3087 72.6122 238.4041 0.5390 2.8793
6.6724 0.0000 101.3314 0.0562 237.8232 0.5441 3.8701
5.7682 0.0000 101.3488 0.0000 234.6062 0.5465 4.3443
4.9238 0.0000 101.3434 0.0000 232.8885 0.5491 4.4584
4.2815 0.0000 101.3249 0.0000 231.7397 0.5533 4.2448
3.8590 0.0000 101.3161 0.0000 231.4257 0.5601 3.6559
3.5235 0.0000 101.3175 0.0000 231.6458 0.5707 2.9350
3.0848 0.0000 101.3046 0.0000 231.9754 0.5826 2.5035
2.5593 0.0000 101.2832 0.0000 231.6875 0.5953 2.2574
2.0385 0.0000 101.2643 0.0000 231.7974 0.6076 2.1645
1.5188 0.0000 101.2218 0.0000 232.1705 0.6192 2.1505
0.9887 0.0005 101.1854 0.0000 244.5363 0.6248 2.2634
0.4304 0.0034 101.1963 0.0000 280.0716 0.6158 2.6252
0.0864 0.0069 101.2203 0.0000 288.8365 0.6045 2.6064
-0.1414 0.0173 101.2180 0.0185 291.9032 0.5985 2.4208
-0.1203 0.0100 101.1887 37.3278 285.9273 0.5997 2.3690
