-1.4788 0.0036 99.7300 187.5646 250.1856 0.5092 2.4873
0.4960 0.0002 99.7366 372.9695 233.9542 0.5263 2.8588
3.0042 0.0000 99.7003 527.5259 225.1729 0.5132 3.2263
5.0645 0.0000 99.5982 618.8097 224.3300 0.4828 2.7807
6.2089 0.0000 99.4833 624.3437 228.0988 0.4873 2.1715
6.9453 0.0000 99.3911 562.2122 230.7309 0.4985 1.8020
7.3858 0.0000 99.3251 437.2876 233.1112 0.5061 1.7985
7.4262 0.0000 99.2919 266.4930 234.4688 0.5123 2.0214
6.9823 0.0000 99.2901 81.8894 234.6355 0.5217 2.6590
6.1429 0.0000 99.3066 0.2308 233.5705 0.5284 3.6262
5.2020 0.0000 99.3168 0.0000 232.1008 0.5318 4.0269
4.2934 0.0000 99.3017 0.0000 231.0965 0.5342 4.1553
3.5296 0.0000 99.2887 0.0000 230.3666 0.5359 4.0321
2.9869 0.0000 99.2878 0.0000 230.0867 0.5375 3.6771
2.6240 0.0000 99.2957 0.0000 230.2385 0.5394 3.3502
2.2611 0.0000 99.2733 0.0000 231.1507 0.5401 3.0710
1.9043 0.0000 99.2509 0.0000 231.9855 0.5398 2.9386
1.5943 0.0000 99.2234 0.0000 235.0168 0.5398 2.8797
1.2938 0.0000 99.1851 0.0000 240.3807 0.5400 2.4710
1.0210 0.0000 99.1590 0.0000 254.7038 0.5410 1.9614
0.8287 0.0000 99.1584 0.0000 259.2932 0.5425 1.8587
0.7927 0.0003 99.1522 0.0000 256.2611 0.5454 2.2277
0.7739 0.0008 99.1370 0.0018 257.1456 0.5501 2.8546
0.7147 0.0013 99.0936 53.2453 245.6660 0.5540 3.6422
