-2.0456 0.0024 102.7770 165.3322 254.6941 0.5023 2.8551
0.3544 0.0002 102.7861 360.4352 229.7844 0.5308 3.1684
3.2888 0.0000 102.7462 476.9603 232.4332 0.5196 3.4579
4.6806 0.0000 102.6477 544.1265 237.9667 0.5040 2.8600
5.5592 0.0000 102.5310 583.6873 230.5237 0.5020 2.2722
6.2115 0.0000 102.4276 530.8113 229.9887 0.5038 1.9448
6.6319 0.0000 102.3480 412.4441 230.5066 0.5039 1.8201
6.6672 0.0000 102.3099 245.7321 231.4977 0.5062 1.8825
6.3397 0.0000 102.3008 69.8512 231.7389 0.5115 2.3146
5.8160 0.0000 102.3159 0.0558 231.3122 0.5167 3.1908
5.2488 0.0000 102.3243 0.0000 230.9109 0.5206 4.0413
4.6551 0.0000 102.3038 0.0000 230.2901 0.5245 4.8056
4.0875 0.0000 102.2774 0.0000 229.6707 0.5293 5.2325
3.6118 0.0000 102.2833 0.0000 229.3246 0.5364 5.0717
3.2137 0.0000 102.3011 0.0000 229.4184 0.5461 4.6275
2.7689 0.0000 102.2804 0.0000 229.7433 0.5571 4.5177
2.2520 0.0000 102.2478 0.0000 229.6027 0.5709 4.6561
1.6970 0.0000 102.2362 0.0000 230.4743 0.5876 4.3689
1.1636 0.0001 102.2289 0.0000 238.1335 0.6014 3.7559
0.6351 0.0017 102.2044 0.0000 255.8994 0.6067 3.6904
0.0795 0.0079 102.1795 0.0000 275.1891 0.6025 3.9924
-0.2962 0.0077 102.1553 0.0000 285.8055 0.5945 4.3701
-0.4698 0.0078 102.1314 0.0000 290.9298 0.5900 4.7384
-0.3765 0.0037 102.0881 26.1994 289.3069 0.5922 4.9100
