-1.4386 0.0062 102.5202 163.9330 263.8576 0.5222 2.3516
0.4321 0.0005 102.5286 339.6594 249.9361 0.5468 2.6169
3.2575 0.0000 102.4868 485.1302 236.1152 0.5395 3.1216
4.9534 0.0000 102.3808 555.1544 241.3139 0.5136 2.6996
5.8998 0.0000 102.2629 582.1442 237.0902 0.5109 2.1867
6.5866 0.0000 102.1634 537.5379 233.3170 0.5122 1.8933
6.9864 0.0000 102.0883 418.7768 233.6103 0.5136 1.8239
7.0126 0.0000 102.0490 250.4284 234.3489 0.5158 1.9381
6.6451 0.0000 102.0398 71.8640 234.1869 0.5211 2.5118
5.9852 0.0000 102.0563 0.0564 233.1280 0.5257 3.5527
5.2732 0.0000 102.0667 0.0000 232.0286 0.5278 4.2796
4.6117 0.0000 102.0463 0.0000 231.0559 0.5298 4.7788
4.0747 0.0000 102.0223 0.0000 230.4269 0.5327 4.9809
3.6568 0.0000 102.0243 0.0000 230.2761 0.5384 4.6975
3.3063 0.0000 102.0389 0.0000 230.6606 0.5473 4.1986
2.9059 0.0000 102.0164 0.0000 231.1196 0.5572 3.9138
2.4480 0.0000 101.9924 0.0000 231.1027 0.5683 3.8847
1.9841 0.0000 101.9683 0.0000 231.6069 0.5812 3.7725
1.5115 0.0000 101.9467 0.0000 235.3786 0.5938 3.2282
1.0318 0.0004 101.9249 0.0000 246.5675 0.6024 2.8361
0.5524 0.0027 101.9186 0.0000 267.5347 0.6052 2.9692
0.2022 0.0055 101.9143 0.0000 280.8130 0.6045 3.3860
-0.0236 0.0099 101.8925 0.0011 284.6324 0.6032 3.9450
-0.0250 0.0038 101.8511 34.8896 280.6271 0.6051 4.4407
