-0.7067 0.0002 100.2627 174.1272 248.6959 0.5361 4.4821
1.5022 0.0000 100.2741 396.3585 216.0406 0.5452 4.2187
4.4140 0.0000 100.2424 539.0231 219.6483 0.5175 4.2504
6.4589 0.0000 100.1525 617.7121 226.0506 0.4829 3.7598
7.5427 0.0000 100.0430 627.2546 230.1164 0.4762 3.2960
8.1853 0.0000 99.9492 568.4120 233.6956 0.4795 3.2886
8.4167 0.0000 99.8764 443.1373 237.1041 0.4876 3.5588
8.2523 0.0000 99.8460 276.2833 239.0405 0.4967 3.8346
7.5437 0.0000 99.8374 93.8724 239.9435 0.5151 4.4019
6.4298 0.0000 99.8495 1.1742 239.0808 0.5294 5.1980
5.3877 0.0000 99.8563 0.0000 237.5602 0.5340 5.4017
4.6017 0.0000 99.8523 0.0000 236.0842 0.5373 4.9782
4.0570 0.0000 99.8522 0.0000 235.0568 0.5398 4.2923
3.6702 0.0000 99.8543 0.0000 237.2366 0.5417 3.8313
3.3838 0.0000 99.8481 0.0000 242.1664 0.5438 3.4350
3.1702 0.0000 99.8216 0.0000 247.7636 0.5455 3.0970
3.0189 0.0000 99.7913 0.0000 256.1754 0.5470 2.8235
2.9056 0.0000 99.7680 0.0000 263.0937 0.5486 2.5746
2.7428 0.0000 99.7424 0.0000 268.6019 0.5505 2.2794
2.5390 0.0000 99.7166 0.0000 270.3011 0.5520 2.2919
2.3667 0.0000 99.6855 0.0000 272.9234 0.5535 2.6174
2.3834 0.0000 99.6662 0.0000 273.6075 0.5557 2.9955
2.5870 0.0000 99.6214 0.0000 267.0385 0.5577 3.5604
2.8630 0.0000 99.6002 30.2820 273.5684 0.5600 3.4002
