-1.7203 0.0021 102.8638 156.2152 255.0866 0.5103 3.8484
0.3183 0.0001 102.8818 321.2785 238.0551 0.5288 3.9191
3.0747 0.0000 102.8466 446.8678 237.6337 0.5128 4.0276
4.6059 0.0000 102.7468 549.0450 234.7617 0.4908 3.3222
5.5767 0.0000 102.6279 586.6796 228.9019 0.4863 2.6444
6.2748 0.0000 102.5185 535.8861 228.3803 0.4886 2.2657
6.7342 0.0000 102.4360 416.9523 230.0758 0.4892 2.1224
6.8294 0.0000 102.3936 251.1861 231.6661 0.4919 2.2266
6.5646 0.0000 102.3845 75.1219 232.6169 0.4991 2.6763
6.1115 0.0000 102.3931 0.1918 232.7542 0.5072 3.6367
5.5579 0.0000 102.3955 0.0000 232.7657 0.5145 4.6424
4.9045 0.0000 102.3751 0.0000 232.3806 0.5220 5.5132
4.2039 0.0000 102.3563 0.0000 231.8535 0.5294 5.8863
3.5716 0.0000 102.3704 0.0000 231.4696 0.5360 5.6196
3.0647 0.0000 102.3861 0.0000 231.3254 0.5415 5.3521
2.5878 0.0000 102.3547 0.0000 231.2534 0.5450 5.4629
2.1112 0.0000 102.3248 0.0000 231.4677 0.5481 5.3162
1.6664 0.0000 102.3264 0.0000 236.8924 0.5534 4.6740
1.2801 0.0000 102.3169 0.0000 245.1997 0.5601 4.2836
0.9542 0.0000 102.2788 0.0000 252.8956 0.5683 4.4562
0.6506 0.0000 102.2444 0.0000 257.3050 0.5784 4.8916
0.4038 0.0002 102.2130 0.0000 264.3961 0.5870 5.4212
0.1237 0.0014 102.1783 0.0000 273.1957 0.5904 5.7892
-0.0256 0.0023 102.1355 25.8046 279.8340 0.5918 5.8041
