-1.7741 0.0055 102.5024 162.7051 260.9066 0.5103 2.3654
0.3183 0.0004 102.5093 342.7726 244.5990 0.5370 2.7558
3.3178 0.0000 102.4660 475.0126 236.3970 0.5268 3.3198
5.0046 0.0000 102.3624 553.7375 239.8684 0.5036 2.8537
5.9738 0.0000 102.2436 586.7701 234.3521 0.5034 2.2968
6.6799 0.0000 102.1420 539.6835 231.7209 0.5066 1.9675
7.1077 0.0000 102.0648 419.6655 232.7685 0.5086 1.8645
7.1347 0.0000 102.0259 251.6429 233.6830 0.5117 1.9738
6.7563 0.0000 102.0167 73.0836 233.6829 0.5176 2.5602
6.0864 0.0000 102.0329 0.0759 232.8266 0.5226 3.6451
5.3481 0.0000 102.0426 0.0000 231.9116 0.5251 4.4634
4.6241 0.0000 102.0218 0.0000 230.9434 0.5271 5.0452
4.0025 0.0000 101.9982 0.0000 230.1740 0.5290 5.2599
3.5325 0.0000 102.0051 0.0000 229.8065 0.5323 4.9212
3.1748 0.0000 102.0220 0.0000 230.0144 0.5378 4.3829
2.7928 0.0000 101.9976 0.0000 230.3984 0.5444 4.1100
2.3586 0.0000 101.9711 0.0000 230.4419 0.5540 4.0966
1.9058 0.0000 101.9502 0.0000 231.4048 0.5672 3.8898
1.4430 0.0000 101.9327 0.0000 236.2079 0.5810 3.2713
0.9766 0.0004 101.9112 0.0000 247.3406 0.5922 2.9817
0.4943 0.0030 101.8986 0.0000 266.4779 0.5980 3.2141
0.1121 0.0060 101.8858 0.0000 280.5364 0.5975 3.7346
-0.1320 0.0104 101.8628 0.0000 286.4769 0.5956 4.3431
-0.1161 0.0038 101.8191 32.0875 282.7033 0.5983 4.8261
