2.2380 0.0018 103.0389 210.4164 249.4632 0.6124 5.2340
3.7397 0.0004 103.0535 393.5963 237.1342 0.6066 4.8493
4.9545 0.0001 103.0110 543.0055 228.3722 0.5966 4.3223
5.7656 0.0001 102.9135 604.5061 231.1043 0.5918 3.7809
6.4023 0.0001 102.8014 592.1818 235.1541 0.5877 3.2220
6.8749 0.0001 102.7118 513.6280 239.1871 0.5838 2.8338
7.0707 0.0000 102.6497 393.7245 237.6008 0.5853 2.6645
7.0140 0.0000 102.6173 225.7377 237.2157 0.5881 2.5968
6.7089 0.0000 102.6156 53.3021 238.1160 0.5933 2.7855
6.2806 0.0001 102.6401 0.0000 240.6645 0.6021 3.3564
5.8354 0.0001 102.6648 0.0000 241.8263 0.6123 3.8384
5.3467 0.0000 102.6631 0.0000 236.8481 0.6215 4.3387
4.8489 0.0000 102.6403 0.0000 232.8521 0.6285 4.8434
4.4553 0.0000 102.6200 0.0000 231.3628 0.6328 5.1812
4.2291 0.0000 102.6111 0.0000 230.0823 0.6323 5.0387
4.0142 0.0000 102.6015 0.0000 229.7491 0.6277 4.6598
3.7692 0.0000 102.5841 0.0000 229.1275 0.6220 4.5939
3.5121 0.0000 102.5608 0.0000 228.6056 0.6183 4.7337
3.2397 0.0000 102.5148 0.0000 227.9710 0.6159 4.8131
2.9867 0.0000 102.4712 0.0000 227.5007 0.6152 4.6979
2.7469 0.0000 102.4687 0.0000 227.4435 0.6161 4.7857
2.6713 0.0000 102.4965 0.0000 229.5496 0.6173 4.9239
2.7683 0.0000 102.5035 0.1911 242.5230 0.6181 4.6745
2.9956 0.0000 102.4745 49.4020 255.7426 0.6196 4.3665
