-0.3587 0.0004 101.9658 144.4637 259.1375 0.5446 4.8399
1.3340 0.0000 101.9844 350.0458 226.9378 0.5483 4.6386
3.7372 0.0000 101.9507 503.5634 225.2533 0.5212 4.7151
5.5648 0.0000 101.8548 593.4914 227.9447 0.4910 4.3857
6.5748 0.0000 101.7389 609.1893 229.9241 0.4867 3.9140
7.2576 0.0000 101.6347 554.3902 232.2934 0.4888 3.7482
7.5594 0.0000 101.5569 431.8880 235.7032 0.4947 3.8327
7.5019 0.0000 101.5175 267.7756 238.0221 0.5004 3.9639
7.0042 0.0000 101.5084 89.8791 239.2526 0.5148 4.3802
6.2612 0.0000 101.5119 1.0866 238.9083 0.5253 5.1650
5.5866 0.0000 101.5119 0.0000 238.0141 0.5266 5.5817
4.9948 0.0000 101.5054 0.0000 236.9578 0.5288 5.4176
4.4754 0.0000 101.5074 0.0000 235.9339 0.5329 4.8130
4.0064 0.0000 101.5142 0.0000 236.0915 0.5381 4.4386
3.5587 0.0000 101.5030 0.0000 238.6123 0.5444 4.2400
3.1323 0.0000 101.4795 0.0000 244.3904 0.5508 3.8825
2.7742 0.0000 101.4547 0.0000 253.8658 0.5556 3.3892
2.4942 0.0000 101.4364 0.0000 260.2841 0.5594 3.1273
2.2087 0.0000 101.4118 0.0000 264.9744 0.5630 3.2156
1.8940 0.0000 101.3783 0.0000 267.2798 0.5664 3.6026
1.6115 0.0000 101.3438 0.0000 271.8597 0.5695 3.9828
1.5036 0.0000 101.3134 0.0000 273.8607 0.5724 4.1923
1.5617 0.0000 101.2691 0.0000 273.2410 0.5749 4.5249
1.7223 0.0000 101.2577 26.3699 273.0882 0.5774 3.9717
