-1.3664 0.0031 98.0860 145.7168 248.8600 0.5085 5.4535
0.3857 0.0003 98.1170 328.5055 230.4585 0.5124 5.1156
2.4981 0.0000 98.0956 479.8969 229.3142 0.5171 4.5256
4.5181 0.0000 98.0223 573.6708 230.1683 0.5010 3.5181
6.0843 0.0000 97.9094 597.8693 232.5777 0.4831 2.8086
7.0942 0.0000 97.8026 546.2624 237.1278 0.4844 2.7379
7.7213 0.0000 97.7186 427.7945 241.0482 0.4880 2.7274
7.8344 0.0000 97.6788 273.2011 241.4142 0.4949 2.8403
7.2653 0.0000 97.6614 100.5345 240.3210 0.5069 3.4147
5.9683 0.0000 97.6699 2.7405 237.7368 0.5191 4.5146
4.5938 0.0000 97.7069 0.0000 234.6128 0.5218 4.5783
3.5968 0.0000 97.7317 0.0000 232.7621 0.5201 3.8911
2.9848 0.0000 97.7436 0.0000 236.6060 0.5153 3.4803
2.6475 0.0000 97.7452 0.0000 248.7247 0.5097 3.0495
2.5293 0.0000 97.7329 0.0000 255.3675 0.5049 2.8359
2.5910 0.0000 97.6977 0.0000 262.6989 0.5013 2.7971
2.7895 0.0000 97.6730 0.0000 267.2278 0.5000 2.8408
3.0446 0.0000 97.6476 0.0000 271.7210 0.5007 2.9055
3.2776 0.0000 97.6112 0.0000 277.3089 0.5027 3.0610
3.4045 0.0000 97.5639 0.0000 281.1413 0.5052 3.1372
3.4223 0.0000 97.5158 0.0000 283.3015 0.5075 3.1629
3.2862 0.0000 97.4548 0.0000 284.9737 0.5097 3.8356
2.9281 0.0000 97.4511 0.0000 283.0576 0.5123 3.9586
2.7456 0.0000 97.5013 18.4393 275.5817 0.5149 3.0201
