1.2284 0.0000 101.5944 166.7266 253.9050 0.6069 5.7912
3.2736 0.0000 101.6190 339.1555 243.2949 0.6182 5.3203
5.7003 0.0000 101.5923 484.6835 244.8858 0.6172 4.9071
7.8519 0.0000 101.5080 579.6148 248.0358 0.5725 4.4932
9.2162 0.0000 101.3955 589.5888 253.9255 0.5308 4.3434
9.9610 0.0000 101.2871 557.6662 251.6886 0.5146 4.5842
10.2949 0.0000 101.2087 442.7556 251.4888 0.5114 4.9048
10.2494 0.0000 101.1643 284.0382 251.7666 0.5127 5.2893
9.6400 0.0000 101.1501 106.1443 250.9212 0.5319 5.6335
8.5143 0.0000 101.1637 3.1231 248.5638 0.5541 6.3279
7.4083 0.0000 101.1912 0.0000 246.3789 0.5645 6.6823
6.5026 0.0000 101.2027 0.0000 246.7086 0.5724 6.6837
5.7881 0.0000 101.2044 0.0000 255.5433 0.5783 6.6235
5.2272 0.0000 101.2196 0.0000 265.3111 0.5844 6.1598
4.8051 0.0000 101.2139 0.0000 272.2634 0.5887 5.9364
4.4997 0.0000 101.1840 0.0000 276.2897 0.5899 5.8571
4.2988 0.0000 101.1538 0.0000 281.6632 0.5890 5.7450
4.1304 0.0000 101.1279 0.0000 284.3729 0.5880 5.5617
3.9601 0.0000 101.0943 0.0000 285.7998 0.5866 5.5749
3.7785 0.0000 101.0508 0.0000 286.1708 0.5864 5.5785
3.6212 0.0000 101.0148 0.0000 283.3797 0.5876 5.5573
3.5257 0.0000 100.9638 0.0000 281.2837 0.5917 5.8704
3.4326 0.0000 100.9488 0.0000 262.3476 0.5993 5.4850
3.3130 0.0000 101.0017 39.5165 249.3862 0.6056 4.2476
