-1.6410 0.0007 102.7680 139.0888 257.0825 0.5085 4.4419
0.2720 0.0000 102.7906 291.7452 241.2298 0.5247 4.2545
2.7914 0.0000 102.7589 441.5828 235.5944 0.5093 4.3011
4.4636 0.0000 102.6635 554.8470 230.3516 0.4812 3.7099
5.4364 0.0000 102.5412 586.9359 226.7286 0.4730 3.0494
6.1246 0.0000 102.4318 533.7259 227.4778 0.4731 2.6510
6.5582 0.0000 102.3464 416.2630 229.1739 0.4721 2.4959
6.6710 0.0000 102.3039 252.6882 231.2076 0.4721 2.5778
6.4034 0.0000 102.2947 78.0888 232.4087 0.4782 2.9683
5.9347 0.0000 102.2952 0.3497 232.5256 0.4840 3.8162
5.3982 0.0000 102.2976 0.0000 232.4114 0.4898 4.7150
4.7956 0.0000 102.2773 0.0000 232.3408 0.5001 5.4307
4.1547 0.0000 102.2649 0.0000 232.2173 0.5132 5.6435
3.5409 0.0000 102.2871 0.0000 232.0645 0.5252 5.3799
2.9779 0.0000 102.2882 0.0000 231.8301 0.5355 5.4914
2.3990 0.0000 102.2524 0.0000 231.4119 0.5429 5.7834
1.8541 0.0000 102.2341 0.0000 233.8179 0.5478 5.4097
1.4345 0.0000 102.2402 0.0000 244.5368 0.5512 4.8979
1.1381 0.0000 102.2225 0.0000 250.4647 0.5531 4.8868
0.9093 0.0000 102.1780 0.0000 256.5464 0.5544 5.1859
0.7229 0.0000 102.1340 0.0000 259.2535 0.5577 5.6624
0.6151 0.0000 102.0980 0.0000 262.4369 0.5656 5.9934
0.5266 0.0000 102.0599 0.0000 267.3367 0.5764 6.2042
0.3711 0.0003 102.0208 24.8416 270.0948 0.5868 6.0355
