-1.5637 0.0055 102.4332 162.6096 260.1945 0.5159 2.6877
0.3796 0.0003 102.4407 327.6322 248.8151 0.5381 3.0157
3.3230 0.0000 102.3979 473.7318 236.8349 0.5249 3.5306
5.1205 0.0000 102.2925 564.2382 237.4988 0.4981 3.0632
6.1436 0.0000 102.1718 589.8284 234.6369 0.4977 2.4771
6.8659 0.0000 102.0695 544.5398 231.6954 0.5018 2.1349
7.2971 0.0000 101.9939 423.7917 233.2375 0.5048 2.0439
7.3310 0.0000 101.9529 255.8291 234.2673 0.5087 2.1894
6.9482 0.0000 101.9437 76.1832 234.3942 0.5163 2.8118
6.2780 0.0000 101.9593 0.1449 233.6950 0.5225 3.9272
5.5513 0.0000 101.9664 0.0000 233.0059 0.5264 4.7263
4.8255 0.0000 101.9437 0.0000 232.3046 0.5303 5.2799
4.1556 0.0000 101.9242 0.0000 231.6779 0.5336 5.4263
3.6155 0.0000 101.9337 0.0000 231.3042 0.5368 5.0345
3.2161 0.0000 101.9486 0.0000 231.4000 0.5404 4.5591
2.8307 0.0000 101.9220 0.0000 231.6686 0.5437 4.3366
2.4316 0.0000 101.8951 0.0000 231.9966 0.5484 4.2645
2.0450 0.0000 101.8758 0.0000 234.9411 0.5559 3.9711
1.6546 0.0000 101.8571 0.0000 240.1483 0.5648 3.3385
1.2585 0.0001 101.8324 0.0000 249.7944 0.5735 3.0175
0.8688 0.0012 101.8205 0.0000 262.3145 0.5808 3.2535
0.5816 0.0033 101.8063 0.0000 271.8218 0.5854 3.8713
0.3880 0.0070 101.7805 0.0000 276.9977 0.5877 4.5711
0.3667 0.0029 101.7349 36.2539 270.4795 0.5906 5.1462
