-2.1797 0.0003 102.7517 163.8552 243.0265 0.4891 4.0614
-0.0785 0.0000 102.7718 337.3519 222.5344 0.5079 3.7328
2.8319 0.0000 102.7405 464.1468 227.3647 0.4785 3.5293
4.3296 0.0000 102.6452 549.4943 228.7615 0.4560 2.8853
5.1441 0.0000 102.5238 576.3654 225.2189 0.4553 2.3235
5.7249 0.0000 102.4184 521.5897 225.8714 0.4598 2.0288
6.0953 0.0000 102.3395 405.1046 227.0115 0.4625 1.9592
6.1110 0.0000 102.2971 241.4823 228.5009 0.4663 2.0745
5.7812 0.0000 102.2879 69.7105 229.5636 0.4726 2.5587
5.2487 0.0000 102.2961 0.1149 229.5445 0.4778 3.4590
4.6337 0.0000 102.3009 0.0000 229.1167 0.4820 4.2993
3.9784 0.0000 102.2819 0.0000 228.4968 0.4868 5.0146
3.3476 0.0000 102.2630 0.0000 227.9590 0.4919 5.3626
2.8226 0.0000 102.2712 0.0000 227.8575 0.4980 5.1712
2.4188 0.0000 102.2905 0.0000 228.1890 0.5061 4.9072
2.0298 0.0000 102.2595 0.0000 228.6365 0.5149 5.0653
1.6012 0.0000 102.2325 0.0000 229.4987 0.5244 4.9777
1.1724 0.0000 102.2362 0.0000 234.8713 0.5360 4.4092
0.7974 0.0000 102.2287 0.0000 241.9673 0.5483 4.1651
0.4862 0.0000 102.1829 0.0000 248.8504 0.5618 4.3196
0.1933 0.0000 102.1345 0.0000 253.3331 0.5724 4.6943
-0.1181 0.0006 102.0946 0.0000 258.5783 0.5769 5.1305
-0.5037 0.0040 102.0613 0.0000 267.5233 0.5749 5.3400
-0.7684 0.0050 102.0234 24.7092 277.9260 0.5700 5.1334
