1.1059 0.0001 101.4122 158.2388 250.4766 0.5969 6.0751
2.9103 0.0000 101.4483 347.0168 235.7519 0.5950 5.9187
5.0585 0.0000 101.4295 494.5812 235.9605 0.5834 5.3800
7.0052 0.0000 101.3556 581.1452 239.9236 0.5484 4.4197
8.3372 0.0000 101.2372 600.1822 243.7359 0.5266 3.8682
9.2250 0.0000 101.1144 553.1604 246.3274 0.5217 3.6036
9.7443 0.0000 101.0284 436.1725 248.5529 0.5250 3.4936
9.9025 0.0000 100.9725 280.6568 249.6113 0.5299 3.5319
9.6141 0.0000 100.9554 106.4796 250.5702 0.5404 3.5654
8.9036 0.0000 100.9678 4.0201 251.6079 0.5510 3.7596
8.0041 0.0000 101.0157 0.0000 252.3515 0.5591 3.9543
7.0758 0.0000 101.0343 0.0000 258.5620 0.5690 4.1680
6.2478 0.0000 101.0575 0.0000 270.3129 0.5803 3.9994
5.5896 0.0000 101.0743 0.0000 274.7557 0.5900 3.7637
5.0373 0.0000 101.0579 0.0000 276.8015 0.5957 3.9788
4.5794 0.0000 101.0236 0.0000 279.7821 0.5970 4.3384
4.2801 0.0000 101.0028 0.0000 282.7787 0.5945 4.3637
4.1429 0.0000 100.9714 0.0000 285.5181 0.5896 4.3370
4.1215 0.0000 100.9280 0.0000 287.7463 0.5857 4.2561
4.1333 0.0000 100.8773 0.0000 288.7471 0.5837 4.1456
4.1257 0.0000 100.8126 0.0000 288.7683 0.5827 4.5278
4.0407 0.0000 100.7495 0.0000 280.7856 0.5859 5.0144
3.8621 0.0000 100.7886 0.0000 262.1157 0.5949 3.8193
3.6582 0.0000 100.8302 24.9089 266.4578 0.6026 2.9839
