-0.4898 0.0063 103.0741 167.5664 262.1898 0.5627 3.4765
1.7193 0.0015 103.0886 328.9376 255.4906 0.5841 3.5385
3.8962 0.0001 103.0425 522.1541 225.8666 0.5753 3.1570
5.0793 0.0001 102.9392 588.3484 229.7783 0.5669 2.6072
5.9041 0.0001 102.8208 580.5427 233.6883 0.5649 2.1403
6.5009 0.0000 102.7275 511.0077 236.1123 0.5644 1.7905
6.8040 0.0000 102.6595 387.6353 237.0590 0.5667 1.6071
6.7786 0.0000 102.6251 222.7855 237.7152 0.5702 1.5502
6.4859 0.0000 102.6239 54.0014 237.1349 0.5744 1.8034
6.0542 0.0002 102.6429 0.0000 243.6301 0.5834 2.5476
5.5158 0.0002 102.6667 0.0000 248.5373 0.5971 3.3058
4.8571 0.0002 102.6596 0.0000 245.9798 0.6117 4.1167
4.0798 0.0000 102.6391 0.0000 238.6686 0.6239 4.9819
3.2973 0.0000 102.6213 0.0000 230.9227 0.6293 5.6649
2.6983 0.0000 102.6227 0.0000 229.1673 0.6284 5.6849
2.2701 0.0000 102.6268 0.0000 227.9920 0.6216 5.1725
1.9533 0.0000 102.6099 0.0000 226.9282 0.6124 4.8571
1.7614 0.0000 102.5786 0.0000 226.2324 0.6037 4.9476
1.6334 0.0000 102.5372 0.0000 226.1590 0.5982 4.7998
1.4834 0.0000 102.5143 0.0000 226.5153 0.5957 4.2300
1.2920 0.0001 102.5126 0.0000 227.6439 0.5931 4.1388
1.2737 0.0000 102.5136 0.0000 236.2282 0.5908 4.0928
1.4239 0.0000 102.4978 0.0216 245.4579 0.5902 3.9562
1.6612 0.0000 102.4625 42.9040 255.0978 0.5923 4.0068
