1.4033 0.0000 101.9349 161.6346 255.8156 0.6152 6.2889
2.9999 0.0000 101.9633 345.3856 239.9713 0.6211 5.7827
5.1968 0.0000 101.9397 492.4011 240.9923 0.6116 5.4891
7.2560 0.0000 101.8600 581.9942 245.0354 0.5638 5.1640
8.5819 0.0000 101.7437 600.8476 248.4808 0.5235 4.8900
9.3357 0.0000 101.6300 559.4941 248.4314 0.5096 4.9401
9.6958 0.0000 101.5502 440.8975 249.9015 0.5076 5.1280
9.7224 0.0000 101.5020 283.5131 250.1479 0.5092 5.4417
9.1984 0.0000 101.4863 106.8305 249.5303 0.5274 5.7004
8.1461 0.0000 101.4992 3.4637 247.8292 0.5511 6.2511
7.0432 0.0000 101.5358 0.0000 246.6099 0.5661 6.5275
6.1058 0.0000 101.5495 0.0000 248.7306 0.5784 6.6385
5.3728 0.0000 101.5534 0.0000 259.9961 0.5876 6.4809
4.8411 0.0000 101.5716 0.0000 268.3731 0.5956 6.0017
4.4606 0.0000 101.5597 0.0000 273.7243 0.6006 5.9354
4.1972 0.0000 101.5260 0.0000 277.7539 0.6013 6.0323
4.0339 0.0000 101.4957 0.0000 282.2972 0.5993 5.9410
3.9275 0.0000 101.4698 0.0000 284.8956 0.5976 5.8036
3.8438 0.0000 101.4279 0.0000 286.9441 0.5968 5.8129
3.7422 0.0000 101.3852 0.0000 287.3133 0.5978 5.6960
3.6248 0.0000 101.3400 0.0000 285.5124 0.6001 5.6799
3.4942 0.0000 101.2837 0.0000 281.0192 0.6043 5.9534
3.3071 0.0000 101.2877 0.0000 259.0688 0.6124 5.2109
3.1344 0.0000 101.3396 35.5325 251.0617 0.6191 4.0462
