-2.1406 0.0015 103.0464 172.3553 251.2974 0.5031 3.1002
0.5010 0.0000 103.0529 377.1594 220.8029 0.5368 3.1973
3.2442 0.0000 103.0190 509.7001 221.8354 0.5283 2.9285
4.4126 0.0000 102.9174 570.7957 227.8449 0.5148 2.2553
5.1583 0.0000 102.8008 572.2266 229.9239 0.5126 1.7304
5.7030 0.0000 102.7039 510.2621 231.3333 0.5144 1.3847
6.0345 0.0000 102.6323 392.1489 231.4556 0.5150 1.2254
6.0300 0.0000 102.5920 229.4674 231.4552 0.5176 1.2510
5.7300 0.0000 102.5829 59.6524 231.0469 0.5213 1.5082
5.3274 0.0000 102.6038 0.0025 230.8675 0.5251 2.0406
4.9066 0.0000 102.6125 0.0000 232.5623 0.5306 2.6312
4.4466 0.0000 102.5982 0.0000 231.8652 0.5393 3.3893
3.9449 0.0000 102.5719 0.0000 229.5823 0.5524 4.1887
3.3735 0.0000 102.5595 0.0000 228.9898 0.5697 4.6902
2.7508 0.0000 102.5746 0.0000 228.3887 0.5874 4.7383
2.1002 0.0000 102.5772 0.0000 228.0329 0.6009 4.6191
1.4663 0.0000 102.5454 0.0000 227.5946 0.6088 4.7616
0.8674 0.0000 102.5229 0.0000 227.7461 0.6107 4.7145
0.3138 0.0002 102.5146 0.0000 237.2624 0.6058 3.9782
-0.2074 0.0036 102.4970 0.0000 256.6855 0.5934 3.4234
-0.6309 0.0090 102.4694 0.0000 271.4053 0.5771 3.3931
-0.7664 0.0064 102.4420 0.0000 275.2327 0.5677 3.5001
-0.7633 0.0048 102.4157 0.0000 268.9936 0.5641 3.8436
-0.6536 0.0037 102.3786 34.4182 269.0534 0.5633 4.0772
