-1.4048 0.0002 102.7306 129.0812 254.4200 0.5097 4.5164
0.2798 0.0000 102.7532 289.9732 238.3791 0.5204 4.3021
2.6155 0.0000 102.7279 450.1015 231.2889 0.5090 4.3027
4.4895 0.0000 102.6325 559.4406 227.8712 0.4826 3.9099
5.4808 0.0000 102.5102 585.1421 226.5919 0.4754 3.2750
6.1869 0.0000 102.3975 531.3508 228.6333 0.4729 2.8679
6.6137 0.0000 102.3123 414.3896 231.4465 0.4726 2.7178
6.7355 0.0000 102.2665 253.5054 233.6365 0.4728 2.7791
6.5138 0.0000 102.2509 81.0838 234.8181 0.4772 3.1231
6.0837 0.0000 102.2514 0.6277 235.0123 0.4812 3.9110
5.5471 0.0000 102.2538 0.0000 234.9239 0.4838 4.7493
4.9229 0.0000 102.2399 0.0000 234.4986 0.4892 5.2688
4.3035 0.0000 102.2372 0.0000 233.7478 0.4981 5.1934
3.7465 0.0000 102.2561 0.0000 233.1176 0.5087 4.9630
3.2228 0.0000 102.2444 0.0000 232.6332 0.5200 5.2426
2.6648 0.0000 102.2150 0.0000 233.2790 0.5317 5.2907
2.1374 0.0000 102.2031 0.0000 242.1709 0.5416 4.8292
1.7108 0.0000 102.2028 0.0000 250.3446 0.5489 4.6578
1.3638 0.0000 102.1818 0.0000 256.3358 0.5536 4.8334
1.0798 0.0000 102.1311 0.0000 259.4456 0.5565 5.2765
0.8560 0.0000 102.0805 0.0000 262.5557 0.5586 5.7476
0.7464 0.0000 102.0414 0.0000 268.5291 0.5625 5.9332
0.7031 0.0000 102.0000 0.0000 272.7320 0.5683 6.1039
0.6593 0.0001 101.9834 22.8872 270.9925 0.5768 5.6335
