-0.2418 0.0006 100.6033 169.7160 252.9126 0.5593 5.2293
1.7867 0.0000 100.6238 387.7269 218.9939 0.5722 4.7968
4.5074 0.0000 100.5944 528.1916 223.4950 0.5560 4.7244
6.6325 0.0000 100.5071 607.9661 230.4601 0.5120 4.3321
7.7712 0.0000 100.3990 618.8603 235.4601 0.4977 3.9895
8.4543 0.0000 100.2981 562.7469 239.3498 0.4962 4.0693
8.7176 0.0000 100.2253 439.5632 242.8041 0.5007 4.3046
8.5949 0.0000 100.1873 277.0395 244.4019 0.5059 4.5944
7.9293 0.0000 100.1764 98.5235 244.3978 0.5232 5.0510
6.8387 0.0000 100.1849 1.9587 242.2467 0.5382 5.8666
5.8140 0.0000 100.1994 0.0000 239.5527 0.5421 6.1634
5.0034 0.0000 100.2062 0.0000 237.4209 0.5450 5.7055
4.3977 0.0000 100.2079 0.0000 238.0055 0.5464 5.3277
3.9351 0.0000 100.2159 0.0000 246.5743 0.5476 4.9215
3.5892 0.0000 100.2074 0.0000 252.9738 0.5489 4.4606
3.3289 0.0000 100.1818 0.0000 261.0853 0.5493 4.1847
3.1451 0.0000 100.1533 0.0000 267.4046 0.5498 4.0040
2.9970 0.0000 100.1273 0.0000 272.3311 0.5512 3.9093
2.8299 0.0000 100.1000 0.0000 275.2849 0.5533 3.9187
2.6331 0.0000 100.0580 0.0000 278.3337 0.5559 4.1668
2.4224 0.0000 100.0242 0.0000 280.0545 0.5591 4.3510
2.3241 0.0000 99.9913 0.0000 279.1481 0.5636 4.6330
2.3765 0.0000 99.9528 0.0000 277.4892 0.5688 4.7971
2.5015 0.0000 99.9718 31.0578 266.6921 0.5734 3.8690
