1.8430 0.0052 103.0570 187.4075 257.7293 0.5972 4.6229
3.2001 0.0019 103.0750 340.0330 253.6694 0.5929 4.3448
4.4092 0.0007 103.0355 514.1408 231.5675 0.5889 3.9101
5.2095 0.0004 102.9337 587.1192 231.6215 0.5859 3.4141
5.8025 0.0003 102.8238 585.0583 232.6976 0.5845 2.9489
6.2022 0.0001 102.7390 511.6054 235.4280 0.5836 2.6031
6.3600 0.0001 102.6777 385.2641 236.0557 0.5837 2.4144
6.2703 0.0001 102.6468 219.7559 236.0268 0.5832 2.3565
5.8928 0.0001 102.6457 50.9819 236.1732 0.5858 2.6281
5.3405 0.0002 102.6681 0.0000 240.5747 0.5925 3.3135
4.7787 0.0002 102.6936 0.0000 241.3442 0.5994 3.7647
4.2481 0.0001 102.6933 0.0000 238.2552 0.6040 4.1741
3.7925 0.0000 102.6678 0.0000 232.4756 0.6060 4.6577
3.4371 0.0000 102.6465 0.0000 228.4277 0.6053 5.0536
3.2253 0.0000 102.6377 0.0000 227.3709 0.6038 4.9718
3.0471 0.0000 102.6352 0.0000 227.0137 0.6009 4.5046
2.8421 0.0000 102.6200 0.0000 226.3258 0.5972 4.2962
2.6476 0.0000 102.5886 0.0000 225.8123 0.5943 4.4797
2.4680 0.0000 102.5420 0.0000 225.3477 0.5933 4.6169
2.2938 0.0000 102.5054 0.0000 225.1628 0.5945 4.3823
2.1110 0.0000 102.5057 0.0000 225.6652 0.5960 4.3807
2.0861 0.0000 102.5169 0.0000 229.7987 0.5975 4.4026
2.2229 0.0000 102.5113 0.0938 238.6862 0.5999 4.1335
2.4677 0.0000 102.4811 49.5233 250.5264 0.6043 3.9498
