-1.3641 0.0029 102.5924 156.1477 258.0186 0.5206 3.6647
0.5526 0.0001 102.6045 310.8163 246.0914 0.5363 3.8444
3.2581 0.0000 102.5656 461.3432 237.3997 0.5191 4.1029
5.0027 0.0000 102.4631 567.5965 233.7234 0.4927 3.5403
6.0562 0.0000 102.3414 595.0595 231.2832 0.4898 2.8910
6.7817 0.0000 102.2353 545.4742 230.4909 0.4933 2.5282
7.2281 0.0000 102.1573 425.8647 232.1994 0.4955 2.4269
7.3009 0.0000 102.1149 259.2646 233.5972 0.4989 2.5715
6.9662 0.0000 102.1058 79.8662 234.2839 0.5077 3.1060
6.4130 0.0000 102.1159 0.2884 234.2250 0.5157 4.1178
5.8269 0.0000 102.1183 0.0000 234.2484 0.5221 4.9631
5.1876 0.0000 102.0946 0.0000 234.1284 0.5299 5.6087
4.4919 0.0000 102.0799 0.0000 233.8053 0.5378 5.7526
3.8560 0.0000 102.0949 0.0000 233.4307 0.5443 5.3709
3.3569 0.0000 102.1047 0.0000 233.2235 0.5485 5.1012
2.8985 0.0000 102.0760 0.0000 233.1849 0.5502 5.0806
2.4757 0.0000 102.0474 0.0000 234.8425 0.5511 4.9199
2.1189 0.0000 102.0381 0.0000 241.1542 0.5533 4.3917
1.8005 0.0000 102.0236 0.0000 248.6809 0.5562 3.8810
1.4932 0.0000 101.9895 0.0000 257.4516 0.5599 3.8377
1.2071 0.0000 101.9672 0.0000 260.1565 0.5656 4.2330
1.0508 0.0000 101.9425 0.0000 263.7682 0.5728 4.8583
0.9703 0.0001 101.9107 0.0000 268.7934 0.5788 5.4380
0.9732 0.0007 101.8650 34.9269 262.5641 0.5831 5.7757
