-1.5092 0.0069 102.3452 161.5632 262.9855 0.5177 2.4478
0.3298 0.0004 102.3519 325.3221 253.1384 0.5401 2.7936
3.3147 0.0000 102.3084 476.8794 237.1020 0.5281 3.3886
5.2111 0.0000 102.2001 567.5643 238.2211 0.4982 2.9682
6.2474 0.0000 102.0799 588.1007 236.5214 0.4989 2.4024
6.9798 0.0000 101.9784 546.4190 232.2015 0.5036 2.0604
7.4063 0.0000 101.9044 424.7117 234.0390 0.5074 1.9779
7.4315 0.0000 101.8625 256.2724 235.0115 0.5115 2.1353
7.0290 0.0000 101.8533 76.1565 235.0117 0.5190 2.8124
6.2982 0.0000 101.8697 0.1298 234.0990 0.5247 4.0003
5.4919 0.0000 101.8781 0.0000 233.1201 0.5276 4.7789
4.7099 0.0000 101.8558 0.0000 232.1942 0.5302 5.2574
4.0336 0.0000 101.8367 0.0000 231.4466 0.5321 5.3433
3.5132 0.0000 101.8449 0.0000 231.0682 0.5340 4.9113
3.1355 0.0000 101.8603 0.0000 231.2425 0.5367 4.3919
2.7718 0.0000 101.8329 0.0000 231.5684 0.5394 4.0920
2.3926 0.0000 101.8081 0.0000 231.8758 0.5434 3.9772
2.0245 0.0000 101.7851 0.0000 234.2630 0.5505 3.7451
1.6376 0.0000 101.7627 0.0000 238.4700 0.5598 3.1176
1.2364 0.0001 101.7400 0.0000 246.2546 0.5702 2.6927
0.8502 0.0006 101.7326 0.0000 260.6902 0.5801 2.8656
0.5465 0.0036 101.7235 0.0000 271.2066 0.5870 3.4942
0.2969 0.0090 101.6976 0.0000 275.7612 0.5897 4.2759
0.2139 0.0037 101.6525 37.9258 270.0834 0.5915 4.9595
