-0.8681 0.0045 103.0571 168.5064 266.2252 0.5572 3.4110
1.6881 0.0008 103.0717 353.2384 247.0235 0.5878 3.6490
4.0024 0.0001 103.0211 531.9895 225.0599 0.5762 3.2129
5.2916 0.0001 102.9168 596.2161 229.3499 0.5588 2.6208
6.1893 0.0000 102.7985 568.5976 239.3732 0.5495 2.1344
6.8289 0.0000 102.7042 513.8492 237.4254 0.5465 1.8365
7.1724 0.0000 102.6318 395.3046 236.8619 0.5485 1.7283
7.1717 0.0000 102.5973 228.7477 236.9087 0.5532 1.6979
6.8953 0.0000 102.5952 56.6530 237.4921 0.5594 1.8852
6.5101 0.0000 102.6196 0.0000 238.3686 0.5689 2.4458
6.0757 0.0000 102.6380 0.0000 238.8735 0.5828 3.0854
5.5506 0.0000 102.6255 0.0000 236.4249 0.6015 3.8643
4.9123 0.0000 102.6049 0.0000 232.7660 0.6226 4.7514
4.2003 0.0000 102.5862 0.0000 231.6920 0.6396 5.4774
3.5555 0.0000 102.5885 0.0000 230.8482 0.6483 5.5543
2.9878 0.0000 102.5907 0.0000 230.1170 0.6470 5.1953
2.5221 0.0000 102.5693 0.0000 229.0971 0.6397 5.0042
2.1997 0.0000 102.5444 0.0000 228.3125 0.6296 5.0530
1.9672 0.0000 102.5030 0.0000 227.9233 0.6217 4.8860
1.7770 0.0000 102.4736 0.0000 227.8856 0.6183 4.4439
1.5693 0.0001 102.4775 0.0000 228.6542 0.6168 4.4308
1.5351 0.0001 102.4913 0.0000 235.3718 0.6156 4.4245
1.6762 0.0000 102.4819 0.0428 252.8815 0.6150 4.2363
1.9109 0.0000 102.4466 44.0003 256.9177 0.6152 4.2169
