-0.9137 0.0007 102.7146 118.6869 262.1530 0.5281 4.3083
0.6544 0.0000 102.7373 282.4551 241.1706 0.5317 4.2751
2.6853 0.0000 102.7102 449.8350 232.5677 0.5191 4.3491
4.5526 0.0000 102.6148 560.8493 228.8667 0.4935 4.0887
5.5835 0.0000 102.4936 585.1849 228.4756 0.4870 3.5142
6.3358 0.0000 102.3767 532.9062 230.8453 0.4836 3.1356
6.7560 0.0000 102.2926 416.5117 234.0836 0.4840 3.0101
6.8797 0.0000 102.2450 256.5061 236.4066 0.4839 3.0421
6.6603 0.0000 102.2298 84.3162 237.6429 0.4877 3.3261
6.2468 0.0000 102.2303 0.9291 237.6646 0.4910 4.0354
5.7693 0.0000 102.2327 0.0000 237.2460 0.4916 4.6791
5.2275 0.0000 102.2226 0.0000 236.3451 0.4949 4.8868
4.6862 0.0000 102.2278 0.0000 235.3013 0.5021 4.5438
4.1834 0.0000 102.2380 0.0000 234.4791 0.5117 4.3238
3.6694 0.0000 102.2233 0.0000 234.1120 0.5230 4.5519
3.1212 0.0000 102.1979 0.0000 237.7432 0.5354 4.3950
2.6143 0.0000 102.1820 0.0000 249.1615 0.5460 3.9621
2.1882 0.0000 102.1778 0.0000 256.1022 0.5544 3.8553
1.8054 0.0000 102.1527 0.0000 261.0317 0.5612 4.0834
1.4555 0.0000 102.1047 0.0000 264.2285 0.5664 4.5828
1.1604 0.0000 102.0548 0.0000 270.1181 0.5704 5.0348
0.9906 0.0000 102.0162 0.0000 274.4302 0.5738 5.2523
0.9017 0.0000 101.9738 0.0000 276.8033 0.5776 5.5243
0.8584 0.0000 101.9718 22.9757 271.2521 0.5829 4.9304
