-1.2946 0.0042 99.6659 187.3508 253.9921 0.5163 2.3481
0.6207 0.0003 99.6748 381.0649 233.3529 0.5329 2.7337
2.9785 0.0000 99.6357 537.5533 224.0874 0.5242 3.0795
5.0727 0.0000 99.5316 623.4189 224.6843 0.4959 2.7189
6.2345 0.0000 99.4151 626.8739 228.8247 0.5005 2.1502
7.0148 0.0000 99.3212 562.4848 231.9332 0.5102 1.7507
7.4757 0.0000 99.2553 436.5216 234.3823 0.5173 1.6969
7.5490 0.0000 99.2234 264.7900 236.0443 0.5230 1.8804
7.1717 0.0000 99.2196 80.1306 237.0952 0.5305 2.4521
6.4256 0.0000 99.2365 0.1974 235.2963 0.5359 3.3742
5.5268 0.0000 99.2498 0.0000 233.1310 0.5390 3.8162
4.5778 0.0000 99.2379 0.0000 231.7254 0.5410 3.9810
3.7337 0.0000 99.2274 0.0000 230.6456 0.5425 3.8760
3.0880 0.0000 99.2251 0.0000 230.0985 0.5440 3.4986
2.6128 0.0000 99.2312 0.0000 230.1099 0.5459 3.0864
2.1461 0.0000 99.2119 0.0000 230.1580 0.5467 2.6971
1.6907 0.0000 99.1921 0.0000 230.5502 0.5463 2.4710
1.3015 0.0000 99.1669 0.0000 233.4599 0.5458 2.4564
0.9413 0.0000 99.1227 0.0000 238.3456 0.5456 2.2814
0.6251 0.0000 99.0912 0.0000 254.7787 0.5456 1.9663
0.3952 0.0002 99.0956 0.0000 258.1454 0.5453 2.0030
0.3196 0.0005 99.0963 0.0000 252.0726 0.5462 2.2990
0.2404 0.0015 99.0892 0.0074 256.8470 0.5499 2.6360
0.1102 0.0019 99.0493 54.9382 246.1352 0.5543 3.1473
