4.6754 0.0006 102.9918 246.5064 247.9524 0.6399 6.5285
5.2920 0.0001 103.0167 420.0350 241.3877 0.6349 6.1011
5.8330 0.0001 102.9798 554.1903 235.9545 0.6314 5.7428
6.2630 0.0001 102.8888 615.9025 236.6306 0.6334 5.3103
6.5684 0.0001 102.7921 606.6959 238.0509 0.6346 4.7677
6.7639 0.0000 102.7113 528.6679 240.4302 0.6336 4.3499
6.8087 0.0000 102.6543 397.3859 240.8668 0.6325 4.1323
6.7062 0.0000 102.6273 228.4432 239.4216 0.6318 4.0159
6.4472 0.0000 102.6245 52.3511 239.5752 0.6357 4.0310
6.1308 0.0000 102.6533 0.0000 239.3142 0.6430 4.2589
5.8640 0.0000 102.6754 0.0000 238.7265 0.6483 4.4069
5.6354 0.0000 102.6775 0.0000 237.1808 0.6516 4.5906
5.4721 0.0000 102.6562 0.0000 236.0347 0.6529 4.7462
5.4049 0.0000 102.6310 0.0000 235.2543 0.6541 4.8247
5.4138 0.0000 102.6074 0.0000 234.8285 0.6579 4.7456
5.3267 0.0000 102.5852 0.0000 234.9393 0.6610 4.6232
5.1485 0.0000 102.5678 0.0000 234.5684 0.6623 4.7108
4.9627 0.0000 102.5451 0.0000 234.2431 0.6642 4.8464
4.7674 0.0000 102.5055 0.0000 233.8812 0.6663 4.9260
4.5960 0.0000 102.4475 0.0000 233.4870 0.6693 4.9420
4.4642 0.0000 102.4271 0.0000 233.3574 0.6726 5.0123
4.4633 0.0000 102.4669 0.0000 233.6843 0.6748 5.2547
4.5343 0.0000 102.4919 0.5410 239.3726 0.6761 5.2133
4.6906 0.0000 102.4809 60.1085 257.7507 0.6777 4.8176
