-1.8657 0.0044 102.5951 164.8197 259.3792 0.5082 2.3521
0.3514 0.0003 102.6023 353.9487 239.5972 0.5372 2.7356
3.3228 0.0000 102.5592 479.0122 235.1874 0.5285 3.2514
4.8762 0.0000 102.4586 547.4935 240.6127 0.5091 2.7702
5.7954 0.0000 102.3405 585.2240 233.5578 0.5077 2.2242
6.4768 0.0000 102.2398 535.1605 231.8228 0.5094 1.9098
6.8952 0.0000 102.1614 416.4711 232.1679 0.5103 1.8023
6.9232 0.0000 102.1242 248.7013 232.9962 0.5125 1.8817
6.5610 0.0000 102.1151 71.0522 232.9498 0.5175 2.3989
5.9383 0.0000 102.1316 0.0471 232.1027 0.5219 3.3841
5.2693 0.0000 102.1420 0.0000 231.2483 0.5242 4.1836
4.6170 0.0000 102.1216 0.0000 230.3488 0.5265 4.8052
4.0564 0.0000 102.0955 0.0000 229.6691 0.5294 5.1013
3.6251 0.0000 102.1002 0.0000 229.3719 0.5349 4.8537
3.2750 0.0000 102.1170 0.0000 229.6233 0.5435 4.3391
2.8709 0.0000 102.0954 0.0000 230.0503 0.5536 4.0929
2.3942 0.0000 102.0680 0.0000 230.0181 0.5669 4.1596
1.8865 0.0000 102.0472 0.0000 230.2343 0.5835 4.0060
1.3756 0.0000 102.0322 0.0000 235.4137 0.5988 3.3946
0.8637 0.0007 102.0115 0.0000 249.5830 0.6082 3.1428
0.3244 0.0046 101.9974 0.0000 271.1453 0.6090 3.3854
-0.0857 0.0073 101.9841 0.0000 286.6118 0.6026 3.8137
-0.2824 0.0106 101.9633 0.0002 292.4224 0.5981 4.2999
-0.1731 0.0035 101.9206 29.9135 287.7744 0.6016 4.6703
