1.6660 0.0021 103.0457 202.5047 251.8722 0.5990 4.8383
3.3214 0.0005 103.0603 384.7421 238.8652 0.5995 4.5841
4.6802 0.0001 103.0179 540.0039 227.5154 0.5909 4.0946
5.5424 0.0001 102.9192 602.3510 230.2771 0.5860 3.5469
6.2122 0.0001 102.8059 587.3426 235.3355 0.5823 3.0020
6.7030 0.0001 102.7167 513.0227 238.3238 0.5791 2.6236
6.9184 0.0001 102.6532 393.1284 236.9859 0.5810 2.4535
6.8693 0.0000 102.6194 225.2356 236.7928 0.5840 2.3852
6.5682 0.0000 102.6179 53.3330 237.8037 0.5886 2.5608
6.1639 0.0001 102.6424 0.0000 240.7213 0.5961 3.1153
5.7479 0.0001 102.6658 0.0000 242.3802 0.6062 3.6166
5.2820 0.0000 102.6629 0.0000 237.0808 0.6166 4.1645
4.7750 0.0000 102.6386 0.0000 232.5757 0.6257 4.7518
4.3327 0.0000 102.6199 0.0000 231.1668 0.6317 5.1849
4.0319 0.0000 102.6120 0.0000 229.9083 0.6324 5.0987
3.7635 0.0000 102.6053 0.0000 229.5075 0.6281 4.7070
3.4964 0.0000 102.5878 0.0000 228.8754 0.6221 4.6093
3.2366 0.0000 102.5629 0.0000 228.3371 0.6175 4.7599
2.9768 0.0000 102.5168 0.0000 227.7249 0.6145 4.8221
2.7426 0.0000 102.4773 0.0000 227.2884 0.6137 4.6314
2.5143 0.0000 102.4762 0.0000 227.4152 0.6144 4.7023
2.4506 0.0000 102.4996 0.0000 230.2638 0.6155 4.8048
2.5623 0.0000 102.5010 0.1478 242.9219 0.6163 4.5596
2.8021 0.0000 102.4707 47.5176 256.3235 0.6178 4.3046
