-0.7354 0.0021 99.8901 152.7882 248.6681 0.5330 6.0980
1.0151 0.0002 99.9185 345.2191 227.3606 0.5347 5.7919
3.1988 0.0000 99.8910 494.5508 227.1736 0.5312 5.4205
5.1349 0.0000 99.8105 580.8021 231.0817 0.5121 4.5833
6.6105 0.0000 99.6953 599.0024 235.0252 0.4951 3.8133
7.6066 0.0000 99.5828 547.0594 239.3562 0.4946 3.5962
8.2129 0.0000 99.4973 428.9640 242.9144 0.4981 3.5159
8.3534 0.0000 99.4530 272.4817 244.0943 0.5047 3.6264
7.8599 0.0000 99.4359 99.2636 243.6958 0.5183 4.1653
6.6867 0.0000 99.4444 2.6111 241.4016 0.5326 5.3158
5.4111 0.0000 99.4765 0.0000 238.5009 0.5378 5.6105
4.4301 0.0000 99.5038 0.0000 236.5337 0.5386 5.0828
3.7772 0.0000 99.5138 0.0000 241.3364 0.5351 4.7293
3.3776 0.0000 99.5171 0.0000 251.6845 0.5301 4.2164
3.1708 0.0000 99.5065 0.0000 257.3491 0.5246 3.8939
3.0998 0.0000 99.4728 0.0000 264.6299 0.5198 3.8174
3.1373 0.0000 99.4463 0.0000 268.9891 0.5175 3.8582
3.2290 0.0000 99.4205 0.0000 273.5378 0.5176 3.9358
3.3054 0.0000 99.3827 0.0000 277.9770 0.5190 4.1584
3.2891 0.0000 99.3325 0.0000 281.8847 0.5220 4.3216
3.1810 0.0000 99.2864 0.0000 283.7158 0.5261 4.4506
2.9813 0.0000 99.2314 0.0000 284.7157 0.5313 4.9379
2.6874 0.0000 99.2230 0.0000 283.8286 0.5369 4.7862
2.5464 0.0000 99.2733 22.7711 269.8392 0.5408 3.6684
