-0.6497 0.0005 102.6791 129.6973 262.4401 0.5359 4.7241
0.9589 0.0000 102.7003 305.6011 238.6066 0.5403 4.6221
3.0717 0.0000 102.6671 465.7076 232.3952 0.5212 4.6583
4.8305 0.0000 102.5703 573.0730 229.4360 0.4940 4.2866
5.8465 0.0000 102.4519 596.0724 229.0099 0.4893 3.7149
6.5746 0.0000 102.3400 543.2126 230.5227 0.4897 3.3775
6.9704 0.0000 102.2588 424.2285 233.3574 0.4923 3.3087
7.0539 0.0000 102.2139 261.2325 235.6095 0.4938 3.3755
6.7601 0.0000 102.2022 85.2305 236.9932 0.5016 3.7188
6.2762 0.0000 102.2027 0.7926 237.2377 0.5073 4.4988
5.7755 0.0000 102.2025 0.0000 237.1285 0.5085 5.1642
5.2311 0.0000 102.1899 0.0000 236.6594 0.5131 5.4100
4.6783 0.0000 102.1893 0.0000 235.9087 0.5219 5.0815
4.1512 0.0000 102.2022 0.0000 235.1368 0.5323 4.7591
3.6289 0.0000 102.1916 0.0000 235.0762 0.5430 4.8482
3.0876 0.0000 102.1650 0.0000 237.7977 0.5530 4.7255
2.6003 0.0000 102.1452 0.0000 247.1757 0.5605 4.2418
2.2169 0.0000 102.1365 0.0000 254.6710 0.5658 3.9478
1.8793 0.0000 102.1137 0.0000 260.6528 0.5695 4.1080
1.5485 0.0000 102.0734 0.0000 263.1200 0.5719 4.5587
1.2560 0.0000 102.0337 0.0000 268.1300 0.5734 5.0330
1.1070 0.0000 102.0006 0.0000 271.9957 0.5755 5.2464
1.0757 0.0000 101.9598 0.0000 273.5717 0.5785 5.5125
1.1118 0.0000 101.9414 26.6300 269.0891 0.5827 5.0282
