-2.2805 0.0001 102.5426 144.5597 244.3528 0.4791 4.3065
-0.4092 0.0000 102.5664 302.7082 230.4840 0.4977 3.8420
2.3736 0.0000 102.5440 449.9956 227.6814 0.4812 3.7109
4.3237 0.0000 102.4487 550.6413 226.2756 0.4511 3.2118
5.1919 0.0000 102.3222 571.7841 225.3856 0.4460 2.6353
5.7954 0.0000 102.2155 519.8073 226.2517 0.4465 2.3109
6.1789 0.0000 102.1328 406.2274 227.6125 0.4472 2.2043
6.2180 0.0000 102.0904 245.0417 229.5372 0.4497 2.3094
5.9133 0.0000 102.0787 74.6325 230.4810 0.4550 2.7908
5.3899 0.0000 102.0792 0.3068 230.2764 0.4593 3.7081
4.7636 0.0000 102.0815 0.0000 229.8188 0.4626 4.6076
4.0710 0.0000 102.0651 0.0000 229.3868 0.4676 5.2973
3.3883 0.0000 102.0527 0.0000 229.0208 0.4739 5.5214
2.7963 0.0000 102.0723 0.0000 228.8945 0.4809 5.3123
2.3041 0.0000 102.0760 0.0000 228.9255 0.4887 5.3383
1.8240 0.0000 102.0428 0.0000 229.1328 0.4967 5.4693
1.3688 0.0000 102.0311 0.0000 233.4709 0.5039 5.0409
1.0140 0.0000 102.0346 0.0000 242.0084 0.5106 4.6966
0.7504 0.0000 102.0158 0.0000 247.5514 0.5171 4.7201
0.5461 0.0000 101.9634 0.0000 254.7820 0.5246 5.0308
0.3756 0.0000 101.9074 0.0000 253.4714 0.5349 5.4694
0.2574 0.0000 101.8662 0.0000 253.3207 0.5485 5.7522
0.1311 0.0001 101.8279 0.0000 258.7317 0.5614 5.8799
-0.0672 0.0006 101.7992 24.3067 265.6566 0.5710 5.6366
