-2.1309 0.0021 103.1163 171.0488 254.7830 0.5073 2.9877
0.6142 0.0001 103.1232 372.9605 225.2619 0.5469 3.1257
3.3284 0.0000 103.0872 514.8524 221.7710 0.5423 2.8625
4.4769 0.0000 102.9840 579.3135 226.3499 0.5307 2.1873
5.2356 0.0000 102.8657 574.9313 229.7812 0.5287 1.6717
5.7930 0.0000 102.7724 506.1691 232.9862 0.5301 1.3010
6.1278 0.0000 102.6993 388.2593 232.8904 0.5308 1.1005
6.1166 0.0000 102.6609 224.9970 233.0359 0.5341 1.0906
5.8251 0.0000 102.6520 56.9420 232.3286 0.5380 1.2892
5.4441 0.0000 102.6764 0.0000 232.4213 0.5425 1.7810
5.0299 0.0000 102.6873 0.0000 235.6163 0.5500 2.3764
4.5474 0.0000 102.6751 0.0000 234.5055 0.5614 3.1889
3.9906 0.0000 102.6506 0.0000 230.6501 0.5773 4.1400
3.3313 0.0000 102.6329 0.0000 229.5536 0.5959 4.8752
2.6065 0.0000 102.6458 0.0000 228.4347 0.6113 5.1214
1.8945 0.0000 102.6537 0.0000 227.5105 0.6190 4.9425
1.2656 0.0000 102.6277 0.0000 226.7337 0.6183 4.9325
0.7221 0.0000 102.5978 0.0000 227.0946 0.6101 4.9720
0.2204 0.0001 102.5833 0.0000 235.2374 0.5974 4.2304
-0.1971 0.0024 102.5708 0.0000 249.7115 0.5841 3.3948
-0.4534 0.0039 102.5473 0.0000 257.4182 0.5729 3.2495
-0.4591 0.0027 102.5238 0.0000 265.3093 0.5672 3.2789
-0.3406 0.0020 102.4979 0.0003 257.5319 0.5655 3.6081
-0.1279 0.0013 102.4626 39.4203 258.4583 0.5670 3.9247
