-2.1022 0.0024 102.7552 166.0803 254.9147 0.5009 2.6783
0.3671 0.0002 102.7627 366.8559 228.3719 0.5313 3.0323
3.3197 0.0000 102.7218 482.9226 231.2971 0.5212 3.3568
4.6901 0.0000 102.6239 543.3434 238.4753 0.5067 2.7883
5.5510 0.0000 102.5075 583.1244 230.7969 0.5049 2.2204
6.1942 0.0000 102.4055 529.7023 230.3201 0.5064 1.9022
6.6051 0.0000 102.3262 411.5611 230.5750 0.5064 1.7806
6.6297 0.0000 102.2890 244.7604 231.4618 0.5084 1.8329
6.2890 0.0000 102.2799 68.9546 231.5673 0.5132 2.2573
5.7496 0.0000 102.2959 0.0372 231.0220 0.5177 3.1087
5.1811 0.0000 102.3056 0.0000 230.5292 0.5207 3.9196
4.6041 0.0000 102.2851 0.0000 229.8797 0.5240 4.6515
4.0691 0.0000 102.2574 0.0000 229.2645 0.5286 5.0793
3.6279 0.0000 102.2620 0.0000 228.9383 0.5362 4.9409
3.2489 0.0000 102.2795 0.0000 229.0737 0.5472 4.4821
2.8037 0.0000 102.2608 0.0000 229.4574 0.5599 4.3356
2.2732 0.0000 102.2282 0.0000 229.3683 0.5761 4.5225
1.6952 0.0000 102.2141 0.0000 229.6010 0.5950 4.3183
1.1349 0.0001 102.2067 0.0000 236.9933 0.6101 3.6799
0.5682 0.0021 102.1848 0.0000 256.7791 0.6144 3.5724
-0.0350 0.0095 102.1615 0.0000 279.1713 0.6066 3.8497
-0.4304 0.0093 102.1386 0.0000 290.3520 0.5949 4.1837
-0.5697 0.0091 102.1169 0.0000 294.4392 0.5891 4.5437
-0.4235 0.0039 102.0736 26.2483 290.7700 0.5920 4.7382
