-0.0137 0.0072 102.4033 162.2528 268.0898 0.5652 2.4976
1.6458 0.0018 102.4123 328.8229 262.4019 0.5811 2.4032
3.5867 0.0000 102.3650 527.1443 230.3302 0.5813 2.5729
5.3716 0.0000 102.2558 579.2100 239.0437 0.5431 2.3463
6.4153 0.0000 102.1317 595.5964 237.8836 0.5317 2.0599
7.1030 0.0000 102.0324 539.5044 237.0682 0.5303 1.9583
7.4717 0.0000 101.9591 418.5143 237.0902 0.5306 2.0718
7.4965 0.0000 101.9249 248.6088 237.6609 0.5314 2.2658
7.0809 0.0000 101.9158 69.8229 237.2527 0.5364 2.8357
6.3273 0.0000 101.9380 0.0243 235.5664 0.5411 3.7598
5.5636 0.0000 101.9542 0.0000 233.7605 0.5436 4.2272
4.9121 0.0000 101.9453 0.0000 232.3965 0.5469 4.3977
4.4521 0.0000 101.9225 0.0000 231.6639 0.5529 4.3067
4.1365 0.0000 101.9124 0.0000 231.7067 0.5636 3.8481
3.8345 0.0000 101.9137 0.0000 232.2184 0.5796 3.2018
3.3906 0.0000 101.9018 0.0000 232.7158 0.5975 2.8625
2.8403 0.0000 101.8798 0.0000 232.4705 0.6157 2.7163
2.2887 0.0000 101.8599 0.0000 232.2409 0.6324 2.6504
1.7463 0.0000 101.8227 0.0000 232.5094 0.6464 2.5842
1.1922 0.0008 101.7883 0.0000 245.2891 0.6505 2.6109
0.5953 0.0044 101.7977 0.0000 283.7797 0.6369 2.8824
0.2623 0.0072 101.8217 0.0000 296.0865 0.6228 2.7952
0.1076 0.0148 101.8176 0.0169 295.3341 0.6166 2.6335
0.1986 0.0077 101.7879 35.7581 288.7613 0.6178 2.5918
