-1.4964 0.0068 101.4851 168.1543 261.9033 0.5157 2.2597
0.3345 0.0004 101.4916 339.7974 249.5664 0.5371 2.6456
3.1532 0.0000 101.4505 493.5888 233.7587 0.5271 3.2180
5.1489 0.0000 101.3424 584.8012 234.2168 0.4954 2.8158
6.2356 0.0000 101.2239 598.5148 234.6610 0.4973 2.2510
6.9793 0.0000 101.1254 551.5816 231.9811 0.5043 1.8921
7.4134 0.0000 101.0545 428.2772 234.1339 0.5096 1.8238
7.4470 0.0000 101.0149 258.7826 235.2141 0.5144 1.9966
7.0388 0.0000 101.0083 77.2518 235.2208 0.5219 2.6779
6.2614 0.0000 101.0248 0.1334 234.1484 0.5276 3.8335
5.3696 0.0000 101.0347 0.0000 232.7787 0.5301 4.5039
4.4964 0.0000 101.0161 0.0000 231.5919 0.5316 4.8574
3.7678 0.0000 100.9986 0.0000 230.6945 0.5323 4.8722
3.2355 0.0000 101.0028 0.0000 230.3045 0.5333 4.4524
2.8605 0.0000 101.0168 0.0000 230.4912 0.5353 3.9528
2.4952 0.0000 100.9912 0.0000 230.9180 0.5372 3.6003
2.1154 0.0000 100.9685 0.0000 231.1275 0.5396 3.4380
1.7571 0.0000 100.9429 0.0000 233.0141 0.5444 3.2947
1.3838 0.0000 100.9130 0.0000 236.6620 0.5513 2.7755
1.0098 0.0000 100.8897 0.0000 246.1499 0.5599 2.3070
0.6783 0.0001 100.8872 0.0000 259.2731 0.5688 2.3732
0.4419 0.0027 100.8820 0.0000 265.4704 0.5758 2.9015
0.2135 0.0076 100.8604 0.0008 269.5844 0.5795 3.6318
0.0828 0.0036 100.8166 43.3776 263.5114 0.5815 4.3670
