3.8963 0.0050 103.0380 199.0622 262.8786 0.6156 5.5166
4.4292 0.0033 103.0615 346.1118 258.8621 0.6040 5.1063
4.8434 0.0024 103.0293 489.9624 246.7605 0.6033 4.7066
5.2047 0.0018 102.9331 560.4730 244.9786 0.6040 4.2568
5.4858 0.0016 102.8362 559.5319 244.5192 0.6036 3.7740
5.6517 0.0014 102.7574 488.1248 246.1680 0.6019 3.4004
5.6709 0.0009 102.7035 364.0573 246.2280 0.5992 3.1641
5.5650 0.0008 102.6757 205.7775 245.2103 0.5956 3.0393
5.2684 0.0005 102.6735 45.8427 244.6824 0.5947 3.1275
4.8836 0.0003 102.6956 0.0000 244.5845 0.5959 3.4799
4.5622 0.0001 102.7220 0.0000 240.0098 0.5962 3.6181
4.3078 0.0001 102.7232 0.0000 234.1676 0.5958 3.7535
4.1554 0.0000 102.6971 0.0000 231.1935 0.5938 3.9847
4.1026 0.0000 102.6728 0.0000 229.7677 0.5934 4.2120
4.1258 0.0000 102.6546 0.0000 229.4337 0.5962 4.1998
4.0857 0.0000 102.6400 0.0000 229.7486 0.5993 3.9233
3.9582 0.0000 102.6246 0.0000 229.5834 0.6017 3.8305
3.8002 0.0000 102.5991 0.0000 229.3470 0.6041 4.0510
3.6337 0.0000 102.5495 0.0000 228.8954 0.6070 4.3602
3.4860 0.0000 102.4981 0.0000 228.5217 0.6110 4.4170
3.3627 0.0000 102.4926 0.0000 228.6316 0.6150 4.4769
3.3759 0.0000 102.5155 0.0000 229.6826 0.6188 4.5745
3.5044 0.0000 102.5227 0.2390 235.7407 0.6228 4.2976
3.7236 0.0000 102.5000 61.2835 247.1087 0.6280 3.9194
