0.7126 0.0044 103.0473 184.3257 264.3027 0.5948 4.2649
2.5983 0.0005 103.0618 361.7438 250.2099 0.6058 4.1382
4.5439 0.0001 103.0155 538.2573 227.7322 0.5924 3.6403
5.7652 0.0000 102.9107 597.2042 233.2630 0.5698 3.0495
6.6280 0.0000 102.7948 578.5359 240.1028 0.5554 2.5684
7.2106 0.0000 102.6982 512.8387 241.0546 0.5503 2.3179
7.5005 0.0000 102.6320 398.9239 238.0745 0.5512 2.2702
7.4822 0.0000 102.5994 231.0443 238.0737 0.5549 2.2822
7.1872 0.0000 102.5943 57.3713 238.2741 0.5618 2.5485
6.7439 0.0000 102.6188 0.0000 238.2357 0.5721 3.1588
6.2774 0.0000 102.6397 0.0000 237.7257 0.5844 3.7025
5.7478 0.0000 102.6305 0.0000 235.7016 0.5994 4.2871
5.1644 0.0000 102.6111 0.0000 233.6788 0.6174 4.9107
4.5705 0.0000 102.5876 0.0000 232.6166 0.6348 5.3571
4.0735 0.0000 102.5896 0.0000 231.8394 0.6453 5.2920
3.5946 0.0000 102.5808 0.0000 231.4267 0.6461 5.0013
3.1425 0.0000 102.5632 0.0000 230.4905 0.6409 4.8954
2.7896 0.0000 102.5431 0.0000 229.7937 0.6334 4.8881
2.4921 0.0000 102.5008 0.0000 229.1956 0.6264 4.7853
2.2390 0.0000 102.4616 0.0000 228.7651 0.6225 4.5332
2.0170 0.0000 102.4630 0.0000 228.7308 0.6216 4.5245
1.9837 0.0000 102.4897 0.0000 236.1724 0.6220 4.5649
2.1159 0.0000 102.4919 0.1295 252.2662 0.6225 4.3426
2.3238 0.0000 102.4591 49.4228 254.8004 0.6228 4.2039
