0.0602 0.0008 101.1967 169.3797 251.1948 0.5688 5.5992
2.0151 0.0001 101.2184 380.4231 221.3011 0.5781 5.1611
4.5954 0.0000 101.1878 521.0741 225.7412 0.5642 5.0922
6.6896 0.0000 101.1005 601.3361 232.6978 0.5175 4.7767
7.8143 0.0000 100.9910 613.1590 237.8754 0.4986 4.4758
8.4758 0.0000 100.8876 558.5781 241.3642 0.4953 4.5355
8.7432 0.0000 100.8122 437.3344 244.4638 0.4988 4.7291
8.6390 0.0000 100.7717 276.6714 245.5959 0.5039 5.0223
7.9931 0.0000 100.7595 99.4704 245.2300 0.5229 5.4509
6.9144 0.0000 100.7680 2.2012 242.8067 0.5406 6.3201
5.9525 0.0000 100.7826 0.0000 240.0442 0.5451 6.6826
5.2001 0.0000 100.7944 0.0000 238.0793 0.5484 6.2539
4.6146 0.0000 100.7947 0.0000 240.2408 0.5504 5.9727
4.1495 0.0000 100.8041 0.0000 249.9509 0.5527 5.5090
3.7988 0.0000 100.7944 0.0000 257.1528 0.5544 5.0326
3.5252 0.0000 100.7675 0.0000 264.5706 0.5549 4.7706
3.3135 0.0000 100.7402 0.0000 270.0918 0.5548 4.6392
3.1236 0.0000 100.7143 0.0000 274.3464 0.5554 4.5720
2.9176 0.0000 100.6857 0.0000 277.3471 0.5568 4.6563
2.6726 0.0000 100.6400 0.0000 280.6062 0.5592 4.8672
2.4237 0.0000 100.6048 0.0000 281.7748 0.5627 4.9721
2.2640 0.0000 100.5655 0.0000 280.8868 0.5680 5.2178
2.2521 0.0000 100.5295 0.0000 278.1102 0.5746 5.1924
2.3310 0.0000 100.5612 31.5431 262.7356 0.5802 4.0598
