-2.2225 0.0017 102.9224 168.5066 252.4811 0.4991 3.0639
0.3867 0.0000 102.9290 380.3567 218.5676 0.5302 3.2558
3.2463 0.0000 102.8940 511.8629 221.0485 0.5206 3.1850
4.4887 0.0000 102.7912 558.2100 232.0676 0.5059 2.5390
5.2496 0.0000 102.6796 569.9903 231.4528 0.5039 1.9726
5.8112 0.0000 102.5789 520.6550 229.3492 0.5059 1.6407
6.1662 0.0000 102.5062 401.6060 229.9471 0.5060 1.5212
6.1686 0.0000 102.4638 236.5476 230.5700 0.5081 1.5589
5.8472 0.0000 102.4547 63.8326 230.6062 0.5123 1.8783
5.3930 0.0000 102.4718 0.0081 230.2286 0.5161 2.5126
4.9277 0.0000 102.4815 0.0000 230.0155 0.5197 3.1774
4.4582 0.0000 102.4623 0.0000 229.6774 0.5248 3.9196
3.9982 0.0000 102.4339 0.0000 229.1247 0.5333 4.5330
3.5385 0.0000 102.4303 0.0000 228.8252 0.5468 4.6901
3.0665 0.0000 102.4475 0.0000 228.7910 0.5644 4.4312
2.5118 0.0000 102.4381 0.0000 229.0481 0.5825 4.3536
1.8784 0.0000 102.4004 0.0000 228.8775 0.6001 4.6872
1.2081 0.0000 102.3888 0.0000 228.8004 0.6159 4.5917
0.5740 0.0002 102.3861 0.0000 239.7540 0.6221 3.8950
-0.1123 0.0055 102.3660 0.0000 268.4373 0.6100 3.6643
-0.7793 0.0187 102.3378 0.0000 293.0125 0.5846 3.7439
-1.0491 0.0121 102.3097 0.0000 290.2628 0.5699 3.8429
-1.1012 0.0075 102.2835 0.0000 284.9970 0.5663 4.1523
-1.0456 0.0059 102.2414 28.1621 282.9469 0.5651 4.3257
