0.6127 0.0005 101.1435 162.6762 247.7147 0.5800 6.6412
2.2762 0.0000 101.1757 352.1697 232.0349 0.5801 6.2859
4.4218 0.0000 101.1538 498.6895 232.7944 0.5707 5.7981
6.4148 0.0000 101.0761 583.5927 237.4625 0.5375 4.9437
7.8625 0.0000 100.9577 600.8671 241.9680 0.5113 4.3158
8.7815 0.0000 100.8387 551.8696 245.1714 0.5076 4.0902
9.3137 0.0000 100.7535 434.1949 247.6169 0.5109 4.0096
9.4734 0.0000 100.7014 278.1778 248.5272 0.5166 4.1136
9.0809 0.0000 100.6843 104.0837 248.5883 0.5308 4.3909
8.0831 0.0000 100.6936 3.4344 247.6160 0.5483 5.0934
6.9142 0.0000 100.7377 0.0000 246.6295 0.5608 5.4072
5.9067 0.0000 100.7633 0.0000 247.8935 0.5696 5.3937
5.1427 0.0000 100.7750 0.0000 260.0182 0.5744 5.2386
4.6170 0.0000 100.7902 0.0000 267.2992 0.5773 4.7850
4.2648 0.0000 100.7785 0.0000 271.1647 0.5769 4.7651
4.0412 0.0000 100.7434 0.0000 275.3740 0.5733 4.9591
3.9456 0.0000 100.7157 0.0000 278.8536 0.5689 4.9882
3.9519 0.0000 100.6882 0.0000 282.6111 0.5657 4.9499
4.0105 0.0000 100.6433 0.0000 285.7265 0.5643 4.9895
4.0389 0.0000 100.5941 0.0000 287.6725 0.5652 4.9233
4.0022 0.0000 100.5378 0.0000 288.0385 0.5675 5.1232
3.8628 0.0000 100.4762 0.0000 285.6743 0.5724 5.6178
3.5946 0.0000 100.4945 0.0000 270.7056 0.5801 4.8425
3.3630 0.0000 100.5477 27.5513 261.3486 0.5857 3.7711
