-0.9268 0.0005 100.5868 172.4166 246.6561 0.5236 4.1949
1.2457 0.0000 100.5953 375.2352 222.7973 0.5291 4.1243
3.9805 0.0000 100.5593 525.6360 222.9024 0.5001 4.1611
5.9305 0.0000 100.4665 611.6693 226.0339 0.4718 3.6058
6.9760 0.0000 100.3543 623.7361 228.6484 0.4718 3.0532
7.6219 0.0000 100.2577 564.9241 231.4047 0.4793 2.9064
7.9276 0.0000 100.1852 442.6553 233.8965 0.4880 3.1015
7.8428 0.0000 100.1542 274.1722 235.5914 0.4963 3.3616
7.2512 0.0000 100.1460 90.0228 236.6133 0.5117 3.9676
6.2920 0.0000 100.1586 0.7363 236.4692 0.5227 4.8479
5.3674 0.0000 100.1619 0.0000 235.9942 0.5265 5.1850
4.6225 0.0000 100.1508 0.0000 235.4345 0.5306 5.0391
4.0673 0.0000 100.1452 0.0000 234.9476 0.5355 4.4599
3.6755 0.0000 100.1479 0.0000 234.8951 0.5400 3.9067
3.3997 0.0000 100.1427 0.0000 236.6630 0.5436 3.6349
3.1721 0.0000 100.1148 0.0000 239.8341 0.5461 3.4084
2.9975 0.0000 100.0873 0.0000 247.7122 0.5478 3.1794
2.8715 0.0000 100.0629 0.0000 254.4765 0.5493 2.7876
2.6993 0.0000 100.0387 0.0000 263.8390 0.5505 2.3090
2.4656 0.0000 100.0140 0.0000 265.8249 0.5514 2.0905
2.2584 0.0000 99.9883 0.0000 267.4994 0.5520 2.4048
2.2403 0.0000 99.9741 0.0000 269.9329 0.5530 2.8912
2.4034 0.0000 99.9343 0.0000 260.7176 0.5542 3.5951
2.6655 0.0000 99.8975 37.5388 262.2243 0.5554 3.9155
