-1.8276 0.0030 102.7842 169.7204 258.0324 0.5127 2.5581
0.4027 0.0003 102.7939 363.4852 235.9082 0.5433 2.8093
3.2635 0.0000 102.7533 493.3134 232.0861 0.5378 3.1408
4.6505 0.0000 102.6537 549.1269 239.6608 0.5210 2.6182
5.4907 0.0000 102.5381 577.0373 234.8716 0.5163 2.0598
6.1275 0.0000 102.4399 528.7760 232.4350 0.5150 1.7484
6.5217 0.0000 102.3622 411.3919 231.9200 0.5140 1.6325
6.5757 0.0000 102.3245 244.1259 232.5886 0.5143 1.6693
6.2773 0.0000 102.3154 67.9033 232.5016 0.5181 2.0446
5.7876 0.0000 102.3319 0.0250 231.7176 0.5224 2.8117
5.2882 0.0000 102.3423 0.0000 231.0608 0.5259 3.5349
4.7984 0.0000 102.3218 0.0000 230.4655 0.5307 4.2252
4.3442 0.0000 102.2939 0.0000 230.1341 0.5384 4.7040
3.9219 0.0000 102.2911 0.0000 230.0608 0.5509 4.7160
3.5120 0.0000 102.3077 0.0000 230.3354 0.5669 4.3787
3.0154 0.0000 102.2903 0.0000 230.6920 0.5829 4.2262
2.4460 0.0000 102.2637 0.0000 230.4802 0.5983 4.3878
1.8675 0.0000 102.2422 0.0000 230.2818 0.6136 4.3526
1.3044 0.0001 102.2280 0.0000 237.1450 0.6240 3.7763
0.7362 0.0010 102.2072 0.0000 256.2268 0.6243 3.4482
0.1762 0.0058 102.1948 0.0000 276.5142 0.6158 3.6220
-0.1827 0.0072 102.1857 0.0000 289.3540 0.6044 3.8731
-0.2615 0.0076 102.1645 0.0006 292.5990 0.5996 4.1683
-0.0469 0.0023 102.1244 30.5503 286.4627 0.6042 4.4176
