0.7779 0.0001 101.4312 177.0909 248.0896 0.5932 5.8343
2.8239 0.0000 101.4545 373.1264 228.5321 0.6022 5.3116
5.3958 0.0000 101.4274 512.5619 233.5801 0.5943 5.0448
7.6069 0.0000 101.3409 596.4757 239.8223 0.5383 4.7300
8.8284 0.0000 101.2298 607.7585 245.8276 0.5050 4.5966
9.4503 0.0000 101.1262 560.2071 247.3623 0.4971 4.8076
9.6755 0.0000 101.0513 441.0708 249.1121 0.4983 5.0876
9.5387 0.0000 101.0081 281.7812 249.3472 0.5028 5.4606
8.8336 0.0000 100.9975 104.0727 248.3571 0.5250 5.8185
7.6436 0.0000 101.0070 2.7690 245.5422 0.5482 6.6015
6.6293 0.0000 101.0284 0.0000 242.8391 0.5558 6.9862
5.8435 0.0000 101.0405 0.0000 241.6519 0.5608 6.7966
5.1990 0.0000 101.0377 0.0000 249.1124 0.5648 6.7493
4.6716 0.0000 101.0525 0.0000 259.0536 0.5701 6.2176
4.2803 0.0000 101.0459 0.0000 266.7793 0.5739 5.8601
3.9934 0.0000 101.0173 0.0000 272.7534 0.5749 5.7117
3.7798 0.0000 100.9870 0.0000 277.1613 0.5742 5.6179
3.5822 0.0000 100.9612 0.0000 280.7296 0.5740 5.4671
3.3812 0.0000 100.9326 0.0000 283.1482 0.5741 5.5149
3.1660 0.0000 100.8882 0.0000 284.9273 0.5754 5.5673
2.9869 0.0000 100.8516 0.0000 284.3318 0.5780 5.5470
2.8833 0.0000 100.8054 0.0000 282.5241 0.5829 5.8377
2.8607 0.0000 100.7773 0.0000 271.7928 0.5903 5.5935
2.8642 0.0000 100.8244 38.7112 248.9825 0.5963 4.2778
