-1.2007 0.0038 103.0554 171.0069 262.7133 0.5436 3.2201
1.2506 0.0007 103.0698 358.1186 242.7375 0.5757 3.3936
3.6976 0.0001 103.0238 527.6904 225.2135 0.5684 3.1135
4.9502 0.0001 102.9205 586.4915 230.8271 0.5533 2.5270
5.7812 0.0000 102.8045 566.6553 238.5630 0.5458 1.9982
6.3984 0.0000 102.7112 516.0521 235.6438 0.5427 1.6660
6.7437 0.0000 102.6383 396.6583 235.3950 0.5432 1.5266
6.7744 0.0000 102.6012 230.4070 235.5792 0.5457 1.4885
6.5261 0.0000 102.5975 58.1592 235.8825 0.5505 1.6639
6.1725 0.0000 102.6191 0.0003 236.8645 0.5584 2.1987
5.7816 0.0000 102.6353 0.0000 237.5444 0.5700 2.8401
5.3212 0.0000 102.6209 0.0000 235.7065 0.5856 3.6402
4.7667 0.0000 102.5978 0.0000 232.7549 0.6041 4.5153
4.1259 0.0000 102.5801 0.0000 231.5140 0.6217 5.1849
3.5122 0.0000 102.5866 0.0000 230.8953 0.6348 5.2515
2.9279 0.0000 102.5859 0.0000 230.3535 0.6402 4.9742
2.4044 0.0000 102.5638 0.0000 229.4659 0.6391 4.9067
1.9942 0.0000 102.5375 0.0000 228.7911 0.6341 5.0200
1.6524 0.0001 102.5038 0.0000 231.9421 0.6277 4.7354
1.3251 0.0006 102.4789 0.0000 239.9835 0.6200 4.2062
1.0176 0.0020 102.4792 0.0000 245.2654 0.6122 4.1822
0.9234 0.0017 102.4871 0.0000 251.2685 0.6072 4.1716
1.0424 0.0008 102.4711 0.0247 261.7898 0.6062 4.0838
1.2954 0.0002 102.4358 40.6495 263.3716 0.6082 4.1465
