-0.6603 0.0062 103.0821 167.4693 260.9071 0.5557 3.4111
1.5190 0.0014 103.0954 328.0080 254.3453 0.5781 3.4392
3.7755 0.0001 103.0524 519.5147 225.5423 0.5712 3.1234
4.9440 0.0001 102.9490 585.4726 229.6337 0.5633 2.5574
5.7455 0.0001 102.8308 582.2418 232.2181 0.5625 2.0769
6.3270 0.0000 102.7374 509.8777 235.6211 0.5625 1.7114
6.6301 0.0000 102.6700 387.3841 236.3277 0.5644 1.5136
6.6074 0.0000 102.6342 222.7155 237.1733 0.5674 1.4613
6.3147 0.0000 102.6317 54.3020 236.3378 0.5714 1.7189
5.8819 0.0002 102.6502 0.0000 242.9688 0.5798 2.4638
5.3440 0.0002 102.6731 0.0000 248.0185 0.5923 3.2264
4.6913 0.0002 102.6664 0.0000 245.8501 0.6054 4.0451
3.9323 0.0000 102.6446 0.0000 238.8847 0.6161 4.9107
3.1719 0.0000 102.6268 0.0000 230.7273 0.6217 5.5751
2.5762 0.0000 102.6308 0.0000 228.9567 0.6228 5.6085
2.1340 0.0000 102.6346 0.0000 227.7920 0.6184 5.1339
1.7876 0.0000 102.6170 0.0000 226.7767 0.6111 4.8717
1.5516 0.0000 102.5852 0.0000 226.3778 0.6033 4.9793
1.3577 0.0000 102.5477 0.0000 228.6599 0.5968 4.7477
1.1348 0.0007 102.5288 0.0000 232.5345 0.5916 4.1108
0.9079 0.0011 102.5231 0.0000 235.3116 0.5863 3.9897
0.8773 0.0007 102.5185 0.0000 243.6968 0.5828 3.9261
1.0174 0.0004 102.4997 0.0141 249.0864 0.5822 3.8587
1.2585 0.0002 102.4644 41.3553 257.6493 0.5850 3.9644
