-1.2345 0.0009 102.5771 113.6569 262.6421 0.5183 3.9013
0.3899 0.0000 102.6027 280.9747 238.6151 0.5230 3.9780
2.5978 0.0000 102.5759 448.8487 229.7147 0.5130 4.1083
4.5870 0.0000 102.4806 551.0858 229.0249 0.4910 3.9012
5.6144 0.0000 102.3551 576.8493 228.7398 0.4847 3.3401
6.3353 0.0000 102.2387 524.2931 232.1230 0.4811 2.9700
6.7646 0.0000 102.1503 411.1346 235.1107 0.4793 2.8181
6.8599 0.0000 102.1069 253.5693 237.1936 0.4791 2.8528
6.6006 0.0000 102.0900 84.0052 238.1226 0.4831 3.1812
6.1426 0.0000 102.0905 1.0565 237.7664 0.4862 3.9447
5.6220 0.0000 102.0929 0.0000 236.8720 0.4860 4.5627
5.0601 0.0000 102.0866 0.0000 235.5620 0.4875 4.6920
4.5063 0.0000 102.0924 0.0000 234.3747 0.4910 4.3538
3.9930 0.0000 102.0982 0.0000 233.6586 0.4961 4.1773
3.4725 0.0000 102.0835 0.0000 233.7721 0.5034 4.2402
2.9483 0.0000 102.0647 0.0000 240.6350 0.5128 3.8768
2.4851 0.0000 102.0482 0.0000 250.6807 0.5225 3.5259
2.0789 0.0000 102.0402 0.0000 256.7625 0.5323 3.4347
1.6982 0.0000 102.0155 0.0000 261.5448 0.5414 3.6184
1.3407 0.0000 101.9600 0.0000 264.7858 0.5499 4.0919
1.0260 0.0000 101.9111 0.0000 269.8697 0.5578 4.4966
0.8243 0.0000 101.8711 0.0000 274.9186 0.5651 4.7849
0.7020 0.0000 101.8259 0.0000 277.4182 0.5711 5.0786
0.6434 0.0001 101.8392 20.0905 273.4935 0.5776 4.5507
