0.5286 0.0006 101.1614 164.0906 247.3817 0.5788 6.8591
2.1169 0.0001 101.1923 354.5231 230.9187 0.5793 6.4471
4.2447 0.0000 101.1692 500.2892 232.0997 0.5697 6.0129
6.2308 0.0000 101.0902 584.9246 236.8926 0.5364 5.2639
7.6987 0.0000 100.9718 601.7177 241.5064 0.5081 4.5821
8.6271 0.0000 100.8541 552.0647 244.8661 0.5038 4.3410
9.1597 0.0000 100.7689 434.0802 247.3669 0.5064 4.2612
9.3176 0.0000 100.7181 277.8359 248.2134 0.5119 4.3951
8.8897 0.0000 100.7009 103.5988 248.0154 0.5274 4.7559
7.8001 0.0000 100.7097 3.2795 246.4464 0.5475 5.6119
6.5501 0.0000 100.7524 0.0000 244.9300 0.5615 5.9438
5.5217 0.0000 100.7794 0.0000 245.0193 0.5704 5.8727
4.7795 0.0000 100.7878 0.0000 257.0516 0.5736 5.7047
4.2990 0.0000 100.8024 0.0000 265.2501 0.5747 5.1534
4.0140 0.0000 100.7914 0.0000 269.6892 0.5727 5.0698
3.8653 0.0000 100.7557 0.0000 274.3131 0.5679 5.2371
3.8333 0.0000 100.7260 0.0000 278.0184 0.5633 5.2798
3.8823 0.0000 100.6997 0.0000 281.9530 0.5610 5.2550
3.9592 0.0000 100.6542 0.0000 285.3059 0.5605 5.3423
3.9848 0.0000 100.6056 0.0000 287.4464 0.5625 5.2850
3.9309 0.0000 100.5526 0.0000 287.7478 0.5660 5.4112
3.7656 0.0000 100.4922 0.0000 286.5188 0.5715 5.8778
3.4627 0.0000 100.5041 0.0000 271.5890 0.5790 5.2013
3.2224 0.0000 100.5599 28.8085 258.8769 0.5843 4.0473
