-1.7539 0.0039 97.7886 133.9652 255.1044 0.4993 4.6633
-0.0943 0.0003 97.8177 321.5656 229.6387 0.5046 4.4305
1.9663 0.0000 97.7965 473.4155 228.1591 0.5092 4.0521
3.9439 0.0000 97.7219 568.1940 228.6670 0.4944 3.2286
5.4099 0.0000 97.6099 595.2408 229.8817 0.4788 2.5771
6.3586 0.0000 97.5063 543.2902 234.4535 0.4797 2.5664
6.9231 0.0000 97.4242 424.5723 238.7351 0.4826 2.6399
6.9700 0.0000 97.3898 270.3891 238.8300 0.4882 2.8060
6.3409 0.0000 97.3733 98.5207 237.2983 0.4992 3.4237
5.0649 0.0000 97.3811 2.4363 234.4135 0.5092 4.4657
3.8204 0.0000 97.4116 0.0000 231.0162 0.5085 4.3785
2.9683 0.0000 97.4296 0.0000 228.9646 0.5048 3.4971
2.4631 0.0000 97.4405 0.0000 229.5837 0.4998 2.9002
2.1765 0.0000 97.4373 0.0000 240.5192 0.4947 2.5168
2.0734 0.0000 97.4225 0.0000 248.7979 0.4915 2.2714
2.1472 0.0000 97.3882 0.0000 257.6059 0.4900 2.1226
2.3520 0.0000 97.3653 0.0000 263.2002 0.4901 2.0858
2.5979 0.0000 97.3408 0.0000 267.5509 0.4919 2.1432
2.8006 0.0000 97.3073 0.0000 273.4641 0.4950 2.3369
2.8835 0.0000 97.2627 0.0000 278.2017 0.4984 2.5012
2.8655 0.0000 97.2195 0.0000 280.6622 0.5010 2.4817
2.7094 0.0000 97.1627 0.0000 282.8344 0.5031 3.0651
2.3326 0.0000 97.1479 0.0000 280.6564 0.5056 3.4500
2.1925 0.0000 97.1902 15.4893 280.3036 0.5088 2.6298
