-1.2062 0.0002 98.2148 195.5938 243.5780 0.5183 3.9692
1.1041 0.0000 98.2271 414.6595 213.7572 0.5345 3.8579
4.0340 0.0000 98.1914 553.4322 218.4351 0.5157 3.8232
6.0397 0.0000 98.1087 629.9818 224.5790 0.4925 3.1114
7.1639 0.0000 98.0051 636.4188 228.7466 0.4914 2.3050
7.9314 0.0000 97.9156 574.8762 232.3168 0.4953 1.8949
8.3465 0.0000 97.8433 448.2700 236.1779 0.5018 1.9894
8.3729 0.0000 97.8169 279.6778 237.3349 0.5089 2.2678
7.9007 0.0000 97.8146 93.2073 238.0275 0.5196 2.8015
7.0466 0.0000 97.8253 0.8385 237.5746 0.5273 3.5577
6.1250 0.0000 97.8315 0.0000 236.7931 0.5311 3.9174
5.2961 0.0000 97.8249 0.0000 235.9668 0.5348 3.7966
4.6462 0.0000 97.8251 0.0000 235.2494 0.5381 3.3693
4.1676 0.0000 97.8260 0.0000 236.0170 0.5412 3.0681
3.7974 0.0000 97.8261 0.0000 239.0105 0.5440 2.8777
3.4550 0.0000 97.8096 0.0000 241.5899 0.5457 2.7468
3.1622 0.0000 97.7831 0.0000 248.9478 0.5462 2.7799
2.9278 0.0000 97.7505 0.0000 258.8565 0.5460 2.7548
2.7102 0.0000 97.7157 0.0000 266.7423 0.5455 2.4036
2.5187 0.0000 97.6922 0.0000 269.1379 0.5446 2.0075
2.3766 0.0000 97.6747 0.0000 266.2903 0.5432 2.2036
2.3618 0.0000 97.6654 0.0000 267.7182 0.5427 2.5728
2.4114 0.0000 97.6338 0.0000 260.3956 0.5428 3.2383
2.4430 0.0000 97.6061 39.6647 265.0417 0.5436 3.6432
