-1.9854 0.0008 103.0747 176.5016 247.3045 0.5054 3.2026
0.5991 0.0000 103.0812 381.9401 216.8365 0.5342 3.2060
3.2171 0.0000 103.0487 503.7923 222.3960 0.5228 2.7551
4.3321 0.0000 102.9486 569.4246 226.8956 0.5103 2.0914
5.0574 0.0000 102.8306 572.1120 228.5826 0.5084 1.6162
5.5819 0.0000 102.7336 506.8477 231.0363 0.5104 1.2945
5.8856 0.0000 102.6635 386.6866 231.8585 0.5117 1.1374
5.8687 0.0000 102.6250 226.5156 231.1819 0.5140 1.1758
5.5671 0.0000 102.6159 58.2832 230.5172 0.5167 1.4563
5.1704 0.0000 102.6368 0.0010 230.6804 0.5193 1.9774
4.7578 0.0000 102.6440 0.0000 234.1444 0.5246 2.5131
4.2975 0.0000 102.6311 0.0000 233.1344 0.5337 3.2271
3.7718 0.0000 102.6066 0.0000 229.2848 0.5471 4.0260
3.1478 0.0000 102.5928 0.0000 228.4547 0.5642 4.5808
2.4773 0.0000 102.6061 0.0000 227.6497 0.5802 4.6782
1.8154 0.0000 102.6133 0.0000 227.1562 0.5918 4.5267
1.2096 0.0000 102.5833 0.0000 226.7352 0.5974 4.5735
0.6582 0.0000 102.5576 0.0000 226.5264 0.5974 4.4550
0.1934 0.0001 102.5511 0.0000 233.2770 0.5928 3.6941
-0.2035 0.0024 102.5284 0.0000 247.8984 0.5838 3.1304
-0.5235 0.0059 102.4977 0.0000 260.3048 0.5720 3.1110
-0.6143 0.0049 102.4671 0.0000 267.2595 0.5641 3.3153
-0.6221 0.0047 102.4408 0.0000 258.6361 0.5591 3.7206
-0.5595 0.0040 102.4051 37.3820 261.2025 0.5564 3.9463
