-2.0660 0.0002 102.6888 153.3696 247.0570 0.4922 4.3023
-0.0872 0.0000 102.7113 313.1248 230.6329 0.5122 3.9682
2.7616 0.0000 102.6830 451.0131 231.1507 0.4904 3.9641
4.3827 0.0000 102.5877 554.3492 227.9721 0.4639 3.3440
5.2569 0.0000 102.4624 582.4506 224.7475 0.4589 2.7114
5.8800 0.0000 102.3538 527.7216 225.8018 0.4607 2.3565
6.2913 0.0000 102.2726 409.8812 227.7247 0.4614 2.2265
6.3465 0.0000 102.2302 246.4300 229.7253 0.4642 2.3147
6.0553 0.0000 102.2210 74.0292 230.8316 0.4708 2.7472
5.5626 0.0000 102.2238 0.2336 230.8176 0.4771 3.6371
4.9813 0.0000 102.2263 0.0000 230.5230 0.4828 4.5606
4.3246 0.0000 102.2065 0.0000 230.1967 0.4909 5.3277
3.6503 0.0000 102.1923 0.0000 229.9424 0.5000 5.6403
3.0530 0.0000 102.2114 0.0000 229.8360 0.5087 5.4004
2.5616 0.0000 102.2174 0.0000 229.8725 0.5172 5.3463
2.0835 0.0000 102.1817 0.0000 229.8432 0.5244 5.6085
1.6123 0.0000 102.1639 0.0000 231.5355 0.5302 5.2784
1.2211 0.0000 102.1700 0.0000 239.8538 0.5359 4.7407
0.9248 0.0000 102.1548 0.0000 245.8964 0.5415 4.6385
0.6904 0.0000 102.1107 0.0000 253.7418 0.5480 4.8515
0.4927 0.0000 102.0592 0.0000 255.6021 0.5567 5.2631
0.3343 0.0001 102.0226 0.0000 258.6818 0.5679 5.6275
0.1501 0.0009 101.9823 0.0000 265.5841 0.5785 5.8255
-0.0794 0.0014 101.9459 24.0879 272.5009 0.5857 5.6554
