-1.4428 0.0053 101.3558 172.5836 256.0602 0.5156 2.6343
0.4348 0.0003 101.3624 340.2533 245.7431 0.5346 2.9533
3.2623 0.0000 101.3212 496.2237 232.3516 0.5195 3.4342
5.2281 0.0000 101.2157 588.8355 232.4659 0.4893 2.9963
6.3030 0.0000 101.0971 602.6921 233.2945 0.4919 2.4022
7.0331 0.0000 100.9993 553.7204 231.5981 0.4993 2.0562
7.4603 0.0000 100.9285 430.9254 233.6813 0.5048 2.0197
7.4850 0.0000 100.8897 261.7551 234.8099 0.5099 2.2178
7.0510 0.0000 100.8831 79.5812 234.8925 0.5188 2.8898
6.2694 0.0000 100.8996 0.2034 233.9844 0.5254 3.9884
5.4297 0.0000 100.9077 0.0000 232.9957 0.5290 4.6017
4.6322 0.0000 100.8865 0.0000 232.2489 0.5323 4.9295
3.9378 0.0000 100.8708 0.0000 231.6494 0.5350 4.9070
3.4091 0.0000 100.8768 0.0000 231.3488 0.5372 4.4916
3.0397 0.0000 100.8882 0.0000 231.5039 0.5394 4.0809
2.6859 0.0000 100.8618 0.0000 232.1347 0.5407 3.8290
2.3365 0.0000 100.8373 0.0000 232.9589 0.5422 3.7252
2.0174 0.0000 100.8127 0.0000 236.4582 0.5455 3.5320
1.6907 0.0000 100.7853 0.0000 241.7246 0.5501 2.9451
1.3615 0.0000 100.7611 0.0000 251.4398 0.5559 2.4604
1.0716 0.0001 100.7552 0.0000 259.8952 0.5620 2.5277
0.8968 0.0018 100.7457 0.0000 264.9375 0.5674 3.0993
0.7770 0.0049 100.7225 0.0005 267.0070 0.5714 3.8720
0.7322 0.0023 100.6769 44.4528 257.3379 0.5742 4.6327
