-2.1253 0.0028 103.0850 170.3375 258.7042 0.5103 2.9246
0.4261 0.0002 103.0943 364.2800 233.7956 0.5519 3.0579
3.2574 0.0001 103.0583 520.6783 223.1307 0.5509 3.0129
4.4808 0.0000 102.9549 579.8282 229.0403 0.5357 2.3375
5.2433 0.0000 102.8390 569.7929 234.1081 0.5307 1.7437
5.8167 0.0000 102.7456 511.8839 233.9114 0.5297 1.3551
6.1792 0.0000 102.6725 397.6017 232.2998 0.5286 1.1740
6.2241 0.0000 102.6303 231.5928 233.0065 0.5302 1.1589
5.9772 0.0000 102.6214 59.9127 232.7770 0.5347 1.3168
5.6355 0.0000 102.6433 0.0003 232.2382 0.5405 1.7795
5.2780 0.0000 102.6541 0.0000 231.8580 0.5480 2.4021
4.8802 0.0000 102.6394 0.0000 231.5362 0.5590 3.2386
4.4396 0.0000 102.6112 0.0000 231.1984 0.5754 4.1503
3.9065 0.0000 102.5934 0.0000 230.8278 0.5975 4.7918
3.2821 0.0000 102.6102 0.0000 230.4178 0.6207 4.9538
2.5886 0.0000 102.6094 0.0000 230.0192 0.6371 4.8763
1.8969 0.0000 102.5820 0.0000 229.3344 0.6436 5.0613
1.2668 0.0000 102.5560 0.0000 229.9273 0.6408 5.2311
0.6230 0.0002 102.5376 0.0000 242.6851 0.6286 4.5913
-0.0071 0.0034 102.5277 0.0000 264.4038 0.6098 3.8232
-0.4565 0.0062 102.5130 0.0000 275.8894 0.5917 3.7055
-0.6016 0.0042 102.5011 0.0000 279.9252 0.5827 3.6370
-0.5283 0.0022 102.4752 0.0009 278.4932 0.5815 3.8175
-0.2614 0.0010 102.4399 34.4540 274.2189 0.5855 4.0812
