-0.9119 0.0062 101.2399 170.7430 262.8386 0.5329 2.2960
0.8802 0.0009 101.2474 345.5136 250.6725 0.5513 2.5288
3.1782 0.0000 101.2059 518.5288 229.8029 0.5468 2.9018
5.1408 0.0000 101.0989 595.3469 232.4507 0.5120 2.5792
6.2548 0.0000 100.9782 606.7556 233.6200 0.5091 2.1188
6.9841 0.0000 100.8813 550.2508 233.6794 0.5143 1.8438
7.3998 0.0000 100.8114 427.0405 235.0903 0.5185 1.8478
7.4425 0.0000 100.7756 256.7927 236.0815 0.5222 2.0338
7.0390 0.0000 100.7700 75.3731 235.9863 0.5289 2.6519
6.2687 0.0000 100.7887 0.1003 234.6556 0.5342 3.6619
5.4033 0.0000 100.8014 0.0000 232.9379 0.5368 4.1746
4.5679 0.0000 100.7889 0.0000 231.5886 0.5389 4.3911
3.8939 0.0000 100.7710 0.0000 230.6905 0.5415 4.3297
3.4147 0.0000 100.7675 0.0000 230.4453 0.5458 3.9098
3.0520 0.0000 100.7750 0.0000 230.7115 0.5528 3.3813
2.6396 0.0000 100.7569 0.0000 231.1224 0.5602 3.0204
2.1801 0.0000 100.7346 0.0000 231.0554 0.5677 2.8412
1.7436 0.0000 100.7110 0.0000 232.1212 0.5753 2.7725
1.3124 0.0000 100.6739 0.0000 233.9294 0.5828 2.5182
0.8901 0.0003 100.6446 0.0000 247.5452 0.5872 2.2644
0.4940 0.0018 100.6494 0.0000 268.7365 0.5848 2.3739
0.2830 0.0037 100.6561 0.0000 272.7210 0.5824 2.5852
0.1393 0.0081 100.6454 0.0064 275.3098 0.5832 2.8791
0.0946 0.0046 100.6074 44.5159 266.7577 0.5861 3.3014
