-1.1584 0.0020 101.2022 110.2399 268.5475 0.5246 3.8021
0.4153 0.0000 101.2251 291.0506 236.9856 0.5257 4.0188
2.5180 0.0000 101.1978 457.9026 229.1833 0.5169 4.1720
4.4629 0.0000 101.1094 551.1355 231.4378 0.4968 4.0061
5.5700 0.0000 100.9872 577.8688 231.8203 0.4913 3.4666
6.3820 0.0000 100.8735 529.3953 234.7875 0.4883 3.1982
6.8099 0.0000 100.7851 414.5491 238.3991 0.4886 3.1663
6.8381 0.0000 100.7465 259.2076 239.5803 0.4900 3.2693
6.3921 0.0000 100.7365 89.9650 239.2138 0.4968 3.7192
5.6419 0.0000 100.7379 1.6676 237.4100 0.5025 4.4997
4.9589 0.0000 100.7482 0.0000 235.1906 0.5005 4.6275
4.4131 0.0000 100.7518 0.0000 233.4266 0.4988 4.1189
3.9782 0.0000 100.7604 0.0000 232.7405 0.4982 3.5243
3.6077 0.0000 100.7552 0.0000 234.1523 0.4983 3.2920
3.2553 0.0000 100.7404 0.0000 239.0600 0.5005 3.1519
2.9541 0.0000 100.7163 0.0000 249.2669 0.5041 2.7842
2.7306 0.0000 100.6912 0.0000 257.8104 0.5086 2.4631
2.5457 0.0000 100.6795 0.0000 263.4959 0.5142 2.2242
2.3341 0.0000 100.6500 0.0000 266.8741 0.5210 2.2270
2.0717 0.0000 100.6014 0.0000 273.9927 0.5284 2.5290
1.8092 0.0000 100.5578 0.0000 278.1728 0.5360 2.7817
1.5881 0.0000 100.5108 0.0000 279.8712 0.5425 3.3217
1.3599 0.0000 100.4735 0.0000 279.1889 0.5485 3.9001
1.3202 0.0000 100.5017 18.0095 277.1151 0.5536 3.4821
