-2.3593 0.0001 102.6993 166.7065 234.2314 0.4762 3.9565
-0.3527 0.0000 102.7181 329.0655 221.1545 0.4915 3.4376
2.4478 0.0000 102.6908 458.4260 224.6062 0.4569 3.0076
4.0561 0.0000 102.5967 543.7720 226.4481 0.4301 2.4128
4.8004 0.0000 102.4751 558.1980 226.1867 0.4292 1.9834
5.2950 0.0000 102.3737 501.1906 227.3995 0.4331 1.7612
5.5872 0.0000 102.2974 392.8458 226.5273 0.4359 1.7463
5.5656 0.0000 102.2561 236.0298 226.5383 0.4390 1.8893
5.2045 0.0000 102.2457 67.1862 227.4212 0.4433 2.4021
4.6438 0.0000 102.2501 0.0844 227.1428 0.4455 3.2117
4.0328 0.0000 102.2563 0.0000 226.3786 0.4467 3.8661
3.4216 0.0000 102.2389 0.0000 225.5962 0.4484 4.4330
2.8607 0.0000 102.2174 0.0000 225.2116 0.4515 4.7416
2.4072 0.0000 102.2228 0.0000 225.4779 0.4567 4.6360
2.0482 0.0000 102.2428 0.0000 226.1444 0.4650 4.4350
1.6937 0.0000 102.2179 0.0000 226.9026 0.4751 4.5149
1.3109 0.0000 102.1972 0.0000 228.1382 0.4867 4.3841
0.9576 0.0000 102.1983 0.0000 234.5931 0.5000 3.9693
0.6619 0.0000 102.1839 0.0000 241.5523 0.5138 3.8618
0.4059 0.0000 102.1302 0.0000 248.2130 0.5290 4.0804
0.1540 0.0000 102.0753 0.0000 252.8332 0.5434 4.5233
-0.0941 0.0004 102.0326 0.0000 249.8448 0.5556 4.9318
-0.4266 0.0026 102.0044 0.0000 255.2148 0.5613 5.0905
-0.7640 0.0041 101.9714 26.7913 266.3466 0.5603 4.8982
