1.6272 0.0035 103.0336 200.1530 257.4759 0.6140 4.9971
3.3840 0.0003 103.0482 383.8638 243.0081 0.6159 4.6749
5.0489 0.0001 103.0001 543.6651 228.7781 0.6003 4.1037
6.1274 0.0000 102.8991 603.1921 233.3557 0.5821 3.5332
6.8983 0.0000 102.7857 587.9120 238.7887 0.5701 3.0062
7.4484 0.0000 102.6901 514.8936 241.4482 0.5644 2.6949
7.7026 0.0000 102.6249 398.2321 239.0710 0.5648 2.6094
7.6684 0.0000 102.5952 230.6986 238.5581 0.5682 2.5954
7.3702 0.0000 102.5913 56.5126 238.7244 0.5763 2.8512
6.8929 0.0000 102.6158 0.0000 238.4308 0.5892 3.4776
6.3675 0.0000 102.6393 0.0000 237.2839 0.6024 4.0088
5.7849 0.0000 102.6323 0.0000 235.5732 0.6155 4.5505
5.2075 0.0000 102.6160 0.0000 233.8941 0.6284 5.0696
4.7049 0.0000 102.5909 0.0000 232.5699 0.6398 5.3882
4.3601 0.0000 102.5894 0.0000 231.6484 0.6451 5.2351
4.0060 0.0000 102.5780 0.0000 231.2693 0.6436 4.9360
3.6272 0.0000 102.5589 0.0000 230.3533 0.6381 4.8756
3.3065 0.0000 102.5404 0.0000 229.6759 0.6319 4.8805
3.0100 0.0000 102.4983 0.0000 229.0713 0.6267 4.8133
2.7391 0.0000 102.4524 0.0000 228.6240 0.6238 4.6839
2.4936 0.0000 102.4513 0.0000 228.4107 0.6234 4.7268
2.4258 0.0000 102.4834 0.0000 233.0671 0.6232 4.8476
2.5209 0.0000 102.4953 0.2078 250.3672 0.6234 4.6258
2.7109 0.0000 102.4650 51.8377 254.2780 0.6239 4.3867
