1.6563 0.0025 103.0427 201.9168 253.2731 0.6028 4.8780
3.3370 0.0004 103.0573 384.5225 239.9010 0.6036 4.6068
4.7724 0.0001 103.0134 540.9192 227.8311 0.5932 4.0968
5.6886 0.0001 102.9142 602.5613 231.0468 0.5850 3.5435
6.3837 0.0001 102.8008 587.4849 236.1988 0.5792 3.0030
6.8894 0.0000 102.7100 513.4904 239.1049 0.5754 2.6414
7.1145 0.0000 102.6461 394.4043 237.5072 0.5769 2.4924
7.0691 0.0000 102.6133 226.6014 237.2341 0.5801 2.4377
6.7687 0.0000 102.6113 54.1279 238.0339 0.5855 2.6334
6.3461 0.0001 102.6358 0.0000 240.1486 0.5944 3.2059
5.9028 0.0001 102.6592 0.0000 241.1061 0.6052 3.7146
5.4077 0.0000 102.6553 0.0000 236.7039 0.6163 4.2610
4.8831 0.0000 102.6329 0.0000 232.9053 0.6264 4.8313
4.4257 0.0000 102.6126 0.0000 231.5176 0.6337 5.2357
4.1140 0.0000 102.6063 0.0000 230.3433 0.6356 5.1328
3.8241 0.0000 102.5985 0.0000 229.9480 0.6320 4.7642
3.5291 0.0000 102.5806 0.0000 229.2449 0.6261 4.6758
3.2541 0.0000 102.5573 0.0000 228.6718 0.6211 4.7901
2.9851 0.0000 102.5122 0.0000 228.0615 0.6176 4.8199
2.7417 0.0000 102.4711 0.0000 227.6223 0.6162 4.6445
2.5091 0.0000 102.4700 0.0000 227.6640 0.6166 4.7084
2.4444 0.0000 102.4955 0.0000 230.9646 0.6174 4.8155
2.5520 0.0000 102.4995 0.1628 244.7832 0.6181 4.5762
2.7793 0.0000 102.4693 48.5976 255.8121 0.6193 4.3251
