-2.1365 0.0011 102.8927 169.4808 248.7112 0.4983 3.4544
0.2785 0.0000 102.9056 373.4878 217.9493 0.5248 3.5075
3.1889 0.0000 102.8703 492.7136 224.8735 0.5080 3.3967
4.4805 0.0000 102.7706 549.9929 233.1067 0.4918 2.7090
5.2647 0.0000 102.6565 574.6299 229.3317 0.4909 2.1161
5.8472 0.0000 102.5522 524.0670 228.0040 0.4943 1.7916
6.2216 0.0000 102.4763 404.5113 229.1947 0.4956 1.6859
6.2369 0.0000 102.4339 239.2212 230.2047 0.4986 1.7522
5.9189 0.0000 102.4248 66.2909 230.6610 0.5041 2.1389
5.4412 0.0000 102.4410 0.0353 230.5155 0.5093 2.9056
4.9160 0.0000 102.4480 0.0000 230.2987 0.5137 3.6882
4.3669 0.0000 102.4280 0.0000 229.8264 0.5187 4.4609
3.8399 0.0000 102.4028 0.0000 229.2019 0.5250 4.9818
3.3652 0.0000 102.4036 0.0000 228.8831 0.5346 4.9644
2.9450 0.0000 102.4241 0.0000 228.9963 0.5474 4.6199
2.4835 0.0000 102.4037 0.0000 229.3875 0.5610 4.6290
1.9420 0.0000 102.3657 0.0000 229.3144 0.5755 4.8443
1.3398 0.0000 102.3618 0.0000 230.3579 0.5910 4.4965
0.7668 0.0001 102.3602 0.0000 240.1326 0.6015 3.9252
0.1956 0.0033 102.3322 0.0000 260.5618 0.6011 3.8783
-0.3610 0.0116 102.2971 0.0000 278.0095 0.5902 4.0824
-0.7040 0.0079 102.2652 0.0000 282.4988 0.5802 4.3539
-0.9359 0.0069 102.2360 0.0000 283.6855 0.5735 4.6436
-0.9818 0.0061 102.1934 25.6755 286.2750 0.5688 4.6461
