0.1651 0.0061 102.9666 168.2509 273.7746 0.5866 3.4061
1.8677 0.0006 102.9808 337.4694 261.2138 0.6023 3.2580
4.0850 0.0000 102.9334 530.8376 230.0032 0.5957 2.9757
5.6364 0.0000 102.8230 586.8791 237.3417 0.5604 2.4865
6.7094 0.0000 102.7020 582.6394 240.8576 0.5372 2.1184
7.3750 0.0000 102.5995 521.4961 241.1376 0.5303 2.0121
7.7369 0.0000 102.5308 408.1050 238.1599 0.5295 2.0836
7.7626 0.0000 102.4984 238.4743 238.8105 0.5315 2.1941
7.4573 0.0000 102.4893 62.5593 238.5623 0.5373 2.5864
6.9529 0.0000 102.5129 0.0028 237.2711 0.5453 3.2925
6.4542 0.0000 102.5304 0.0000 236.0404 0.5548 3.8145
5.9616 0.0000 102.5195 0.0000 235.0316 0.5690 4.2699
5.4483 0.0000 102.4960 0.0000 234.3694 0.5909 4.6874
4.8881 0.0000 102.4751 0.0000 233.9724 0.6187 4.8789
4.3396 0.0000 102.4809 0.0000 233.8644 0.6452 4.6484
3.7479 0.0000 102.4690 0.0000 233.8319 0.6615 4.3697
3.1439 0.0000 102.4533 0.0000 233.0819 0.6686 4.2129
2.6390 0.0000 102.4367 0.0000 232.4423 0.6687 4.0793
2.1944 0.0002 102.3969 0.0000 237.2309 0.6621 3.9531
1.7700 0.0008 102.3593 0.0000 245.4827 0.6505 3.7496
1.4308 0.0013 102.3636 0.0000 253.4019 0.6406 3.7317
1.3565 0.0012 102.3940 0.0000 262.9459 0.6359 3.6856
1.4486 0.0017 102.3950 0.0859 268.3365 0.6343 3.5421
1.6212 0.0008 102.3602 49.4020 262.0259 0.6333 3.5221
