-2.0919 0.0008 102.9164 172.6167 245.3941 0.4975 3.5400
0.2844 0.0000 102.9280 370.0901 217.1396 0.5199 3.4586
3.1082 0.0000 102.8946 490.9160 223.9105 0.4984 3.1861
4.3553 0.0000 102.7968 555.1526 229.9928 0.4820 2.5086
5.1109 0.0000 102.6808 572.5332 228.2773 0.4813 1.9652
5.6584 0.0000 102.5778 518.4515 227.9344 0.4850 1.6631
5.9984 0.0000 102.5051 399.7096 228.8034 0.4868 1.5765
6.0014 0.0000 102.4627 236.7883 229.1874 0.4896 1.6669
5.6777 0.0000 102.4535 64.7806 229.6347 0.4943 2.0661
5.2000 0.0000 102.4685 0.0255 229.5471 0.4983 2.7853
4.6885 0.0000 102.4749 0.0000 229.3665 0.5019 3.4661
4.1646 0.0000 102.4567 0.0000 228.9328 0.5067 4.1634
3.6572 0.0000 102.4315 0.0000 228.3140 0.5137 4.6770
3.1839 0.0000 102.4292 0.0000 228.0078 0.5245 4.7298
2.7491 0.0000 102.4497 0.0000 228.1779 0.5394 4.4506
2.2762 0.0000 102.4357 0.0000 228.6304 0.5552 4.4644
1.7355 0.0000 102.3990 0.0000 228.6778 0.5704 4.6837
1.1559 0.0000 102.3919 0.0000 229.8896 0.5850 4.3366
0.6182 0.0001 102.3903 0.0000 239.6153 0.5945 3.7702
0.0890 0.0029 102.3578 0.0000 256.8568 0.5949 3.6915
-0.4277 0.0090 102.3208 0.0000 273.4387 0.5859 3.8937
-0.7708 0.0067 102.2857 0.0000 276.7721 0.5767 4.2140
-1.0610 0.0073 102.2578 0.0000 279.0335 0.5685 4.5159
-1.1764 0.0069 102.2184 26.8546 283.0665 0.5613 4.4999
