-0.2808 0.0005 102.1749 135.7616 261.4834 0.5457 4.8871
1.2398 0.0000 102.1967 342.0586 227.6200 0.5468 4.6889
3.4472 0.0000 102.1627 496.2669 225.1319 0.5213 4.8107
5.1619 0.0000 102.0675 585.4112 228.0467 0.4951 4.5603
6.1502 0.0000 101.9500 602.2257 229.9158 0.4912 4.0842
6.8616 0.0000 101.8414 549.0281 232.1043 0.4924 3.8733
7.1943 0.0000 101.7608 427.7891 235.7260 0.4976 3.9180
7.1733 0.0000 101.7201 265.2554 238.1821 0.5024 4.0178
6.7496 0.0000 101.7100 89.5279 239.3378 0.5151 4.3772
6.1281 0.0000 101.7123 1.1925 238.9469 0.5242 5.1225
5.5688 0.0000 101.7104 0.0000 237.9845 0.5239 5.5202
5.0374 0.0000 101.7082 0.0000 236.8223 0.5246 5.3067
4.5369 0.0000 101.7126 0.0000 235.6835 0.5276 4.6625
4.0603 0.0000 101.7170 0.0000 235.4005 0.5320 4.3344
3.5827 0.0000 101.7031 0.0000 237.8052 0.5385 4.1738
3.1183 0.0000 101.6813 0.0000 245.5596 0.5459 3.8025
2.7203 0.0000 101.6582 0.0000 254.8012 0.5519 3.3078
2.3954 0.0000 101.6394 0.0000 260.9527 0.5565 3.1484
2.0717 0.0000 101.6127 0.0000 265.0585 0.5608 3.4218
1.7183 0.0000 101.5759 0.0000 267.3626 0.5653 3.9266
1.3854 0.0000 101.5398 0.0000 272.8950 0.5697 4.2542
1.2005 0.0000 101.5045 0.0000 274.5681 0.5740 4.3696
1.1544 0.0000 101.4625 0.0000 275.4737 0.5778 4.5759
1.2315 0.0000 101.4627 23.9110 274.3923 0.5814 3.7865
