0.1236 0.0010 101.0111 163.7013 247.0283 0.5650 6.6582
1.8346 0.0001 101.0395 357.3156 227.9972 0.5664 6.2662
4.0548 0.0000 101.0122 503.3159 229.3736 0.5580 5.9096
6.0383 0.0000 100.9307 586.9344 234.5863 0.5270 5.2045
7.4632 0.0000 100.8145 602.3000 239.4841 0.5034 4.5256
8.3826 0.0000 100.7000 551.2011 243.1485 0.5002 4.3091
8.9091 0.0000 100.6153 432.9224 246.0198 0.5032 4.2450
9.0336 0.0000 100.5671 275.8461 247.0851 0.5092 4.3925
8.5593 0.0000 100.5507 101.4972 246.8421 0.5253 4.8344
7.4341 0.0000 100.5592 2.8916 244.8072 0.5441 5.8563
6.2025 0.0000 100.5936 0.0000 242.5279 0.5543 6.2449
5.2162 0.0000 100.6205 0.0000 241.3555 0.5599 5.9881
4.5156 0.0000 100.6273 0.0000 249.8095 0.5604 5.7854
4.0595 0.0000 100.6379 0.0000 259.4454 0.5592 5.2256
3.7924 0.0000 100.6278 0.0000 264.6239 0.5559 4.9673
3.6485 0.0000 100.5941 0.0000 270.3823 0.5512 4.9826
3.6041 0.0000 100.5653 0.0000 274.4025 0.5478 5.0159
3.6182 0.0000 100.5394 0.0000 278.5993 0.5466 5.0235
3.6373 0.0000 100.4988 0.0000 282.1813 0.5469 5.1685
3.5903 0.0000 100.4489 0.0000 285.1272 0.5494 5.2260
3.4708 0.0000 100.4011 0.0000 285.9826 0.5533 5.3529
3.2788 0.0000 100.3455 0.0000 285.6415 0.5591 5.7859
3.0244 0.0000 100.3423 0.0000 278.2026 0.5662 5.3474
2.8659 0.0000 100.3953 28.1982 261.4045 0.5710 4.1474
