-0.0596 0.0015 101.4749 160.5647 250.5305 0.5610 6.1920
1.7017 0.0001 101.4995 363.1187 224.0307 0.5646 5.8345
4.0039 0.0000 101.4667 507.7996 226.2264 0.5530 5.7370
5.9457 0.0000 101.3814 589.6830 232.3360 0.5189 5.2924
7.1530 0.0000 101.2689 603.2362 237.2143 0.5017 4.7597
7.9529 0.0000 101.1583 550.0876 240.9597 0.4985 4.6019
8.3792 0.0000 101.0759 431.4326 244.0846 0.5016 4.6061
8.4210 0.0000 101.0315 273.0606 245.3700 0.5069 4.7938
7.9136 0.0000 101.0151 98.4650 245.1490 0.5238 5.2548
6.9000 0.0000 101.0236 2.3746 242.9272 0.5404 6.2926
5.8933 0.0000 101.0427 0.0000 240.2796 0.5460 6.7111
5.0947 0.0000 101.0651 0.0000 238.3711 0.5498 6.2489
4.5054 0.0000 101.0697 0.0000 241.2963 0.5505 5.9420
4.0751 0.0000 101.0771 0.0000 251.8916 0.5500 5.4407
3.7756 0.0000 101.0648 0.0000 258.5831 0.5487 4.9780
3.5504 0.0000 101.0349 0.0000 265.2976 0.5466 4.7740
3.3889 0.0000 101.0099 0.0000 270.3961 0.5448 4.7298
3.2577 0.0000 100.9841 0.0000 274.3706 0.5444 4.7648
3.1121 0.0000 100.9489 0.0000 277.8463 0.5453 4.9593
2.8924 0.0000 100.8974 0.0000 281.8990 0.5480 5.1750
2.6229 0.0000 100.8573 0.0000 283.1787 0.5523 5.3010
2.3634 0.0000 100.8093 0.0000 283.3280 0.5586 5.5762
2.1920 0.0000 100.7853 0.0000 281.6136 0.5661 5.3536
2.1598 0.0000 100.8285 26.3123 267.5021 0.5719 4.1371
