-1.6107 0.0044 102.5370 162.6839 258.2836 0.5145 2.9257
0.4051 0.0003 102.5458 327.7582 245.7158 0.5362 3.2312
3.3070 0.0000 102.5043 468.2642 237.0998 0.5224 3.6675
5.0173 0.0000 102.4009 560.7200 236.9125 0.4979 3.1428
6.0319 0.0000 102.2801 590.5481 233.0565 0.4965 2.5325
6.7488 0.0000 102.1766 542.7886 231.1012 0.4999 2.1849
7.1891 0.0000 102.0994 422.7677 232.4919 0.5022 2.0814
7.2362 0.0000 102.0586 255.2579 233.5991 0.5059 2.2164
6.8804 0.0000 102.0495 76.1438 233.8807 0.5135 2.7894
6.2730 0.0000 102.0638 0.1561 233.3989 0.5203 3.8510
5.6131 0.0000 102.0696 0.0000 232.9677 0.5253 4.6929
4.9255 0.0000 102.0469 0.0000 232.4270 0.5303 5.3357
4.2491 0.0000 102.0271 0.0000 231.8733 0.5348 5.5491
3.6807 0.0000 102.0379 0.0000 231.4922 0.5389 5.1931
3.2530 0.0000 102.0528 0.0000 231.5055 0.5430 4.7563
2.8436 0.0000 102.0265 0.0000 231.6968 0.5465 4.6081
2.4249 0.0000 101.9980 0.0000 231.9334 0.5511 4.5539
2.0228 0.0000 101.9828 0.0000 235.3512 0.5584 4.1813
1.6323 0.0000 101.9673 0.0000 241.5905 0.5666 3.5579
1.2468 0.0002 101.9401 0.0000 252.1582 0.5743 3.3487
0.8632 0.0014 101.9237 0.0000 262.6668 0.5808 3.6450
0.5925 0.0028 101.9051 0.0000 271.0131 0.5852 4.2557
0.4201 0.0050 101.8783 0.0000 277.0863 0.5878 4.8807
0.4180 0.0023 101.8327 34.2221 271.7957 0.5912 5.3467
