-0.3477 0.0005 101.6765 148.5395 258.1331 0.5478 4.8900
1.3850 0.0000 101.6955 362.4211 222.9503 0.5533 4.6235
3.8973 0.0000 101.6639 511.1117 223.2172 0.5271 4.7408
5.7678 0.0000 101.5691 596.2771 227.8708 0.4942 4.4614
6.7914 0.0000 101.4548 610.4658 230.6973 0.4872 4.0324
7.4715 0.0000 101.3521 555.4140 233.6402 0.4875 3.9302
7.7478 0.0000 101.2744 432.1014 237.3166 0.4931 4.0512
7.6541 0.0000 101.2361 268.9019 239.6436 0.4993 4.2092
7.0798 0.0000 101.2259 91.8660 240.5663 0.5156 4.6391
6.2129 0.0000 101.2310 1.3317 239.6030 0.5285 5.4184
5.4478 0.0000 101.2347 0.0000 238.0247 0.5308 5.7370
4.8358 0.0000 101.2329 0.0000 236.5111 0.5327 5.3833
4.3363 0.0000 101.2369 0.0000 235.4056 0.5352 4.7360
3.8939 0.0000 101.2421 0.0000 237.1822 0.5381 4.3852
3.4761 0.0000 101.2310 0.0000 241.8569 0.5425 4.0851
3.0900 0.0000 101.2064 0.0000 248.7599 0.5472 3.6865
2.7699 0.0000 101.1806 0.0000 257.5541 0.5509 3.2417
2.5115 0.0000 101.1617 0.0000 263.7562 0.5541 3.0839
2.2403 0.0000 101.1351 0.0000 266.9326 0.5575 3.2282
1.9428 0.0000 101.1006 0.0000 270.0741 0.5611 3.6476
1.6775 0.0000 101.0645 0.0000 274.3350 0.5649 3.9577
1.5782 0.0000 101.0316 0.0000 275.7587 0.5691 4.1240
1.6464 0.0000 100.9868 0.0000 275.5552 0.5729 4.3759
1.8124 0.0000 100.9846 23.6353 277.0571 0.5765 3.6300
