-2.2307 0.0019 102.8885 167.3654 253.7573 0.4992 2.9576
0.3762 0.0000 102.8952 378.6935 220.4227 0.5312 3.2019
3.2714 0.0000 102.8586 509.4947 222.3514 0.5223 3.2313
4.5415 0.0000 102.7561 555.4232 233.5284 0.5078 2.6029
5.3212 0.0000 102.6444 571.9156 231.6782 0.5058 2.0311
5.9001 0.0000 102.5436 522.9275 229.5254 0.5077 1.6991
6.2682 0.0000 102.4694 404.0143 230.0505 0.5076 1.5784
6.2744 0.0000 102.4279 238.1401 230.8420 0.5097 1.6124
5.9486 0.0000 102.4187 64.7671 230.8881 0.5141 1.9438
5.4784 0.0000 102.4357 0.0113 230.4401 0.5180 2.6143
4.9946 0.0000 102.4461 0.0000 230.1031 0.5215 3.3105
4.5078 0.0000 102.4262 0.0000 229.7090 0.5262 4.0578
4.0384 0.0000 102.3977 0.0000 229.1940 0.5340 4.6436
3.5870 0.0000 102.3957 0.0000 228.9177 0.5465 4.7473
3.1348 0.0000 102.4129 0.0000 228.9214 0.5630 4.4458
2.5977 0.0000 102.4012 0.0000 229.2017 0.5802 4.3539
1.9762 0.0000 102.3644 0.0000 229.0268 0.5979 4.6761
1.3132 0.0000 102.3526 0.0000 228.9468 0.6147 4.5822
0.6810 0.0002 102.3490 0.0000 239.3911 0.6227 3.8957
-0.0015 0.0051 102.3295 0.0000 267.6381 0.6127 3.6777
-0.6731 0.0181 102.3029 0.0000 292.4701 0.5890 3.7811
-0.9618 0.0121 102.2766 0.0000 291.5440 0.5742 3.8945
-1.0109 0.0077 102.2513 0.0000 287.4483 0.5706 4.2022
-0.9248 0.0055 102.2085 27.7305 284.7142 0.5705 4.3871
