-1.1778 0.0030 102.3720 159.2481 257.1943 0.5245 3.5972
0.6642 0.0002 102.3809 311.8516 247.2286 0.5390 3.7866
3.3922 0.0000 102.3395 476.9295 235.2909 0.5184 4.0942
5.2689 0.0000 102.2363 580.2687 232.4024 0.4892 3.6335
6.3455 0.0000 102.1120 600.4459 232.2279 0.4886 3.0157
7.0693 0.0000 102.0085 550.6998 231.5386 0.4936 2.6777
7.4915 0.0000 101.9344 430.3647 233.3361 0.4976 2.6186
7.5316 0.0000 101.8920 263.2425 234.6338 0.5019 2.7915
7.1326 0.0000 101.8828 82.1999 235.1427 0.5121 3.3925
6.4895 0.0000 101.8955 0.3406 234.9309 0.5198 4.4357
5.8654 0.0000 101.8978 0.0000 234.9054 0.5252 5.1443
5.2341 0.0000 101.8716 0.0000 234.9331 0.5329 5.6041
4.5598 0.0000 101.8602 0.0000 234.7327 0.5408 5.5802
3.9512 0.0000 101.8745 0.0000 234.3818 0.5468 5.1230
3.4909 0.0000 101.8811 0.0000 234.2195 0.5504 4.8333
3.0769 0.0000 101.8531 0.0000 234.3279 0.5515 4.7286
2.7104 0.0000 101.8245 0.0000 237.1608 0.5520 4.5796
2.4120 0.0000 101.8081 0.0000 243.7500 0.5533 4.1339
2.1276 0.0000 101.7910 0.0000 250.5281 0.5548 3.5495
1.8241 0.0000 101.7602 0.0000 260.1876 0.5565 3.3391
1.5445 0.0000 101.7435 0.0000 261.5803 0.5589 3.6843
1.4222 0.0000 101.7228 0.0000 264.5288 0.5627 4.3652
1.4605 0.0000 101.6928 0.0000 266.9390 0.5679 5.0714
1.5753 0.0001 101.6453 41.0829 251.2063 0.5727 5.5886
