-0.8888 0.0007 101.1171 163.0164 251.6992 0.5263 4.2553
1.1645 0.0000 101.1269 357.9617 227.8256 0.5327 4.2191
3.8104 0.0000 101.0907 512.8083 225.8715 0.5051 4.2626
5.7445 0.0000 100.9950 604.4455 227.2552 0.4765 3.7401
6.7917 0.0000 100.8807 619.1096 228.9443 0.4767 3.1827
7.4550 0.0000 100.7808 561.3015 231.4033 0.4836 2.9921
7.7898 0.0000 100.7081 439.7539 233.8069 0.4911 3.1246
7.7415 0.0000 100.6740 271.9557 235.4855 0.4980 3.3454
7.2020 0.0000 100.6655 88.7789 236.5324 0.5119 3.9272
6.3265 0.0000 100.6754 0.6870 236.4834 0.5217 4.8384
5.4830 0.0000 100.6784 0.0000 236.1758 0.5250 5.2731
4.7766 0.0000 100.6644 0.0000 235.7666 0.5295 5.2446
4.2128 0.0000 100.6587 0.0000 235.3447 0.5355 4.7436
3.7837 0.0000 100.6647 0.0000 235.1990 0.5414 4.1946
3.4558 0.0000 100.6597 0.0000 236.3853 0.5458 3.9506
3.1651 0.0000 100.6319 0.0000 238.7092 0.5488 3.7360
2.9321 0.0000 100.6055 0.0000 246.7781 0.5508 3.4518
2.7667 0.0000 100.5829 0.0000 253.3533 0.5525 3.0121
2.5693 0.0000 100.5605 0.0000 262.4412 0.5540 2.6002
2.3121 0.0000 100.5329 0.0000 265.1485 0.5551 2.4869
2.0809 0.0000 100.5072 0.0000 266.6781 0.5558 2.8607
2.0402 0.0000 100.4914 0.0000 269.8201 0.5569 3.3432
2.1838 0.0000 100.4516 0.0000 262.8165 0.5581 3.9958
2.4344 0.0000 100.4145 37.1763 260.9570 0.5592 4.2543
