-0.9756 0.0019 102.0249 107.2879 271.1405 0.5296 3.6734
0.5772 0.0000 102.0476 286.5399 238.6283 0.5305 3.8645
2.7176 0.0000 102.0200 460.6681 228.5344 0.5178 4.1193
4.6452 0.0000 101.9262 553.9720 230.8218 0.4965 4.0212
5.7047 0.0000 101.8014 582.1596 230.2038 0.4915 3.5294
6.4874 0.0000 101.6849 530.2531 233.9615 0.4882 3.2492
6.9014 0.0000 101.5965 415.9362 237.3931 0.4884 3.1863
6.9478 0.0000 101.5556 258.3626 239.3873 0.4891 3.2383
6.5870 0.0000 101.5456 88.0617 239.8500 0.4946 3.5854
5.9958 0.0000 101.5470 1.4232 238.6115 0.4996 4.3080
5.4324 0.0000 101.5518 0.0000 236.7144 0.4980 4.5696
4.9269 0.0000 101.5506 0.0000 234.8643 0.4971 4.1990
4.4757 0.0000 101.5615 0.0000 233.7305 0.4975 3.5646
4.0535 0.0000 101.5582 0.0000 233.6324 0.4987 3.3282
3.5989 0.0000 101.5435 0.0000 235.6977 0.5021 3.2228
3.1462 0.0000 101.5220 0.0000 245.9765 0.5076 2.8101
2.7602 0.0000 101.4990 0.0000 255.5575 0.5141 2.4914
2.4212 0.0000 101.4873 0.0000 261.6552 0.5218 2.3543
2.0717 0.0000 101.4602 0.0000 264.3141 0.5309 2.4667
1.7053 0.0000 101.4093 0.0000 271.0637 0.5412 2.8900
1.3661 0.0000 101.3660 0.0000 276.4097 0.5520 3.1914
1.1268 0.0000 101.3221 0.0000 278.1811 0.5607 3.6005
0.9424 0.0000 101.2817 0.0000 278.4964 0.5673 4.0575
0.8893 0.0000 101.3047 19.8359 275.0216 0.5726 3.5102
