-0.8447 0.0013 102.4719 113.6017 267.1313 0.5319 4.0346
0.7011 0.0000 102.4945 286.8556 239.6945 0.5336 4.0985
2.7690 0.0000 102.4665 457.6483 230.4384 0.5195 4.2762
4.6399 0.0000 102.3711 559.7706 229.7091 0.4957 4.1047
5.6774 0.0000 102.2484 585.5744 229.2349 0.4902 3.5824
6.4424 0.0000 102.1314 533.1107 232.2933 0.4871 3.2574
6.8538 0.0000 102.0458 417.3905 235.6418 0.4877 3.1688
6.9384 0.0000 102.0012 258.0138 237.9420 0.4882 3.2058
6.6555 0.0000 101.9887 86.2624 238.9313 0.4931 3.5051
6.1726 0.0000 101.9898 1.1514 238.4217 0.4974 4.2090
5.6736 0.0000 101.9924 0.0000 237.3311 0.4969 4.6682
5.1617 0.0000 101.9863 0.0000 235.9611 0.4982 4.5872
4.6678 0.0000 101.9947 0.0000 234.8101 0.5022 4.0731
4.2003 0.0000 101.9983 0.0000 234.1323 0.5079 3.8365
3.7033 0.0000 101.9835 0.0000 234.6970 0.5155 3.8936
3.1843 0.0000 101.9603 0.0000 241.7164 0.5248 3.6010
2.7180 0.0000 101.9408 0.0000 252.3809 0.5334 3.2188
2.3174 0.0000 101.9322 0.0000 258.9205 0.5415 3.1097
1.9341 0.0000 101.9061 0.0000 262.6252 0.5495 3.3096
1.5594 0.0000 101.8576 0.0000 267.3958 0.5574 3.7947
1.2275 0.0000 101.8117 0.0000 273.3551 0.5649 4.1752
1.0179 0.0000 101.7714 0.0000 276.1982 0.5711 4.4556
0.8883 0.0000 101.7298 0.0000 277.5631 0.5761 4.7935
0.8434 0.0000 101.7389 21.9340 272.8047 0.5812 4.1807
