3.7885 0.0013 102.9995 237.2601 246.8013 0.6383 6.2704
4.8983 0.0002 103.0207 419.3662 236.8642 0.6325 5.8075
5.7897 0.0001 102.9770 553.3559 233.3131 0.6225 5.3246
6.4251 0.0001 102.8848 614.9681 234.9449 0.6193 4.8459
6.8832 0.0000 102.7815 604.1257 237.6199 0.6171 4.2787
7.2193 0.0000 102.6955 524.4408 241.0398 0.6143 3.8621
7.3395 0.0000 102.6343 397.7729 240.7303 0.6140 3.6723
7.2595 0.0000 102.6075 229.3714 239.5301 0.6153 3.5795
6.9806 0.0000 102.6061 53.7582 239.7005 0.6221 3.6857
6.5727 0.0000 102.6337 0.0000 239.5020 0.6339 4.0969
6.1529 0.0000 102.6569 0.0000 238.4781 0.6439 4.4202
5.7352 0.0000 102.6564 0.0000 236.8682 0.6508 4.7549
5.3917 0.0000 102.6394 0.0000 235.4118 0.6542 5.0243
5.1851 0.0000 102.6140 0.0000 234.2639 0.6557 5.1467
5.1237 0.0000 102.5968 0.0000 233.5156 0.6565 4.9852
4.9933 0.0000 102.5783 0.0000 233.4007 0.6558 4.7716
4.7756 0.0000 102.5596 0.0000 232.7816 0.6537 4.8227
4.5546 0.0000 102.5382 0.0000 232.2959 0.6526 4.9190
4.3201 0.0000 102.4991 0.0000 231.8237 0.6525 4.9430
4.0978 0.0000 102.4435 0.0000 231.3991 0.6537 4.9422
3.9019 0.0000 102.4294 0.0000 231.1935 0.6555 5.0290
3.8496 0.0000 102.4682 0.0000 231.5429 0.6561 5.2661
3.9075 0.0000 102.4924 0.4529 243.0752 0.6562 5.1648
4.0682 0.0000 102.4751 56.8920 257.0788 0.6572 4.7949
