-1.4504 0.0049 102.6527 167.0412 262.0546 0.5234 2.4871
0.4952 0.0005 102.6624 348.5336 245.4950 0.5493 2.6880
3.2394 0.0000 102.6218 491.8409 234.4016 0.5436 3.0790
4.7876 0.0000 102.5183 551.8118 241.2809 0.5210 2.6274
5.6782 0.0000 102.4014 578.9745 236.7944 0.5161 2.1145
6.3335 0.0000 102.3032 532.5277 233.5807 0.5154 1.8335
6.7192 0.0000 102.2275 415.2809 233.0771 0.5153 1.7607
6.7564 0.0000 102.1891 247.3314 233.7219 0.5163 1.8440
6.4236 0.0000 102.1800 69.7923 233.5457 0.5207 2.3206
5.8485 0.0000 102.1965 0.0390 232.5575 0.5251 3.2156
5.2527 0.0000 102.2069 0.0000 231.6256 0.5278 3.9039
4.7031 0.0000 102.1864 0.0000 230.8597 0.5312 4.4573
4.2412 0.0000 102.1605 0.0000 230.4423 0.5366 4.7731
3.8447 0.0000 102.1589 0.0000 230.4222 0.5463 4.6341
3.4733 0.0000 102.1730 0.0000 230.8292 0.5598 4.2214
3.0244 0.0000 102.1537 0.0000 231.2780 0.5738 4.0029
2.5081 0.0000 102.1290 0.0000 231.1791 0.5878 4.0559
1.9885 0.0000 102.1056 0.0000 231.3385 0.6020 3.9983
1.4742 0.0001 102.0862 0.0000 236.0244 0.6135 3.4738
0.9550 0.0007 102.0641 0.0000 250.8913 0.6175 3.0973
0.4405 0.0040 102.0569 0.0000 272.1918 0.6137 3.2231
0.1023 0.0059 102.0529 0.0000 284.9045 0.6076 3.5251
-0.0407 0.0082 102.0323 0.0014 287.7940 0.6049 3.9333
0.0573 0.0030 101.9921 33.8673 282.4183 0.6078 4.3040
