1.6983 0.0000 101.8061 147.3555 262.1016 0.6318 5.5597
3.2951 0.0000 101.8393 327.8256 247.1852 0.6323 5.4238
5.4003 0.0000 101.8212 479.9346 245.5642 0.6198 5.1424
7.2273 0.0000 101.7458 582.2393 243.9812 0.5847 4.6969
8.5156 0.0000 101.6274 605.9367 245.9276 0.5537 4.2911
9.3958 0.0000 101.5074 562.4505 247.0965 0.5368 4.1424
9.9026 0.0000 101.4205 443.8779 249.3398 0.5302 4.1757
10.0087 0.0000 101.3646 287.1862 250.4801 0.5289 4.3410
9.6604 0.0000 101.3503 110.8319 251.7388 0.5387 4.3553
8.9522 0.0000 101.3698 4.5854 252.7348 0.5506 4.2841
8.1278 0.0000 101.4148 0.0000 253.5329 0.5559 4.2728
7.2771 0.0000 101.4263 0.0000 264.3212 0.5642 4.5044
6.5163 0.0000 101.4532 0.0000 273.9298 0.5757 4.1651
5.8994 0.0000 101.4658 0.0000 278.5348 0.5856 3.9673
5.3407 0.0000 101.4427 0.0000 280.6047 0.5933 4.2364
4.8319 0.0000 101.4068 0.0000 284.0054 0.5998 4.6110
4.4378 0.0000 101.3875 0.0000 286.5897 0.6047 4.6213
4.1691 0.0000 101.3562 0.0000 287.9008 0.6066 4.6443
3.9984 0.0000 101.3162 0.0000 288.3564 0.6079 4.5780
3.8835 0.0000 101.2703 0.0000 286.9682 0.6087 4.4397
3.7897 0.0000 101.2085 0.0000 284.1839 0.6084 4.6603
3.6701 0.0000 101.1514 0.0000 266.3692 0.6111 4.7775
3.5179 0.0000 101.1969 0.0000 251.6399 0.6189 3.3497
3.3889 0.0000 101.2302 29.2047 259.0149 0.6242 2.6503
