-1.0823 0.0017 101.8864 106.9703 269.6994 0.5269 3.6894
0.4941 0.0000 101.9097 281.7217 239.4142 0.5278 3.9351
2.6125 0.0000 101.8820 453.8774 229.6501 0.5176 4.1327
4.5869 0.0000 101.7903 549.0792 231.3451 0.4965 4.0086
5.6573 0.0000 101.6655 576.6849 231.1828 0.4915 3.4838
6.4402 0.0000 101.5500 526.9596 234.3878 0.4879 3.1785
6.8568 0.0000 101.4609 413.1891 237.7580 0.4875 3.1010
6.9013 0.0000 101.4201 257.0675 239.3521 0.4881 3.1636
6.5263 0.0000 101.4098 87.8861 239.5354 0.4934 3.5482
5.9069 0.0000 101.4103 1.4685 238.2016 0.4979 4.2947
5.3179 0.0000 101.4164 0.0000 236.3380 0.4960 4.5575
4.7976 0.0000 101.4158 0.0000 234.6083 0.4951 4.2246
4.3407 0.0000 101.4250 0.0000 233.6544 0.4957 3.6698
3.9246 0.0000 101.4219 0.0000 233.8345 0.4972 3.4636
3.4962 0.0000 101.4071 0.0000 236.6774 0.5009 3.3732
3.0907 0.0000 101.3861 0.0000 246.5146 0.5064 2.9634
2.7574 0.0000 101.3625 0.0000 255.9666 0.5126 2.6235
2.4680 0.0000 101.3526 0.0000 261.9497 0.5200 2.4062
2.1658 0.0000 101.3250 0.0000 265.1070 0.5285 2.4336
1.8403 0.0000 101.2739 0.0000 271.6736 0.5376 2.7958
1.5362 0.0000 101.2289 0.0000 276.7478 0.5469 3.1134
1.3096 0.0000 101.1836 0.0000 278.8134 0.5545 3.6078
1.1137 0.0000 101.1427 0.0000 278.9959 0.5606 4.1589
1.0618 0.0001 101.1676 18.9199 275.7101 0.5660 3.7496
