1.3634 0.0000 101.6681 156.0061 252.5205 0.6102 5.9909
3.1662 0.0000 101.7054 345.9708 237.1403 0.6066 5.9525
5.2702 0.0000 101.6862 493.4242 237.6012 0.5924 5.4893
7.1220 0.0000 101.6137 581.5694 240.8571 0.5577 4.6589
8.3879 0.0000 101.4953 601.4386 244.1086 0.5368 3.9872
9.2979 0.0000 101.3711 554.9691 246.4966 0.5290 3.5940
9.8349 0.0000 101.2835 438.0407 248.7329 0.5304 3.4201
10.0007 0.0000 101.2263 282.5001 249.9078 0.5338 3.4460
9.7469 0.0000 101.2092 107.9018 251.3542 0.5427 3.4342
9.1223 0.0000 101.2239 4.3016 253.2523 0.5510 3.4731
8.3031 0.0000 101.2731 0.0000 254.5345 0.5572 3.5740
7.3927 0.0000 101.2872 0.0000 263.7182 0.5673 3.8831
6.5348 0.0000 101.3169 0.0000 274.0743 0.5818 3.6502
5.8386 0.0000 101.3327 0.0000 277.8340 0.5941 3.4000
5.2328 0.0000 101.3124 0.0000 278.9873 0.6020 3.7150
4.7011 0.0000 101.2771 0.0000 281.8362 0.6058 4.2103
4.3369 0.0000 101.2598 0.0000 284.7815 0.6053 4.2921
4.1527 0.0000 101.2272 0.0000 286.8048 0.6010 4.3445
4.0912 0.0000 101.1845 0.0000 288.6849 0.5970 4.2640
4.0791 0.0000 101.1331 0.0000 289.1415 0.5946 4.1420
4.0605 0.0000 101.0668 0.0000 288.6769 0.5925 4.5601
3.9683 0.0000 101.0057 0.0000 276.5738 0.5953 4.9688
3.8023 0.0000 101.0528 0.0000 255.2047 0.6055 3.5424
3.6151 0.0000 101.0869 24.6929 266.5396 0.6144 2.7723
