1.3310 0.0063 103.0646 178.9332 260.1080 0.5894 4.2988
2.8077 0.0021 103.0825 325.3475 258.3406 0.5897 4.0834
4.2270 0.0007 103.0421 509.9423 231.1433 0.5855 3.6749
5.1115 0.0004 102.9392 583.4846 231.6505 0.5816 3.1789
5.7455 0.0003 102.8279 584.3598 232.1009 0.5807 2.7338
6.1740 0.0001 102.7416 510.9604 235.0328 0.5805 2.3942
6.3539 0.0001 102.6796 383.7983 236.2103 0.5807 2.2016
6.2702 0.0001 102.6485 219.0961 236.4316 0.5804 2.1471
5.8961 0.0001 102.6474 51.1591 236.0825 0.5829 2.4442
5.3356 0.0002 102.6681 0.0000 241.6547 0.5902 3.1905
4.7363 0.0002 102.6940 0.0000 243.5188 0.5981 3.7177
4.1451 0.0002 102.6929 0.0000 241.1605 0.6038 4.1986
3.6063 0.0001 102.6687 0.0000 234.5419 0.6063 4.7498
3.1540 0.0000 102.6476 0.0000 228.4698 0.6051 5.2008
2.8654 0.0000 102.6413 0.0000 227.2236 0.6027 5.1379
2.6511 0.0000 102.6412 0.0000 226.6385 0.5989 4.6346
2.4386 0.0000 102.6264 0.0000 225.8300 0.5940 4.3663
2.2668 0.0000 102.5935 0.0000 225.2744 0.5902 4.5303
2.1246 0.0000 102.5481 0.0000 224.9286 0.5885 4.6102
1.9719 0.0000 102.5159 0.0000 224.9111 0.5893 4.2751
1.7981 0.0000 102.5156 0.0000 225.6400 0.5898 4.2277
1.7852 0.0000 102.5210 0.0000 231.4479 0.5904 4.2120
1.9314 0.0000 102.5112 0.0644 239.1289 0.5924 3.9747
2.1737 0.0000 102.4797 48.4153 250.1484 0.5970 3.8709
