1.5996 0.0000 101.9019 152.6425 258.4872 0.6249 5.9712
3.1717 0.0000 101.9353 337.2304 242.7108 0.6251 5.7543
5.2558 0.0000 101.9158 486.8301 242.2845 0.6119 5.4460
7.1303 0.0000 101.8405 581.8551 243.4509 0.5731 4.9692
8.4204 0.0000 101.7221 604.1582 245.8469 0.5416 4.5004
9.2797 0.0000 101.6019 559.8963 247.1342 0.5275 4.3077
9.7602 0.0000 101.5163 441.4795 249.2603 0.5240 4.3103
9.8735 0.0000 101.4617 285.0804 250.1492 0.5245 4.4753
9.5159 0.0000 101.4459 109.2034 250.9679 0.5362 4.5444
8.7438 0.0000 101.4624 4.2664 251.5428 0.5508 4.6548
7.8388 0.0000 101.5076 0.0000 252.0526 0.5600 4.7337
6.9415 0.0000 101.5206 0.0000 260.3651 0.5708 4.9778
6.1614 0.0000 101.5423 0.0000 271.0530 0.5831 4.6973
5.5545 0.0000 101.5577 0.0000 276.2894 0.5934 4.3936
5.0426 0.0000 101.5374 0.0000 278.8418 0.6005 4.6120
4.6054 0.0000 101.5015 0.0000 282.1714 0.6047 4.9773
4.2922 0.0000 101.4797 0.0000 285.3708 0.6061 4.9852
4.1022 0.0000 101.4496 0.0000 287.1378 0.6054 4.9818
3.9966 0.0000 101.4068 0.0000 288.4330 0.6049 4.9357
3.9226 0.0000 101.3606 0.0000 287.9300 0.6051 4.7871
3.8450 0.0000 101.3012 0.0000 285.9753 0.6052 4.9847
3.7200 0.0000 101.2426 0.0000 272.9310 0.6085 5.2054
3.5318 0.0000 101.2801 0.0000 253.0922 0.6172 3.9056
3.3591 0.0000 101.3187 29.4701 258.6135 0.6239 3.0655
