-1.4873 0.0029 99.5571 191.7653 245.3980 0.5077 2.6715
0.5305 0.0002 99.5637 378.1174 230.5186 0.5235 2.9888
3.1131 0.0000 99.5273 530.2833 223.9113 0.5064 3.3080
5.1425 0.0000 99.4266 619.7948 223.9766 0.4776 2.8240
6.2520 0.0000 99.3139 625.6884 227.6376 0.4836 2.1968
6.9721 0.0000 99.2229 563.6415 230.3654 0.4953 1.8457
7.4052 0.0000 99.1569 438.9237 232.7589 0.5031 1.8798
7.4302 0.0000 99.1248 268.2192 234.1108 0.5095 2.1262
6.9513 0.0000 99.1230 83.1771 234.2734 0.5196 2.7710
6.0714 0.0000 99.1395 0.2724 233.2185 0.5269 3.7130
5.1271 0.0000 99.1496 0.0000 231.9213 0.5305 4.0677
4.2634 0.0000 99.1332 0.0000 231.1370 0.5331 4.1524
3.5546 0.0000 99.1204 0.0000 230.5921 0.5353 3.9911
3.0592 0.0000 99.1195 0.0000 230.4229 0.5374 3.6431
2.7336 0.0000 99.1262 0.0000 230.6429 0.5395 3.3685
2.4000 0.0000 99.1026 0.0000 231.9271 0.5403 3.1495
2.0777 0.0000 99.0801 0.0000 233.2732 0.5401 3.0700
1.7996 0.0000 99.0515 0.0000 236.8949 0.5400 3.0029
1.5286 0.0000 99.0145 0.0000 243.7700 0.5401 2.5320
1.2821 0.0000 98.9894 0.0000 256.6168 0.5408 1.9658
1.1099 0.0000 98.9864 0.0000 259.6823 0.5419 1.8179
1.0925 0.0002 98.9789 0.0000 258.2447 0.5442 2.2011
1.1059 0.0006 98.9613 0.0015 256.7149 0.5481 2.8956
1.0846 0.0011 98.9177 52.6234 245.7412 0.5514 3.7293
