-2.2910 0.0026 103.0329 168.0870 257.1045 0.5027 2.9324
0.3832 0.0001 103.0401 368.4937 228.6044 0.5437 3.1294
3.2717 0.0000 103.0042 516.8880 222.1393 0.5401 3.1001
4.5054 0.0000 102.9011 575.0717 228.9411 0.5254 2.4168
5.2773 0.0000 102.7854 572.4215 232.1642 0.5221 1.8283
5.8508 0.0000 102.6897 513.3622 232.5404 0.5228 1.4467
6.2182 0.0000 102.6161 398.5433 231.4089 0.5224 1.2759
6.2397 0.0000 102.5740 232.6800 232.2033 0.5249 1.2782
5.9566 0.0000 102.5649 60.9235 232.0587 0.5299 1.4840
5.5658 0.0000 102.5864 0.0036 231.3938 0.5353 2.0057
5.1550 0.0000 102.5968 0.0000 230.8939 0.5416 2.6554
4.7107 0.0000 102.5814 0.0000 230.5814 0.5509 3.4776
4.2456 0.0000 102.5529 0.0000 230.2726 0.5648 4.3168
3.7300 0.0000 102.5401 0.0000 230.0072 0.5838 4.8231
3.1444 0.0000 102.5573 0.0000 229.6263 0.6046 4.8745
2.4874 0.0000 102.5552 0.0000 229.3530 0.6205 4.7945
1.8114 0.0000 102.5235 0.0000 228.8180 0.6294 5.0238
1.1641 0.0000 102.5021 0.0000 229.4792 0.6309 5.1065
0.5046 0.0002 102.4888 0.0000 242.4267 0.6230 4.4142
-0.1524 0.0044 102.4784 0.0000 266.0962 0.6061 3.7842
-0.6622 0.0102 102.4575 0.0000 281.3538 0.5865 3.7179
-0.8402 0.0066 102.4375 0.0000 283.4005 0.5762 3.6940
-0.8083 0.0040 102.4116 0.0001 281.0857 0.5743 3.9417
-0.6005 0.0025 102.3740 31.9103 277.4762 0.5768 4.1993
