-1.5827 0.0025 102.9614 175.0800 259.2148 0.5251 2.7917
0.4581 0.0003 102.9750 366.0243 237.8648 0.5555 2.8230
3.1483 0.0000 102.9383 514.8728 228.5468 0.5549 2.9326
4.4430 0.0000 102.8357 558.8226 238.1760 0.5367 2.3878
5.2078 0.0000 102.7234 564.0981 238.9924 0.5278 1.8188
5.7985 0.0000 102.6291 523.3330 233.8466 0.5231 1.5068
6.1563 0.0000 102.5548 406.6657 232.5960 0.5204 1.3932
6.2462 0.0000 102.5141 239.6790 233.0372 0.5185 1.3980
6.0261 0.0000 102.5050 64.6341 232.8463 0.5210 1.6376
5.6764 0.0000 102.5215 0.0068 232.0219 0.5254 2.1808
5.3483 0.0000 102.5319 0.0000 231.4551 0.5303 2.7773
5.0334 0.0000 102.5115 0.0000 231.1703 0.5384 3.4893
4.7033 0.0000 102.4831 0.0000 231.2727 0.5521 4.1476
4.2788 0.0000 102.4693 0.0000 231.5272 0.5733 4.4705
3.7800 0.0000 102.4849 0.0000 231.8699 0.5985 4.3744
3.1662 0.0000 102.4719 0.0000 232.1182 0.6206 4.3088
2.4957 0.0000 102.4487 0.0000 231.6676 0.6360 4.5201
1.8636 0.0000 102.4237 0.0000 231.1876 0.6460 4.6608
1.2638 0.0001 102.4061 0.0000 239.6515 0.6473 4.1534
0.6467 0.0013 102.3848 0.0000 262.6890 0.6353 3.6120
0.1098 0.0058 102.3797 0.0000 279.9876 0.6175 3.6237
-0.1440 0.0056 102.3817 0.0000 287.7182 0.6050 3.6675
-0.1062 0.0036 102.3580 0.0013 286.4521 0.6025 3.8015
0.1526 0.0010 102.3217 34.7606 279.3078 0.6072 4.0117
