-0.6330 0.0004 99.1853 174.7373 255.0604 0.5496 4.8327
1.5563 0.0000 99.2073 401.1988 216.2147 0.5704 4.3457
4.4014 0.0000 99.1795 540.1350 221.5205 0.5584 4.1243
6.6326 0.0000 99.0980 618.5997 228.6602 0.5166 3.5353
7.8525 0.0000 98.9939 627.7557 234.1318 0.5077 3.1413
8.6054 0.0000 98.8931 569.8392 238.7593 0.5087 3.2959
8.9045 0.0000 98.8261 445.2584 242.6197 0.5139 3.6224
8.7949 0.0000 98.7906 280.5806 244.5999 0.5172 3.9536
8.1649 0.0000 98.7814 99.8103 244.7382 0.5289 4.4144
7.1101 0.0000 98.7899 1.8836 242.6867 0.5375 5.1310
5.9658 0.0000 98.8076 0.0000 239.8273 0.5392 5.3685
4.9734 0.0000 98.8118 0.0000 237.2498 0.5409 4.9098
4.2487 0.0000 98.8143 0.0000 236.3144 0.5407 4.5725
3.7427 0.0000 98.8215 0.0000 246.1907 0.5404 4.2464
3.4049 0.0000 98.8147 0.0000 250.3706 0.5403 3.8194
3.1923 0.0000 98.7932 0.0000 261.4514 0.5399 3.6396
3.0907 0.0000 98.7629 0.0000 267.6883 0.5411 3.5297
3.0396 0.0000 98.7313 0.0000 272.7708 0.5438 3.4333
2.9730 0.0000 98.7056 0.0000 276.3419 0.5469 3.3265
2.8874 0.0000 98.6622 0.0000 278.1585 0.5498 3.5881
2.7233 0.0000 98.6325 0.0000 280.0839 0.5525 3.8318
2.6546 0.0000 98.6089 0.0000 277.5714 0.5560 4.2200
2.7016 0.0000 98.5735 0.0000 277.8103 0.5601 4.6094
2.7931 0.0000 98.5885 36.2132 263.1737 0.5637 3.8627
