-0.7576 0.0003 100.8608 165.8113 250.2072 0.5303 4.4251
1.3731 0.0000 100.8710 374.6323 222.1005 0.5352 4.2832
4.0884 0.0000 100.8363 524.5245 222.7792 0.5064 4.3081
6.0468 0.0000 100.7438 609.9832 226.4427 0.4760 3.7984
7.0975 0.0000 100.6311 622.5150 229.1494 0.4733 3.2904
7.7402 0.0000 100.5333 564.1245 232.0841 0.4790 3.1851
8.0178 0.0000 100.4596 441.4975 234.8207 0.4874 3.3877
7.9121 0.0000 100.4276 273.9269 236.6865 0.4959 3.6288
7.3031 0.0000 100.4185 90.9817 237.8225 0.5122 4.2024
6.3344 0.0000 100.4295 0.8845 237.6227 0.5241 5.0624
5.4119 0.0000 100.4325 0.0000 236.9359 0.5278 5.3954
4.6731 0.0000 100.4243 0.0000 236.1063 0.5316 5.1800
4.1259 0.0000 100.4211 0.0000 235.4171 0.5361 4.5349
3.7271 0.0000 100.4245 0.0000 235.6928 0.5404 3.9862
3.4262 0.0000 100.4174 0.0000 238.3108 0.5442 3.6817
3.1820 0.0000 100.3899 0.0000 242.1426 0.5471 3.3913
2.9963 0.0000 100.3618 0.0000 250.9528 0.5493 3.0773
2.8630 0.0000 100.3393 0.0000 257.7903 0.5512 2.6851
2.6811 0.0000 100.3155 0.0000 265.7618 0.5530 2.3285
2.4354 0.0000 100.2895 0.0000 267.0468 0.5544 2.2801
2.2171 0.0000 100.2601 0.0000 269.6028 0.5554 2.6707
2.1941 0.0000 100.2431 0.0000 271.6318 0.5569 3.1060
2.3652 0.0000 100.2000 0.0000 263.5923 0.5583 3.7166
2.6447 0.0000 100.1691 33.4868 267.4722 0.5596 3.7812
