-0.0775 0.0031 103.1051 173.1381 258.7080 0.5643 3.6325
2.4654 0.0005 103.1183 371.0010 229.7097 0.5696 3.3908
3.9362 0.0002 103.0766 506.3617 228.0177 0.5616 2.9215
4.7801 0.0002 102.9806 574.6724 230.0330 0.5573 2.4854
5.3793 0.0002 102.8693 572.0760 232.3377 0.5581 2.1485
5.8222 0.0002 102.7766 506.3919 233.4088 0.5576 1.8614
5.9913 0.0002 102.7100 373.7206 237.8926 0.5585 1.6684
5.8781 0.0002 102.6762 211.5757 237.4561 0.5592 1.6505
5.4381 0.0003 102.6737 49.4988 239.0633 0.5633 2.1636
4.7358 0.0004 102.6975 0.0000 244.2250 0.5699 3.0564
3.9677 0.0004 102.7206 0.0000 248.9515 0.5751 3.5553
3.2612 0.0002 102.7150 0.0000 246.8455 0.5776 3.9817
2.6691 0.0000 102.6939 0.0000 238.2404 0.5775 4.4835
2.1863 0.0000 102.6763 0.0000 228.1923 0.5761 4.9013
1.8523 0.0000 102.6782 0.0000 226.2527 0.5746 4.8779
1.6013 0.0000 102.6837 0.0000 225.0868 0.5727 4.3029
1.4104 0.0000 102.6687 0.0000 224.3781 0.5698 3.7907
1.2768 0.0000 102.6350 0.0000 224.0330 0.5664 3.7826
1.1584 0.0000 102.5986 0.0000 224.3681 0.5632 3.5741
1.0360 0.0001 102.5774 0.0000 227.2285 0.5614 2.9142
0.9178 0.0002 102.5619 0.0000 231.5891 0.5594 2.6969
0.9637 0.0002 102.5406 0.0000 240.1815 0.5584 2.7313
1.1259 0.0003 102.5205 0.0026 238.0457 0.5591 2.8665
1.3225 0.0003 102.4860 55.7189 233.0959 0.5613 3.1743
