0.6861 0.0057 103.0172 176.7048 271.6013 0.6015 3.7599
2.3250 0.0004 103.0318 352.7824 256.4108 0.6149 3.4447
4.4546 0.0000 102.9772 534.3783 231.4396 0.6120 3.1268
5.9985 0.0000 102.8682 600.4413 235.7624 0.5789 2.6991
7.1497 0.0000 102.7462 598.5021 238.4348 0.5532 2.3263
7.8574 0.0000 102.6412 531.8756 240.1260 0.5440 2.1899
8.2561 0.0000 102.5710 409.4969 240.0109 0.5409 2.2244
8.3152 0.0000 102.5418 238.5971 240.7845 0.5415 2.3120
8.0437 0.0000 102.5339 61.9949 240.7112 0.5476 2.6749
7.5510 0.0000 102.5575 0.0003 239.6300 0.5586 3.3781
7.0317 0.0000 102.5762 0.0000 238.3885 0.5717 3.9193
6.5278 0.0000 102.5699 0.0000 237.3066 0.5892 4.3484
6.0148 0.0000 102.5449 0.0000 236.4675 0.6133 4.6697
5.4898 0.0000 102.5248 0.0000 235.8951 0.6448 4.7576
5.0107 0.0000 102.5259 0.0000 235.6576 0.6771 4.4167
4.4729 0.0000 102.5141 0.0000 235.5889 0.6994 4.0456
3.8757 0.0000 102.4986 0.0000 234.8423 0.7105 3.8069
3.3455 0.0000 102.4865 0.0000 234.1134 0.7112 3.5914
2.8519 0.0005 102.4449 0.0000 245.8331 0.6992 3.5409
2.3319 0.0016 102.4011 0.0000 259.6633 0.6771 3.4893
1.9491 0.0012 102.4029 0.0000 264.9839 0.6613 3.5218
1.8627 0.0005 102.4428 0.0000 269.6342 0.6536 3.5354
1.9228 0.0003 102.4547 0.1704 268.1051 0.6496 3.4441
2.0708 0.0002 102.4215 56.0721 260.0554 0.6466 3.3703
