-1.4881 0.0035 98.4558 136.6671 255.3744 0.5081 4.8533
0.1633 0.0003 98.4843 330.7573 227.7404 0.5129 4.5921
2.2654 0.0000 98.4615 481.2856 226.8171 0.5134 4.3028
4.1822 0.0000 98.3832 572.6526 228.6129 0.4979 3.5604
5.6049 0.0000 98.2702 597.3506 230.3016 0.4831 2.9184
6.5454 0.0000 98.1635 544.5041 234.9974 0.4836 2.8643
7.1043 0.0000 98.0815 425.8660 239.1220 0.4867 2.9171
7.1647 0.0000 98.0455 270.4637 239.7227 0.4924 3.0725
6.5748 0.0000 98.0283 98.0802 238.5654 0.5039 3.6517
5.3674 0.0000 98.0368 2.3807 235.8812 0.5148 4.6830
4.1774 0.0000 98.0654 0.0000 232.6452 0.5151 4.6744
3.3384 0.0000 98.0844 0.0000 230.5788 0.5122 3.8469
2.8181 0.0000 98.0957 0.0000 231.6531 0.5075 3.2418
2.5025 0.0000 98.0929 0.0000 241.5092 0.5024 2.8250
2.3513 0.0000 98.0788 0.0000 249.1777 0.4987 2.5368
2.3527 0.0000 98.0451 0.0000 258.2703 0.4968 2.3751
2.4724 0.0000 98.0222 0.0000 263.5838 0.4968 2.3481
2.6334 0.0000 97.9963 0.0000 267.9870 0.4984 2.4558
2.7571 0.0000 97.9621 0.0000 273.3632 0.5014 2.7312
2.7699 0.0000 97.9166 0.0000 277.9084 0.5052 2.9597
2.6912 0.0000 97.8740 0.0000 280.3285 0.5090 2.9646
2.5097 0.0000 97.8203 0.0000 282.3713 0.5127 3.4349
2.1654 0.0000 97.8050 0.0000 280.6199 0.5168 3.6333
2.0399 0.0000 97.8469 17.0744 278.2735 0.5206 2.6667
