-0.6391 0.0082 100.4373 175.6419 261.9073 0.5398 2.4000
1.1180 0.0009 100.4464 366.2192 244.1453 0.5523 2.5961
3.4081 0.0000 100.3993 547.8291 223.6373 0.5435 2.8183
5.5704 0.0000 100.2884 621.1018 228.8304 0.5151 2.5969
6.6894 0.0000 100.1713 623.7935 232.4459 0.5199 2.2068
7.4894 0.0000 100.0736 559.3200 235.0241 0.5266 1.9358
7.9433 0.0000 100.0039 432.5803 237.3979 0.5317 1.9570
8.0130 0.0000 99.9752 260.5446 238.8976 0.5353 2.1392
7.6309 0.0000 99.9702 77.1868 239.9491 0.5414 2.6886
6.8912 0.0000 99.9880 0.1494 242.1144 0.5460 3.5674
6.0245 0.0000 100.0054 0.0000 235.4904 0.5481 4.0042
5.1205 0.0000 99.9974 0.0000 233.7636 0.5504 4.1262
4.3244 0.0000 99.9862 0.0000 232.3947 0.5537 3.9111
3.7146 0.0000 99.9800 0.0000 231.7032 0.5583 3.3866
3.2364 0.0000 99.9791 0.0000 231.5841 0.5644 2.7829
2.7311 0.0000 99.9637 0.0000 231.4963 0.5696 2.2704
2.2075 0.0000 99.9471 0.0000 231.6758 0.5734 1.9426
1.7339 0.0000 99.9257 0.0000 233.4306 0.5763 1.9054
1.2796 0.0000 99.8783 0.0000 237.3777 0.5790 1.9300
0.8531 0.0001 99.8397 0.0000 251.8562 0.5812 1.9247
0.4734 0.0008 99.8480 0.0000 261.7760 0.5801 2.2579
0.1947 0.0025 99.8642 0.0000 260.1654 0.5753 2.4986
-0.0715 0.0117 99.8642 0.0286 273.1530 0.5700 2.4352
-0.1788 0.0089 99.8323 47.1684 267.5304 0.5711 2.4384
