1.8499 0.0039 102.9980 201.9715 261.0586 0.6315 4.8884
3.2915 0.0003 103.0126 380.5435 248.3198 0.6351 4.4262
4.9796 0.0000 102.9596 542.3170 233.1042 0.6254 3.9589
6.2221 0.0000 102.8584 607.6005 236.1781 0.6018 3.4853
7.1541 0.0000 102.7429 601.5339 239.3255 0.5830 3.0306
7.7670 0.0000 102.6445 531.9201 241.0814 0.5720 2.7719
8.1005 0.0000 102.5770 407.2280 241.1597 0.5660 2.6995
8.1548 0.0000 102.5462 236.0042 241.6430 0.5649 2.6868
7.9316 0.0000 102.5421 59.4158 241.8096 0.5730 2.9163
7.5195 0.0000 102.5630 0.0001 241.1656 0.5908 3.4895
7.0642 0.0000 102.5828 0.0000 240.1478 0.6115 3.9778
6.5900 0.0000 102.5776 0.0000 239.1609 0.6336 4.3889
6.1075 0.0000 102.5564 0.0000 238.1982 0.6560 4.7070
5.6590 0.0000 102.5364 0.0000 237.2875 0.6787 4.8339
5.3370 0.0000 102.5298 0.0000 236.7544 0.6956 4.5516
4.9585 0.0000 102.5179 0.0000 236.5614 0.7046 4.2121
4.4987 0.0000 102.4986 0.0000 235.7029 0.7071 4.0572
4.0848 0.0000 102.4865 0.0000 234.9826 0.7028 3.9060
3.7048 0.0002 102.4449 0.0000 239.7766 0.6922 3.8559
3.3352 0.0007 102.3962 0.0000 245.5004 0.6784 3.8591
3.0253 0.0005 102.3914 0.0000 247.6351 0.6692 3.9592
2.9385 0.0002 102.4323 0.0000 252.3433 0.6626 4.1627
2.9857 0.0001 102.4531 0.3016 259.4323 0.6576 4.0870
3.1136 0.0001 102.4265 62.0542 254.1428 0.6541 3.8916
