-1.3015 0.0023 100.3407 116.1043 265.4386 0.5192 4.0082
0.2861 0.0001 100.3647 302.0272 233.9795 0.5212 4.1358
2.3760 0.0000 100.3384 462.2751 228.6123 0.5153 4.1861
4.3056 0.0000 100.2536 554.6936 230.8981 0.4969 3.9034
5.4813 0.0000 100.1343 580.3794 231.8897 0.4896 3.3364
6.3247 0.0000 100.0230 532.1698 234.9352 0.4874 3.1199
6.7795 0.0000 99.9362 416.3055 238.7368 0.4884 3.1246
6.8028 0.0000 99.8994 261.6846 239.5328 0.4909 3.2610
6.2931 0.0000 99.8877 92.1978 238.6834 0.4991 3.7744
5.3974 0.0000 99.8908 1.8811 236.4787 0.5061 4.6170
4.5823 0.0000 99.9062 0.0000 233.9285 0.5043 4.6539
3.9759 0.0000 99.9145 0.0000 232.1274 0.5019 4.0098
3.5383 0.0000 99.9230 0.0000 231.7756 0.5000 3.4059
3.2009 0.0000 99.9170 0.0000 235.2210 0.4985 3.1380
2.9252 0.0000 99.9022 0.0000 241.9108 0.4990 2.9456
2.7375 0.0000 99.8753 0.0000 252.0909 0.5009 2.6280
2.6380 0.0000 99.8498 0.0000 259.5555 0.5038 2.3618
2.5730 0.0000 99.8350 0.0000 264.8077 0.5079 2.1652
2.4719 0.0000 99.8037 0.0000 268.8416 0.5129 2.2018
2.2942 0.0000 99.7569 0.0000 275.6031 0.5186 2.4595
2.0887 0.0000 99.7139 0.0000 278.9755 0.5244 2.6367
1.8784 0.0000 99.6650 0.0000 280.7713 0.5297 3.1882
1.6120 0.0000 99.6327 0.0000 279.4823 0.5352 3.7250
1.5657 0.0000 99.6651 16.9482 278.4619 0.5402 3.2272
