4.2727 0.0006 103.0121 234.1061 249.9887 0.6294 6.1907
4.9378 0.0002 103.0329 409.4525 241.0669 0.6224 5.7531
5.4887 0.0001 102.9984 548.6491 234.0907 0.6198 5.3626
5.9086 0.0001 102.9045 610.7888 234.8145 0.6228 4.9120
6.2355 0.0001 102.8068 602.3532 236.1882 0.6240 4.3694
6.4587 0.0001 102.7252 524.0155 238.8107 0.6219 3.9509
6.5130 0.0001 102.6700 393.2769 239.3067 0.6206 3.7241
6.4108 0.0001 102.6414 225.4174 237.7509 0.6196 3.6067
6.1478 0.0000 102.6370 51.0965 238.2834 0.6216 3.6361
5.8445 0.0001 102.6630 0.0000 239.0560 0.6260 3.8978
5.5955 0.0001 102.6879 0.0000 239.2958 0.6301 4.0726
5.3607 0.0000 102.6905 0.0000 236.4359 0.6329 4.2939
5.1554 0.0000 102.6656 0.0000 234.3871 0.6342 4.5303
5.0389 0.0000 102.6420 0.0000 233.3632 0.6354 4.6949
5.0157 0.0000 102.6221 0.0000 232.7109 0.6380 4.6398
4.9241 0.0000 102.6040 0.0000 232.7640 0.6393 4.4533
4.7563 0.0000 102.5854 0.0000 232.4804 0.6397 4.4846
4.5711 0.0000 102.5639 0.0000 232.1962 0.6413 4.6473
4.3728 0.0000 102.5183 0.0000 231.8040 0.6433 4.7917
4.2001 0.0000 102.4633 0.0000 231.4193 0.6461 4.8087
4.0571 0.0000 102.4483 0.0000 231.3317 0.6494 4.8986
4.0468 0.0000 102.4836 0.0000 231.7636 0.6524 5.1114
4.1320 0.0000 102.5024 0.4166 237.5512 0.6546 4.9794
4.3198 0.0000 102.4860 58.8184 255.1569 0.6572 4.5639
