-0.4478 0.0017 101.5349 142.5938 260.1007 0.5472 5.0023
1.1897 0.0001 101.5565 357.7465 222.2064 0.5518 4.7654
3.5113 0.0000 101.5248 504.2295 223.0708 0.5328 4.9685
5.2993 0.0000 101.4326 586.1547 229.0189 0.5045 4.7990
6.3378 0.0000 101.3183 601.7784 232.1716 0.4959 4.3589
7.0755 0.0000 101.2079 547.4941 235.9064 0.4941 4.2085
7.4376 0.0000 101.1276 428.0252 239.4541 0.4976 4.2807
7.4183 0.0000 101.0891 268.0019 241.3955 0.5022 4.4589
6.9013 0.0000 101.0738 93.7517 241.4663 0.5166 4.9022
6.0445 0.0000 101.0814 1.7497 239.6380 0.5294 5.7651
5.2838 0.0000 101.0900 0.0000 237.3159 0.5310 6.0198
4.6860 0.0000 101.1011 0.0000 235.3917 0.5321 5.4207
4.2158 0.0000 101.1076 0.0000 234.6574 0.5321 4.7866
3.8150 0.0000 101.1079 0.0000 239.5689 0.5318 4.3797
3.4559 0.0000 101.0940 0.0000 246.3399 0.5324 3.9389
3.1331 0.0000 101.0671 0.0000 255.4392 0.5337 3.5768
2.8623 0.0000 101.0438 0.0000 262.0484 0.5352 3.3529
2.6217 0.0000 101.0198 0.0000 266.8162 0.5370 3.3859
2.3551 0.0000 100.9881 0.0000 270.0807 0.5398 3.6984
2.0227 0.0000 100.9432 0.0000 274.7460 0.5441 4.1255
1.6757 0.0000 100.9071 0.0000 277.4268 0.5502 4.2823
1.4249 0.0000 100.8689 0.0000 278.7762 0.5575 4.3901
1.3144 0.0000 100.8319 0.0000 278.3495 0.5655 4.3670
1.3737 0.0000 100.8555 22.0253 275.4504 0.5716 3.2873
