-2.2045 0.0003 102.7073 160.8155 243.2030 0.4873 4.1139
-0.1474 0.0000 102.7280 330.0389 224.2717 0.5064 3.7514
2.7484 0.0000 102.6987 460.2977 227.7547 0.4786 3.5724
4.3169 0.0000 102.6033 550.3580 228.1228 0.4540 2.9521
5.1394 0.0000 102.4806 575.9078 225.0832 0.4523 2.3900
5.7221 0.0000 102.3752 521.0619 225.8709 0.4562 2.0915
6.0951 0.0000 102.2957 405.4943 226.9109 0.4585 2.0156
6.1149 0.0000 102.2533 242.1667 228.5235 0.4621 2.1277
5.7885 0.0000 102.2442 70.5745 229.5821 0.4682 2.6103
5.2570 0.0000 102.2504 0.1411 229.5184 0.4734 3.5137
4.6413 0.0000 102.2546 0.0000 229.0754 0.4775 4.3649
3.9797 0.0000 102.2362 0.0000 228.5014 0.4826 5.0792
3.3370 0.0000 102.2179 0.0000 228.0393 0.4883 5.4103
2.7962 0.0000 102.2287 0.0000 227.9733 0.4948 5.2089
2.3739 0.0000 102.2454 0.0000 228.2648 0.5029 4.9971
1.9682 0.0000 102.2131 0.0000 228.6317 0.5115 5.1698
1.5368 0.0000 102.1894 0.0000 229.7994 0.5203 5.0069
1.1295 0.0000 102.1937 0.0000 236.1302 0.5305 4.4644
0.7856 0.0000 102.1837 0.0000 242.8105 0.5414 4.2732
0.5016 0.0000 102.1372 0.0000 250.0323 0.5534 4.4513
0.2383 0.0000 102.0868 0.0000 253.3531 0.5644 4.8425
-0.0286 0.0005 102.0470 0.0000 256.6518 0.5718 5.2535
-0.3596 0.0030 102.0124 0.0000 264.6116 0.5739 5.4512
-0.6272 0.0040 101.9752 24.9367 274.6805 0.5723 5.2512
