0.2625 0.0064 102.9149 167.6373 273.7173 0.5874 3.2471
1.9560 0.0007 102.9285 341.4076 259.5527 0.6037 3.0086
4.1670 0.0000 102.8747 531.0587 230.8147 0.6032 2.8145
5.8310 0.0000 102.7638 594.8775 236.2282 0.5667 2.4339
7.0202 0.0000 102.6396 597.2094 238.1079 0.5417 2.0973
7.7490 0.0000 102.5339 533.1972 239.3443 0.5343 1.9987
8.1593 0.0000 102.4625 411.6602 239.2031 0.5326 2.0748
8.2136 0.0000 102.4328 241.0180 240.0164 0.5336 2.2069
7.9044 0.0000 102.4237 64.0306 239.8224 0.5391 2.6405
7.3453 0.0000 102.4478 0.0045 238.5224 0.5473 3.4160
6.7667 0.0000 102.4658 0.0000 237.1243 0.5565 3.9580
6.2294 0.0000 102.4588 0.0000 235.9685 0.5703 4.3466
5.7177 0.0000 102.4331 0.0000 235.1800 0.5917 4.5967
5.2095 0.0000 102.4148 0.0000 234.8026 0.6218 4.5789
4.7206 0.0000 102.4180 0.0000 234.7726 0.6552 4.1694
4.1580 0.0000 102.4061 0.0000 234.8351 0.6802 3.7958
3.5335 0.0000 102.3904 0.0000 234.2049 0.6947 3.5515
2.9694 0.0000 102.3770 0.0000 233.5611 0.6996 3.3455
2.4379 0.0005 102.3361 0.0000 245.0729 0.6918 3.2922
1.8729 0.0016 102.2953 0.0000 260.8185 0.6721 3.2400
1.4339 0.0019 102.3001 0.0000 272.7604 0.6550 3.2969
1.3045 0.0018 102.3369 0.0000 278.7337 0.6459 3.2437
1.3304 0.0028 102.3438 0.1096 275.1089 0.6417 3.1360
1.4736 0.0015 102.3095 50.9733 266.6026 0.6396 3.0993
