-1.2332 0.0025 100.3966 118.5806 265.4987 0.5203 4.0602
0.3371 0.0001 100.4209 311.2771 231.6522 0.5230 4.0934
2.4545 0.0000 100.3949 470.2532 226.9965 0.5150 4.1848
4.3259 0.0000 100.3078 560.7362 229.8184 0.4971 3.9093
5.4953 0.0000 100.1888 585.8849 230.6946 0.4895 3.3693
6.3346 0.0000 100.0764 535.2101 234.3850 0.4877 3.1783
6.7933 0.0000 99.9912 418.8730 238.1966 0.4893 3.1952
6.8228 0.0000 99.9545 262.8926 239.4084 0.4921 3.3253
6.3274 0.0000 99.9413 92.3834 238.8172 0.5007 3.8080
5.4508 0.0000 99.9459 1.8412 236.7169 0.5084 4.6445
4.6466 0.0000 99.9606 0.0000 234.1623 0.5070 4.7037
4.0408 0.0000 99.9693 0.0000 232.2619 0.5046 4.0372
3.5971 0.0000 99.9793 0.0000 231.7486 0.5023 3.3704
3.2467 0.0000 99.9735 0.0000 235.1819 0.5003 3.0645
2.9471 0.0000 99.9587 0.0000 241.3952 0.5002 2.8329
2.7222 0.0000 99.9314 0.0000 251.9526 0.5020 2.5100
2.5808 0.0000 99.9076 0.0000 259.1636 0.5049 2.2855
2.4747 0.0000 99.8895 0.0000 264.3469 0.5091 2.2138
2.3357 0.0000 99.8582 0.0000 268.2491 0.5144 2.3938
2.1241 0.0000 99.8114 0.0000 274.4764 0.5208 2.7335
1.8850 0.0000 99.7697 0.0000 277.9752 0.5277 2.8828
1.6599 0.0000 99.7232 0.0000 279.9293 0.5342 3.2990
1.4034 0.0000 99.6918 0.0000 278.9233 0.5405 3.6643
1.3537 0.0000 99.7232 17.5102 278.0032 0.5458 2.9621
