-2.0933 0.0004 102.9125 174.4442 241.8852 0.4946 3.6935
0.2212 0.0000 102.9242 361.2453 216.9648 0.5120 3.4404
3.0033 0.0000 102.8915 486.6979 222.8234 0.4823 3.0296
4.2349 0.0000 102.7958 558.5753 226.7928 0.4654 2.3692
4.9744 0.0000 102.6778 571.1369 226.5752 0.4655 1.8767
5.4945 0.0000 102.5759 514.2644 227.1422 0.4704 1.6047
5.8053 0.0000 102.5051 396.4378 227.7976 0.4732 1.5515
5.7923 0.0000 102.4627 235.2350 227.8460 0.4763 1.6739
5.4527 0.0000 102.4536 64.0616 228.4695 0.4806 2.1120
4.9506 0.0000 102.4660 0.0210 228.4502 0.4836 2.8315
4.4189 0.0000 102.4729 0.0000 228.1844 0.4863 3.4384
3.8875 0.0000 102.4555 0.0000 227.6862 0.4904 4.0558
3.3749 0.0000 102.4316 0.0000 227.0596 0.4968 4.5190
2.9041 0.0000 102.4273 0.0000 226.8433 0.5072 4.5737
2.4804 0.0000 102.4491 0.0000 227.1710 0.5222 4.3214
2.0308 0.0000 102.4377 0.0000 227.7581 0.5385 4.3665
1.5209 0.0000 102.4034 0.0000 227.9636 0.5541 4.5694
0.9907 0.0000 102.3956 0.0000 229.9275 0.5686 4.1621
0.5141 0.0001 102.3940 0.0000 239.0839 0.5794 3.6610
0.0638 0.0018 102.3533 0.0000 250.5835 0.5851 3.5937
-0.3801 0.0047 102.3131 0.0000 264.4166 0.5822 3.8251
-0.7382 0.0043 102.2735 0.0000 267.0375 0.5755 4.2262
-1.1402 0.0076 102.2467 0.0000 272.6244 0.5652 4.5143
-1.3687 0.0081 102.2105 27.3691 280.1792 0.5540 4.4312
