-2.3481 0.0002 102.5833 155.4194 241.8056 0.4794 4.1774
-0.3841 0.0000 102.6050 316.5568 226.3030 0.4987 3.6991
2.4912 0.0000 102.5808 453.3927 227.2268 0.4728 3.5059
4.2461 0.0000 102.4855 550.9534 226.2819 0.4430 2.9564
5.0664 0.0000 102.3603 571.2639 224.8442 0.4402 2.4287
5.6345 0.0000 102.2564 516.1485 225.9041 0.4431 2.1473
5.9962 0.0000 102.1759 404.4699 226.2021 0.4450 2.0792
6.0110 0.0000 102.1335 242.0881 227.9906 0.4482 2.1935
5.6773 0.0000 102.1244 71.4391 229.0126 0.4538 2.6966
5.1293 0.0000 102.1265 0.1732 228.7905 0.4581 3.6161
4.4941 0.0000 102.1297 0.0000 228.2279 0.4615 4.4638
3.8113 0.0000 102.1139 0.0000 227.6673 0.4661 5.1488
3.1486 0.0000 102.0956 0.0000 227.3287 0.4718 5.4385
2.5887 0.0000 102.1099 0.0000 227.3893 0.4784 5.2263
2.1455 0.0000 102.1241 0.0000 227.6883 0.4865 5.0921
1.7258 0.0000 102.0898 0.0000 228.0114 0.4950 5.2640
1.3059 0.0000 102.0728 0.0000 229.8331 0.5031 4.9587
0.9550 0.0000 102.0781 0.0000 238.0450 0.5115 4.4919
0.6807 0.0000 102.0629 0.0000 243.7969 0.5204 4.4148
0.4534 0.0000 102.0133 0.0000 251.7231 0.5311 4.6460
0.2461 0.0000 101.9578 0.0000 252.2886 0.5442 5.0767
0.0584 0.0002 101.9164 0.0000 249.8571 0.5587 5.4355
-0.1823 0.0011 101.8808 0.0000 255.3902 0.5687 5.5974
-0.4774 0.0021 101.8451 26.0438 266.0339 0.5725 5.4022
