4.3001 0.0010 102.9859 246.8361 246.2828 0.6478 6.5228
5.1835 0.0001 103.0099 424.3306 239.1240 0.6427 6.0649
5.9409 0.0001 102.9677 556.4095 235.5897 0.6344 5.6354
6.5136 0.0000 102.8770 617.8940 236.8567 0.6318 5.1774
6.9220 0.0000 102.7761 607.7037 239.0246 0.6301 4.6197
7.2080 0.0000 102.6916 529.2089 241.8444 0.6279 4.2029
7.3123 0.0000 102.6310 400.8369 241.7385 0.6271 4.0058
7.2432 0.0000 102.6043 231.0424 240.7593 0.6278 3.9014
6.9967 0.0000 102.6031 54.1989 240.8398 0.6344 3.9626
6.6406 0.0000 102.6314 0.0000 240.4078 0.6462 4.2896
6.2837 0.0000 102.6527 0.0000 239.4111 0.6562 4.5472
5.9411 0.0000 102.6530 0.0000 238.2505 0.6636 4.8159
5.6696 0.0000 102.6355 0.0000 237.1888 0.6678 5.0074
5.5171 0.0000 102.6106 0.0000 236.2661 0.6702 5.0729
5.4807 0.0000 102.5893 0.0000 235.6947 0.6731 4.9196
5.3588 0.0000 102.5680 0.0000 235.6610 0.6746 4.7558
5.1498 0.0000 102.5498 0.0000 235.0778 0.6739 4.8337
4.9433 0.0000 102.5282 0.0000 234.6358 0.6734 4.9195
4.7274 0.0000 102.4913 0.0000 234.2228 0.6735 4.9325
4.5261 0.0000 102.4341 0.0000 233.8085 0.6747 4.9397
4.3569 0.0000 102.4155 0.0000 233.6071 0.6765 5.0143
4.3260 0.0000 102.4561 0.0000 234.1977 0.6771 5.2766
4.3819 0.0000 102.4840 0.5510 244.0690 0.6768 5.2494
4.5199 0.0000 102.4713 60.0517 257.9226 0.6770 4.9006
