-0.1616 0.0018 101.7973 154.9853 254.9223 0.5591 5.7277
1.5561 0.0002 101.8193 365.5803 221.7106 0.5641 5.4083
3.8943 0.0000 101.7848 509.5937 224.1195 0.5480 5.5230
5.7762 0.0000 101.6963 590.5701 230.6700 0.5129 5.2889
6.8306 0.0000 101.5852 603.7666 235.0616 0.5003 4.8484
7.5514 0.0000 101.4763 549.3400 238.8489 0.4970 4.7127
7.9060 0.0000 101.3954 430.1585 242.1390 0.5002 4.7660
7.8951 0.0000 101.3542 270.7834 243.6749 0.5048 4.9711
7.3738 0.0000 101.3376 96.1012 243.5598 0.5216 5.4293
6.4572 0.0000 101.3461 2.0175 241.4229 0.5367 6.4027
5.6149 0.0000 101.3564 0.0000 238.8190 0.5402 6.7779
4.9538 0.0000 101.3736 0.0000 236.7406 0.5435 6.2022
4.4501 0.0000 101.3778 0.0000 236.4923 0.5449 5.7521
4.0445 0.0000 101.3828 0.0000 246.0073 0.5452 5.3031
3.7186 0.0000 101.3685 0.0000 253.5325 0.5455 4.7652
3.4337 0.0000 101.3407 0.0000 260.9293 0.5455 4.4356
3.1931 0.0000 101.3179 0.0000 267.0250 0.5449 4.3061
2.9717 0.0000 101.2926 0.0000 271.0247 0.5451 4.3503
2.7256 0.0000 101.2596 0.0000 274.2818 0.5465 4.5795
2.4040 0.0000 101.2093 0.0000 279.0054 0.5496 4.9023
2.0493 0.0000 101.1732 0.0000 280.6597 0.5545 5.0350
1.7611 0.0000 101.1310 0.0000 281.2811 0.5613 5.1872
1.6403 0.0000 101.0957 0.0000 280.8695 0.5693 5.0805
1.6837 0.0000 101.1284 23.9896 273.0134 0.5758 3.9104
