-0.5676 0.0004 101.4712 154.1135 255.7643 0.5383 4.6382
1.3399 0.0000 101.4855 360.4430 225.1591 0.5437 4.4678
3.9210 0.0000 101.4519 512.5319 224.5523 0.5159 4.5197
5.8341 0.0000 101.3567 601.3693 227.4617 0.4846 4.1073
6.8699 0.0000 101.2424 615.9161 229.6368 0.4808 3.6234
7.5334 0.0000 101.1413 559.1933 232.3767 0.4844 3.4916
7.8241 0.0000 101.0661 436.4928 235.4419 0.4913 3.6287
7.7422 0.0000 101.0299 270.7552 237.5143 0.4981 3.8120
7.1787 0.0000 101.0208 90.4244 238.6616 0.5135 4.3110
6.3058 0.0000 101.0275 0.9904 238.3135 0.5250 5.1463
5.4976 0.0000 101.0300 0.0000 237.4670 0.5277 5.5336
4.8328 0.0000 101.0217 0.0000 236.5160 0.5309 5.3531
4.2999 0.0000 101.0211 0.0000 235.6835 0.5354 4.7484
3.8625 0.0000 101.0272 0.0000 236.1561 0.5404 4.2866
3.4824 0.0000 101.0185 0.0000 238.9296 0.5453 4.0243
3.1394 0.0000 100.9925 0.0000 243.3465 0.5497 3.7005
2.8614 0.0000 100.9661 0.0000 252.5013 0.5529 3.2864
2.6534 0.0000 100.9462 0.0000 259.0652 0.5556 2.9461
2.4210 0.0000 100.9226 0.0000 265.2001 0.5582 2.8165
2.1437 0.0000 100.8923 0.0000 267.3793 0.5606 3.0074
1.8987 0.0000 100.8603 0.0000 270.6273 0.5626 3.4043
1.8428 0.0000 100.8366 0.0000 272.9102 0.5648 3.7291
1.9713 0.0000 100.7924 0.0000 269.0406 0.5667 4.1921
2.2033 0.0000 100.7707 29.7529 270.3522 0.5686 3.9364
