-1.1296 0.0019 101.3478 168.9544 250.2627 0.5214 3.7562
0.8215 0.0001 101.3564 340.9180 236.1500 0.5327 3.8659
3.5404 0.0000 101.3172 500.6057 229.3572 0.5075 4.0642
5.4544 0.0000 101.2173 596.6903 228.9049 0.4794 3.5665
6.5056 0.0000 101.0996 612.1767 230.1061 0.4817 2.9556
7.2001 0.0000 101.0004 557.6726 231.1132 0.4891 2.6716
7.5926 0.0000 100.9286 436.2651 233.2250 0.4952 2.7146
7.5921 0.0000 100.8913 268.3276 234.6362 0.5008 2.9319
7.1080 0.0000 100.8837 85.4698 235.2281 0.5126 3.5444
6.3176 0.0000 100.8962 0.4653 234.9062 0.5211 4.5155
5.5659 0.0000 100.9002 0.0000 234.6841 0.5254 5.0339
4.9036 0.0000 100.8782 0.0000 234.6084 0.5313 5.2311
4.2980 0.0000 100.8687 0.0000 234.4251 0.5380 4.9956
3.8000 0.0000 100.8778 0.0000 234.2446 0.5436 4.5286
3.4320 0.0000 100.8796 0.0000 234.5623 0.5474 4.2951
3.0902 0.0000 100.8517 0.0000 235.7737 0.5491 4.1697
2.7977 0.0000 100.8250 0.0000 240.4726 0.5500 4.0243
2.5692 0.0000 100.8031 0.0000 246.9095 0.5510 3.6510
2.3363 0.0000 100.7813 0.0000 255.4065 0.5520 3.0986
2.0749 0.0000 100.7533 0.0000 262.6247 0.5530 2.8042
1.8436 0.0000 100.7353 0.0000 263.1366 0.5539 3.0320
1.7814 0.0000 100.7179 0.0000 266.4560 0.5558 3.6082
1.8810 0.0000 100.6858 0.0000 263.4093 0.5589 4.3507
2.0493 0.0000 100.6420 42.2520 251.9220 0.5618 4.8925
