0.1281 0.0010 101.1716 163.8929 247.9888 0.5662 6.4925
1.8653 0.0001 101.1987 360.4292 226.8135 0.5686 6.0984
4.1275 0.0000 101.1701 505.5378 228.7016 0.5591 5.8188
6.1152 0.0000 101.0873 588.5300 234.2653 0.5254 5.2123
7.4670 0.0000 100.9724 603.2872 239.2004 0.5028 4.6080
8.3327 0.0000 100.8596 551.6010 242.8096 0.4993 4.4328
8.8107 0.0000 100.7762 433.0718 245.7050 0.5023 4.4079
8.8959 0.0000 100.7293 275.5302 246.7635 0.5080 4.5805
8.3978 0.0000 100.7132 100.9048 246.4747 0.5248 5.0191
7.2985 0.0000 100.7217 2.7551 244.3472 0.5434 6.0244
6.1419 0.0000 100.7514 0.0000 241.9649 0.5524 6.4186
5.2194 0.0000 100.7762 0.0000 240.6230 0.5575 6.1156
4.5521 0.0000 100.7817 0.0000 247.6581 0.5584 5.8957
4.0985 0.0000 100.7919 0.0000 257.5180 0.5579 5.3516
3.8153 0.0000 100.7813 0.0000 263.2508 0.5557 5.0369
3.6412 0.0000 100.7489 0.0000 269.2718 0.5521 4.9883
3.5551 0.0000 100.7210 0.0000 273.5773 0.5492 4.9931
3.5178 0.0000 100.6951 0.0000 277.6751 0.5482 4.9972
3.4804 0.0000 100.6566 0.0000 281.1644 0.5487 5.1478
3.3785 0.0000 100.6067 0.0000 284.3220 0.5512 5.2429
3.2168 0.0000 100.5615 0.0000 285.2136 0.5552 5.3587
3.0128 0.0000 100.5084 0.0000 284.8652 0.5610 5.7397
2.7944 0.0000 100.4984 0.0000 278.5520 0.5683 5.3632
2.6789 0.0000 100.5484 28.3876 262.0938 0.5735 4.1513
