-2.0791 0.0025 102.7243 166.9578 255.7949 0.5020 2.4816
0.3743 0.0002 102.7314 367.5066 230.6397 0.5337 2.8722
3.3429 0.0000 102.6889 481.8186 232.9037 0.5250 3.2897
4.7196 0.0000 102.5924 541.3549 239.9908 0.5110 2.7565
5.5843 0.0000 102.4751 584.5813 231.3324 0.5089 2.2006
6.2363 0.0000 102.3743 530.0593 231.1342 0.5097 1.8892
6.6500 0.0000 102.2942 412.5296 230.9688 0.5093 1.7662
6.6790 0.0000 102.2586 245.3942 231.7819 0.5108 1.8110
6.3366 0.0000 102.2495 69.0686 231.7852 0.5153 2.2370
5.7852 0.0000 102.2660 0.0295 231.1048 0.5194 3.0939
5.2129 0.0000 102.2764 0.0000 230.4960 0.5221 3.8954
4.6417 0.0000 102.2561 0.0000 229.7837 0.5252 4.6061
4.1237 0.0000 102.2276 0.0000 229.2040 0.5297 5.0200
3.7054 0.0000 102.2315 0.0000 228.9165 0.5375 4.8806
3.3448 0.0000 102.2487 0.0000 229.1126 0.5489 4.4098
2.9076 0.0000 102.2301 0.0000 229.5282 0.5621 4.2295
2.3810 0.0000 102.1997 0.0000 229.4533 0.5790 4.4088
1.8084 0.0000 102.1820 0.0000 229.3174 0.5988 4.2625
1.2463 0.0001 102.1724 0.0000 235.8793 0.6150 3.6285
0.6844 0.0013 102.1520 0.0000 254.6401 0.6211 3.4739
0.0809 0.0075 102.1323 0.0000 277.5386 0.6151 3.7592
-0.3445 0.0090 102.1133 0.0000 292.5535 0.6019 4.1018
-0.4699 0.0099 102.0939 0.0001 298.0494 0.5948 4.4518
-0.2546 0.0032 102.0512 26.6076 292.4188 0.5994 4.6689
