-1.0511 0.0052 99.8643 185.4495 255.2034 0.5248 2.4098
0.8215 0.0005 99.8740 380.7031 235.0796 0.5397 2.7137
3.1628 0.0000 99.8315 543.4607 223.3380 0.5305 3.0005
5.2599 0.0000 99.7254 622.7446 226.3267 0.5034 2.6856
6.3922 0.0000 99.6092 626.0158 230.1769 0.5086 2.1718
7.1820 0.0000 99.5141 561.8146 233.0290 0.5171 1.8107
7.6420 0.0000 99.4469 435.5043 235.4687 0.5234 1.7810
7.7152 0.0000 99.4166 263.5161 237.1604 0.5283 1.9633
7.3387 0.0000 99.4114 79.1521 238.4797 0.5352 2.5146
6.6024 0.0000 99.4288 0.1909 237.3786 0.5402 3.4069
5.7256 0.0000 99.4442 0.0000 234.0074 0.5429 3.8484
4.8049 0.0000 99.4336 0.0000 232.4991 0.5450 3.9987
3.9853 0.0000 99.4235 0.0000 231.3299 0.5472 3.8548
3.3482 0.0000 99.4198 0.0000 230.7241 0.5497 3.4301
2.8592 0.0000 99.4231 0.0000 230.7066 0.5530 2.9573
2.3656 0.0000 99.4051 0.0000 230.6316 0.5553 2.5319
1.8774 0.0000 99.3869 0.0000 231.0813 0.5565 2.2795
1.4538 0.0000 99.3629 0.0000 233.8930 0.5572 2.2644
1.0602 0.0000 99.3172 0.0000 239.1105 0.5580 2.1799
0.7076 0.0001 99.2827 0.0000 254.5408 0.5586 1.9850
0.4251 0.0005 99.2885 0.0000 259.4526 0.5574 2.1297
0.2812 0.0013 99.2951 0.0000 255.2542 0.5558 2.3940
0.1410 0.0048 99.2908 0.0144 261.9347 0.5562 2.5667
0.0144 0.0039 99.2544 52.3202 253.4616 0.5594 2.8711
