-1.3250 0.0031 97.6150 143.3879 249.1440 0.5033 4.9566
0.4641 0.0003 97.6473 319.7001 233.4187 0.5092 4.4993
2.6284 0.0000 97.6300 470.8278 232.0883 0.5146 3.7444
4.7075 0.0000 97.5609 570.5548 230.9370 0.4926 2.9205
6.1601 0.0000 97.4496 596.2052 232.7989 0.4775 2.4945
7.0803 0.0000 97.3447 545.7808 236.7399 0.4797 2.5213
7.6504 0.0000 97.2612 427.8696 240.3694 0.4835 2.5552
7.7199 0.0000 97.2233 273.7684 240.4640 0.4903 2.6358
7.1493 0.0000 97.2046 101.1273 239.2100 0.5018 3.1160
5.9395 0.0000 97.2131 2.8137 236.8269 0.5133 4.0151
4.6715 0.0000 97.2487 0.0000 234.2026 0.5156 3.9436
3.7561 0.0000 97.2714 0.0000 232.8121 0.5141 3.2689
3.1992 0.0000 97.2846 0.0000 236.2200 0.5102 2.9140
2.8900 0.0000 97.2871 0.0000 248.8457 0.5060 2.6066
2.7703 0.0000 97.2732 0.0000 255.7545 0.5036 2.4824
2.8053 0.0000 97.2405 0.0000 262.8837 0.5028 2.4529
2.9655 0.0000 97.2175 0.0000 267.1612 0.5033 2.4456
3.1743 0.0000 97.1944 0.0000 271.7729 0.5047 2.4337
3.3678 0.0000 97.1584 0.0000 277.2890 0.5064 2.4586
3.4711 0.0000 97.1115 0.0000 280.9914 0.5083 2.4312
3.4862 0.0000 97.0600 0.0000 283.2901 0.5095 2.3611
3.3828 0.0000 96.9952 0.0000 285.2544 0.5103 3.2045
3.0836 0.0000 96.9923 0.0000 282.8623 0.5118 3.3800
2.9250 0.0002 97.0416 16.3110 279.5842 0.5140 2.5313
