-1.5561 0.0077 102.3495 160.5983 264.7399 0.5168 2.2593
0.2765 0.0005 102.3562 328.1429 253.9901 0.5406 2.6286
3.2939 0.0000 102.3126 476.8089 237.3998 0.5302 3.2676
5.1944 0.0000 102.2031 565.0448 239.3424 0.5001 2.8564
6.2203 0.0000 102.0841 585.8334 237.2572 0.5011 2.3045
6.9536 0.0000 101.9827 545.5120 232.3201 0.5058 1.9633
7.3804 0.0000 101.9087 423.5736 234.1872 0.5096 1.8772
7.4034 0.0000 101.8669 254.9394 235.1155 0.5135 2.0274
7.0006 0.0000 101.8578 75.0704 235.0498 0.5203 2.7142
6.2513 0.0000 101.8742 0.0992 234.0162 0.5256 3.9285
5.4061 0.0000 101.8839 0.0000 232.8441 0.5277 4.7217
4.5938 0.0000 101.8628 0.0000 231.7117 0.5292 5.1938
3.9230 0.0000 101.8424 0.0000 230.8442 0.5298 5.2868
3.4266 0.0000 101.8493 0.0000 230.4584 0.5311 4.8561
3.0656 0.0000 101.8659 0.0000 230.6935 0.5339 4.2974
2.7090 0.0000 101.8386 0.0000 231.0636 0.5371 3.9531
2.3248 0.0000 101.8150 0.0000 231.1947 0.5421 3.8268
1.9429 0.0000 101.7906 0.0000 232.6796 0.5505 3.6321
1.5352 0.0000 101.7670 0.0000 236.4398 0.5614 3.0206
1.1126 0.0001 101.7458 0.0000 243.4727 0.5737 2.5766
0.7031 0.0007 101.7396 0.0000 260.6886 0.5852 2.7255
0.3623 0.0043 101.7329 0.0000 272.9570 0.5925 3.3278
0.0541 0.0109 101.7073 0.0000 277.7434 0.5944 4.1112
-0.0656 0.0044 101.6633 36.8542 274.6393 0.5954 4.7997
