-1.2112 0.0022 102.6296 146.1883 261.2095 0.5241 4.0258
0.6591 0.0001 102.6443 305.5092 245.1346 0.5375 4.1297
3.1980 0.0000 102.6067 460.0182 236.8947 0.5201 4.2916
4.9630 0.0000 102.5054 568.5327 232.9021 0.4927 3.7512
6.0136 0.0000 102.3850 596.7745 230.3495 0.4891 3.1158
6.7377 0.0000 102.2776 545.3217 230.4078 0.4922 2.7550
7.1761 0.0000 102.1984 426.3447 232.1316 0.4940 2.6574
7.2606 0.0000 102.1560 260.4318 233.7094 0.4961 2.7816
6.9273 0.0000 102.1469 81.3595 234.6289 0.5046 3.2756
6.3710 0.0000 102.1531 0.3805 234.7028 0.5117 4.2433
5.7904 0.0000 102.1555 0.0000 234.7578 0.5169 5.0613
5.1750 0.0000 102.1331 0.0000 234.6947 0.5249 5.6278
4.5248 0.0000 102.1210 0.0000 234.4285 0.5346 5.6671
3.9207 0.0000 102.1373 0.0000 234.0822 0.5434 5.2698
3.4085 0.0000 102.1419 0.0000 233.8048 0.5496 5.1164
2.9126 0.0000 102.1120 0.0000 233.6789 0.5531 5.1197
2.4624 0.0000 102.0859 0.0000 237.2434 0.5553 4.8523
2.1053 0.0000 102.0779 0.0000 244.6120 0.5577 4.3135
1.7980 0.0000 102.0621 0.0000 252.1371 0.5599 3.9820
1.4993 0.0000 102.0255 0.0000 258.9363 0.5622 4.0817
1.2269 0.0000 101.9992 0.0000 261.5449 0.5657 4.5409
1.0923 0.0000 101.9734 0.0000 265.7523 0.5707 5.0647
1.0544 0.0001 101.9389 0.0000 268.9940 0.5758 5.5527
1.0894 0.0004 101.8958 33.0775 263.4099 0.5804 5.7177
