-0.7181 0.0005 101.3246 156.8534 254.5291 0.5322 4.4947
1.2869 0.0000 101.3364 358.6110 226.4492 0.5374 4.3882
3.8869 0.0000 101.3014 512.5499 225.3704 0.5097 4.4100
5.8163 0.0000 101.2063 603.2780 227.3508 0.4798 3.9281
6.8616 0.0000 101.0920 618.2312 229.1590 0.4780 3.4085
7.5219 0.0000 100.9909 560.5583 231.8721 0.4834 3.2520
7.8326 0.0000 100.9169 438.7284 234.5379 0.4908 3.3931
7.7676 0.0000 100.8821 271.8027 236.4018 0.4977 3.5947
7.2180 0.0000 100.8729 89.7599 237.5819 0.5123 4.1387
6.3427 0.0000 100.8810 0.8295 237.5098 0.5228 5.0197
5.5081 0.0000 100.8834 0.0000 237.0276 0.5258 5.4419
4.8120 0.0000 100.8726 0.0000 236.3773 0.5297 5.3388
4.2619 0.0000 100.8695 0.0000 235.7629 0.5352 4.7626
3.8328 0.0000 100.8755 0.0000 235.8155 0.5410 4.2241
3.4838 0.0000 100.8681 0.0000 237.6631 0.5458 3.9676
3.1758 0.0000 100.8408 0.0000 240.8003 0.5495 3.6954
2.9304 0.0000 100.8144 0.0000 249.9041 0.5522 3.3285
2.7563 0.0000 100.7932 0.0000 256.5130 0.5544 2.8980
2.5488 0.0000 100.7708 0.0000 264.5132 0.5565 2.6182
2.2797 0.0000 100.7418 0.0000 266.2825 0.5581 2.6668
2.0371 0.0000 100.7124 0.0000 268.6954 0.5593 3.0986
1.9892 0.0000 100.6938 0.0000 271.5074 0.5607 3.5154
2.1329 0.0000 100.6509 0.0000 265.3119 0.5619 4.0758
2.3927 0.0000 100.6204 33.3828 265.9466 0.5630 4.0850
