-1.0019 0.0024 101.1007 118.4908 268.2952 0.5279 3.9847
0.5149 0.0000 101.1238 325.2315 227.7363 0.5309 3.9609
2.6849 0.0000 101.0967 481.7141 224.0663 0.5162 4.2508
4.4253 0.0000 101.0033 567.3170 228.6206 0.4984 4.1566
5.4971 0.0000 100.8833 590.2958 229.5712 0.4930 3.6840
6.3015 0.0000 100.7672 537.1993 233.7417 0.4912 3.4771
6.7347 0.0000 100.6836 420.6940 237.4733 0.4931 3.5067
6.7615 0.0000 100.6471 262.6179 239.4776 0.4958 3.6331
6.3048 0.0000 100.6323 91.2574 239.3391 0.5045 4.0555
5.5412 0.0000 100.6385 1.6562 237.4758 0.5129 4.8308
4.8657 0.0000 100.6485 0.0000 235.0879 0.5118 4.9279
4.3332 0.0000 100.6565 0.0000 233.1052 0.5096 4.2455
3.9075 0.0000 100.6678 0.0000 232.0866 0.5072 3.4615
3.5322 0.0000 100.6606 0.0000 233.4127 0.5050 3.1200
3.1618 0.0000 100.6459 0.0000 239.1886 0.5047 2.8124
2.8257 0.0000 100.6195 0.0000 250.9890 0.5066 2.4359
2.5526 0.0000 100.5970 0.0000 257.9353 0.5101 2.2148
2.3109 0.0000 100.5758 0.0000 263.1357 0.5146 2.2712
2.0393 0.0000 100.5442 0.0000 266.3766 0.5202 2.6491
1.7050 0.0000 100.4977 0.0000 272.3653 0.5276 3.1443
1.3598 0.0000 100.4588 0.0000 275.9932 0.5369 3.2868
1.0917 0.0000 100.4188 0.0000 278.1122 0.5461 3.4630
0.8779 0.0000 100.3841 0.0000 277.6180 0.5550 3.5749
0.8599 0.0000 100.4119 18.4779 277.2177 0.5615 2.6154
