-1.5844 0.0001 102.6708 128.4491 251.4945 0.5013 4.5010
0.0849 0.0000 102.6934 292.2315 235.9843 0.5132 4.2369
2.5377 0.0000 102.6709 454.1394 228.6249 0.5035 4.2227
4.4987 0.0000 102.5756 558.4041 226.9479 0.4780 3.8594
5.4787 0.0000 102.4517 583.6364 225.8588 0.4709 3.2196
6.1695 0.0000 102.3399 528.8381 228.4548 0.4682 2.8105
6.5956 0.0000 102.2532 412.3284 231.4249 0.4676 2.6549
6.7065 0.0000 102.2084 252.2903 233.5742 0.4680 2.7222
6.4802 0.0000 102.1915 80.8679 234.6421 0.4723 3.0853
6.0356 0.0000 102.1920 0.6389 234.7653 0.4761 3.8926
5.4631 0.0000 102.1944 0.0000 234.6075 0.4783 4.7530
4.7995 0.0000 102.1817 0.0000 234.1215 0.4825 5.2785
4.1616 0.0000 102.1794 0.0000 233.2690 0.4896 5.1968
3.6053 0.0000 102.1992 0.0000 232.6048 0.4989 4.9744
3.0918 0.0000 102.1849 0.0000 232.1454 0.5093 5.2767
2.5426 0.0000 102.1568 0.0000 232.8859 0.5208 5.2920
2.0224 0.0000 102.1478 0.0000 242.3800 0.5315 4.8089
1.5990 0.0000 102.1462 0.0000 250.1975 0.5396 4.7081
1.2506 0.0000 102.1261 0.0000 256.2831 0.5450 4.8926
0.9725 0.0000 102.0710 0.0000 259.0248 0.5485 5.3427
0.7600 0.0000 102.0191 0.0000 260.9165 0.5510 5.8010
0.6660 0.0000 101.9778 0.0000 268.1437 0.5548 5.9622
0.6439 0.0000 101.9357 0.0000 272.7588 0.5607 6.1088
0.6295 0.0000 101.9236 21.7141 271.6961 0.5701 5.6202
