1.1563 0.0000 101.8246 169.8530 251.2939 0.6067 6.3201
2.8306 0.0000 101.8517 363.3932 232.2622 0.6125 5.7975
5.1301 0.0000 101.8281 505.1822 235.7104 0.6008 5.5360
7.2307 0.0000 101.7458 590.3016 241.1717 0.5483 5.2152
8.4994 0.0000 101.6308 605.8573 245.8295 0.5119 4.9404
9.1927 0.0000 101.5200 558.7512 247.4325 0.5024 4.9843
9.4928 0.0000 101.4417 439.7168 249.2073 0.5028 5.1572
9.4693 0.0000 101.3948 281.9179 249.4390 0.5061 5.4669
8.8965 0.0000 101.3807 105.3301 248.6958 0.5259 5.7571
7.8078 0.0000 101.3906 3.1947 246.6344 0.5500 6.3990
6.7530 0.0000 101.4231 0.0000 245.0170 0.5637 6.7045
5.8942 0.0000 101.4382 0.0000 245.5162 0.5741 6.6982
5.2144 0.0000 101.4392 0.0000 256.4361 0.5813 6.5792
4.7025 0.0000 101.4574 0.0000 264.8280 0.5882 6.0472
4.3382 0.0000 101.4465 0.0000 271.1686 0.5923 5.8998
4.0861 0.0000 101.4141 0.0000 275.8222 0.5923 5.9496
3.9224 0.0000 101.3838 0.0000 280.1998 0.5897 5.8760
3.8045 0.0000 101.3580 0.0000 283.3665 0.5881 5.7466
3.7042 0.0000 101.3188 0.0000 285.8106 0.5877 5.7759
3.5828 0.0000 101.2749 0.0000 287.0772 0.5893 5.7072
3.4515 0.0000 101.2306 0.0000 286.1221 0.5922 5.6953
3.3153 0.0000 101.1771 0.0000 283.4012 0.5972 5.9845
3.1535 0.0000 101.1716 0.0000 263.9779 0.6054 5.3867
3.0212 0.0000 101.2216 35.6518 250.8848 0.6120 4.1565
