-2.4877 0.0001 102.5501 157.9297 237.4617 0.4720 4.0966
-0.5461 0.0000 102.5715 318.0462 223.9104 0.4906 3.5342
2.3283 0.0000 102.5489 452.9471 225.3506 0.4617 3.2079
4.1446 0.0000 102.4542 546.7695 225.7295 0.4306 2.6782
4.9264 0.0000 102.3290 562.4755 225.3536 0.4289 2.2191
5.4536 0.0000 102.2277 506.8632 226.4841 0.4322 1.9829
5.7803 0.0000 102.1482 399.6680 225.6221 0.4346 1.9514
5.7717 0.0000 102.1059 238.9996 227.0279 0.4379 2.0819
5.4160 0.0000 102.0962 69.6718 227.9766 0.4428 2.6202
4.8428 0.0000 102.0983 0.1355 227.6100 0.4458 3.5363
4.1884 0.0000 102.1019 0.0000 226.8807 0.4477 4.3228
3.5056 0.0000 102.0877 0.0000 226.1913 0.4504 4.9534
2.8648 0.0000 102.0672 0.0000 225.8392 0.4541 5.2344
2.3382 0.0000 102.0784 0.0000 226.0278 0.4594 5.0542
1.9289 0.0000 102.0968 0.0000 226.5041 0.4671 4.8840
1.5469 0.0000 102.0645 0.0000 227.0393 0.4761 4.9913
1.1615 0.0000 102.0479 0.0000 228.8683 0.4853 4.6962
0.8380 0.0000 102.0523 0.0000 237.0492 0.4951 4.2824
0.5797 0.0000 102.0363 0.0000 242.8287 0.5057 4.2328
0.3597 0.0000 101.9832 0.0000 250.7903 0.5186 4.4908
0.1502 0.0000 101.9248 0.0000 251.2312 0.5342 4.9434
-0.0478 0.0002 101.8814 0.0000 246.2374 0.5508 5.2980
-0.3096 0.0011 101.8491 0.0000 250.4635 0.5614 5.4342
-0.6329 0.0023 101.8145 26.9845 262.3069 0.5645 5.2270
