0.0968 0.0069 102.6079 164.4066 270.3408 0.5741 2.7974
1.7699 0.0013 102.6188 333.8568 261.2622 0.5901 2.6454
3.8188 0.0000 102.5689 528.7100 230.5240 0.5900 2.6695
5.5554 0.0000 102.4590 585.4770 237.9175 0.5525 2.3814
6.6572 0.0000 102.3348 596.2416 237.9733 0.5357 2.0748
7.3614 0.0000 102.2330 536.9815 237.9786 0.5319 1.9744
7.7468 0.0000 102.1605 415.7727 237.9354 0.5314 2.0730
7.7834 0.0000 102.1281 245.5725 238.6031 0.5323 2.2423
7.4103 0.0000 102.1189 67.5060 238.2806 0.5374 2.7576
6.7345 0.0000 102.1420 0.0164 236.7488 0.5436 3.6223
6.0449 0.0000 102.1589 0.0000 235.1060 0.5488 4.1195
5.4390 0.0000 102.1507 0.0000 233.8253 0.5562 4.3772
4.9583 0.0000 102.1268 0.0000 233.0704 0.5684 4.4227
4.5657 0.0000 102.1134 0.0000 232.9451 0.5868 4.1404
4.1890 0.0000 102.1154 0.0000 233.2401 0.6098 3.5889
3.6976 0.0000 102.1035 0.0000 233.5635 0.6305 3.2358
3.1175 0.0000 102.0840 0.0000 233.1643 0.6472 3.0504
2.5610 0.0000 102.0667 0.0000 232.7690 0.6592 2.9284
2.0229 0.0002 102.0281 0.0000 237.5348 0.6645 2.8674
1.4645 0.0011 101.9911 0.0000 251.5009 0.6591 2.8625
0.9307 0.0034 101.9987 0.0000 279.3720 0.6441 3.0482
0.6792 0.0050 102.0278 0.0000 289.1454 0.6320 2.9746
0.5968 0.0100 102.0281 0.0540 287.2440 0.6267 2.8345
0.7086 0.0052 101.9965 41.8442 279.8978 0.6265 2.7948
