-1.1687 0.0014 102.7422 135.1748 264.2765 0.5252 4.3768
0.6873 0.0000 102.7611 294.7405 245.5773 0.5374 4.3949
3.0413 0.0000 102.7250 450.0040 237.5721 0.5222 4.4622
4.7823 0.0000 102.6263 562.7169 232.7733 0.4942 3.9109
5.8284 0.0000 102.5075 594.9003 229.2954 0.4880 3.2680
6.5568 0.0000 102.3986 542.3644 229.8808 0.4895 2.8862
6.9959 0.0000 102.3151 424.5747 231.4395 0.4898 2.7656
7.1130 0.0000 102.2727 259.6820 233.2473 0.4897 2.8629
6.8111 0.0000 102.2636 81.7299 234.4165 0.4969 3.2891
6.2933 0.0000 102.2657 0.4366 234.6277 0.5031 4.1850
5.7425 0.0000 102.2680 0.0000 234.6986 0.5080 5.0189
5.1577 0.0000 102.2473 0.0000 234.6986 0.5171 5.5941
4.5452 0.0000 102.2361 0.0000 234.5079 0.5296 5.6254
3.9536 0.0000 102.2550 0.0000 234.2182 0.5414 5.2645
3.4020 0.0000 102.2561 0.0000 233.8560 0.5505 5.2834
2.8357 0.0000 102.2236 0.0000 233.4975 0.5562 5.3976
2.3193 0.0000 102.2001 0.0000 237.6932 0.5598 5.0451
1.9247 0.0000 102.1978 0.0000 247.0839 0.5625 4.5015
1.6146 0.0000 102.1811 0.0000 254.2537 0.5640 4.3851
1.3357 0.0000 102.1403 0.0000 259.1890 0.5645 4.6631
1.0912 0.0000 102.1083 0.0000 262.2614 0.5658 5.1844
0.9726 0.0000 102.0782 0.0000 266.9960 0.5693 5.5859
0.9407 0.0000 102.0423 0.0000 269.5939 0.5748 5.9309
0.9444 0.0002 102.0007 29.1582 266.9666 0.5813 5.8792
