-1.6501 0.0036 102.6567 161.7863 257.2526 0.5136 3.1620
0.4062 0.0002 102.6673 325.7003 243.8404 0.5344 3.4401
3.2666 0.0000 102.6276 460.4765 237.8966 0.5205 3.7994
4.9016 0.0000 102.5251 557.0099 236.4622 0.4978 3.2071
5.9125 0.0000 102.4048 590.2598 231.7801 0.4952 2.5685
6.6284 0.0000 102.2995 541.1653 230.4191 0.4980 2.2102
7.0824 0.0000 102.2207 421.6397 231.8024 0.4996 2.0906
7.1473 0.0000 102.1798 254.5586 233.0068 0.5031 2.2162
6.8256 0.0000 102.1706 76.0384 233.4712 0.5107 2.7452
6.2833 0.0000 102.1831 0.1633 233.2109 0.5182 3.7715
5.6775 0.0000 102.1877 0.0000 233.0054 0.5243 4.6789
5.0099 0.0000 102.1654 0.0000 232.5614 0.5303 5.4247
4.3143 0.0000 102.1453 0.0000 232.0326 0.5356 5.7118
3.7088 0.0000 102.1574 0.0000 231.6321 0.5404 5.3870
3.2462 0.0000 102.1728 0.0000 231.5590 0.5446 4.9835
2.8107 0.0000 102.1464 0.0000 231.6530 0.5476 4.9068
2.3724 0.0000 102.1168 0.0000 231.6862 0.5514 4.8453
1.9580 0.0000 102.1063 0.0000 235.4933 0.5578 4.3758
1.5707 0.0000 102.0934 0.0000 242.7968 0.5653 3.7758
1.2013 0.0002 102.0631 0.0000 253.3461 0.5727 3.6862
0.8335 0.0012 102.0422 0.0000 261.7470 0.5802 4.0399
0.5793 0.0020 102.0197 0.0000 268.7803 0.5864 4.6475
0.3933 0.0032 101.9909 0.0000 276.0269 0.5900 5.2047
0.3678 0.0019 101.9458 31.8303 274.0318 0.5933 5.5609
