1.6966 0.0000 101.8730 147.8962 262.1461 0.6305 5.7240
3.2514 0.0000 101.9056 327.3582 247.4226 0.6319 5.5035
5.3436 0.0000 101.8862 480.0918 245.6529 0.6204 5.2225
7.2107 0.0000 101.8108 580.2257 245.0723 0.5831 4.8158
8.5177 0.0000 101.6924 604.6405 246.7697 0.5491 4.4418
9.3831 0.0000 101.5730 562.4492 247.3342 0.5318 4.3367
9.8721 0.0000 101.4874 443.5354 249.5029 0.5257 4.4069
9.9736 0.0000 101.4328 286.8275 250.4374 0.5246 4.6065
9.5974 0.0000 101.4179 110.3854 251.3061 0.5360 4.6631
8.8198 0.0000 101.4367 4.4158 251.8016 0.5505 4.7014
7.9187 0.0000 101.4811 0.0000 252.2710 0.5584 4.7457
7.0240 0.0000 101.4926 0.0000 261.6665 0.5682 4.9840
6.2522 0.0000 101.5150 0.0000 271.6846 0.5800 4.6688
5.6498 0.0000 101.5288 0.0000 277.1651 0.5899 4.4229
5.1288 0.0000 101.5077 0.0000 279.5955 0.5973 4.6387
4.6741 0.0000 101.4718 0.0000 283.0758 0.6029 4.9650
4.3326 0.0000 101.4500 0.0000 286.0700 0.6064 4.9456
4.1043 0.0000 101.4199 0.0000 287.5077 0.6076 4.9319
3.9589 0.0000 101.3787 0.0000 288.2676 0.6083 4.8776
3.8533 0.0000 101.3341 0.0000 287.0234 0.6091 4.7256
3.7586 0.0000 101.2754 0.0000 284.3334 0.6092 4.8895
3.6378 0.0000 101.2177 0.0000 268.7641 0.6121 5.0322
3.4729 0.0000 101.2567 0.0000 252.0988 0.6198 3.7071
3.3286 0.0000 101.2946 30.4788 257.2223 0.6255 2.9225
