-0.2468 0.0010 98.4719 152.1192 244.4099 0.5222 4.9474
1.7645 0.0001 98.5080 316.1081 239.8533 0.5284 4.2704
4.1476 0.0000 98.4969 466.3452 238.0503 0.5291 3.0720
6.3618 0.0000 98.4323 570.1179 236.0361 0.4923 2.3704
7.6286 0.0000 98.3193 591.9153 239.2121 0.4827 2.4992
8.4091 0.0000 98.2074 545.9174 241.3281 0.4873 2.5852
8.9051 0.0000 98.1215 430.4268 243.5598 0.4936 2.5855
8.9847 0.0000 98.0766 276.2374 244.0144 0.5017 2.5115
8.5796 0.0000 98.0557 103.3705 243.5654 0.5126 2.6194
7.7323 0.0000 98.0642 3.3318 242.7032 0.5239 3.0099
6.7194 0.0000 98.1028 0.0000 242.2697 0.5303 2.9955
5.8570 0.0000 98.1295 0.0000 242.6588 0.5338 2.7720
5.2421 0.0000 98.1465 0.0000 251.2375 0.5343 2.8002
4.8298 0.0000 98.1583 0.0000 261.8688 0.5348 2.7754
4.5343 0.0000 98.1461 0.0000 266.2839 0.5368 2.8859
4.3154 0.0000 98.1195 0.0000 271.0681 0.5391 2.9681
4.2006 0.0000 98.0964 0.0000 273.3461 0.5403 2.8711
4.1615 0.0000 98.0764 0.0000 278.4944 0.5396 2.6234
4.1839 0.0000 98.0365 0.0000 282.2547 0.5379 2.3085
4.2007 0.0000 97.9857 0.0000 284.8638 0.5368 2.0259
4.1946 0.0000 97.9188 0.0000 287.0429 0.5358 2.0090
4.1758 0.0000 97.8440 0.0000 288.4288 0.5360 3.2166
4.0894 0.0000 97.8589 0.0000 284.8231 0.5378 2.9435
3.9539 0.0003 97.9144 17.1528 280.1801 0.5400 2.1704
