-1.3160 0.0042 103.0708 170.0709 260.8688 0.5372 3.1788
1.0628 0.0008 103.0835 351.3889 243.4326 0.5689 3.2892
3.5721 0.0001 103.0417 523.0416 224.8029 0.5639 3.0784
4.7914 0.0001 102.9383 583.2880 230.2509 0.5508 2.4739
5.5901 0.0000 102.8219 571.7891 235.5145 0.5459 1.9381
6.1827 0.0000 102.7286 513.3379 235.0642 0.5442 1.5801
6.5205 0.0000 102.6572 394.5068 234.6895 0.5445 1.4118
6.5430 0.0000 102.6189 228.7751 235.2261 0.5467 1.3767
6.2850 0.0000 102.6139 57.7307 235.0187 0.5510 1.5719
5.9143 0.0001 102.6344 0.0003 237.1927 0.5583 2.1458
5.4947 0.0001 102.6508 0.0000 238.8366 0.5687 2.8155
5.0032 0.0001 102.6384 0.0000 237.3964 0.5820 3.6299
4.4302 0.0000 102.6140 0.0000 234.1123 0.5976 4.5072
3.7920 0.0000 102.5962 0.0000 231.1109 0.6132 5.1581
3.1837 0.0000 102.6053 0.0000 230.2476 0.6261 5.2383
2.6079 0.0000 102.6054 0.0000 229.5915 0.6325 4.9688
2.0821 0.0000 102.5832 0.0000 228.7358 0.6324 4.9275
1.6518 0.0000 102.5553 0.0000 228.4942 0.6277 5.0590
1.2581 0.0001 102.5255 0.0000 234.3515 0.6199 4.6816
0.8637 0.0014 102.5067 0.0000 245.7231 0.6094 4.0497
0.5307 0.0031 102.5009 0.0000 252.4199 0.5989 3.9704
0.4354 0.0023 102.4994 0.0000 258.5789 0.5929 3.9280
0.5462 0.0011 102.4794 0.0139 263.6449 0.5919 3.9283
0.8010 0.0004 102.4441 38.9134 265.2897 0.5948 4.0658
