-1.6189 0.0002 102.6809 130.9116 251.8669 0.5015 4.4867
0.0934 0.0000 102.7034 292.9139 236.3605 0.5143 4.2252
2.5766 0.0000 102.6797 452.4837 229.5360 0.5034 4.2215
4.4879 0.0000 102.5843 557.9814 227.3020 0.4775 3.8194
5.4615 0.0000 102.4605 584.0112 225.8561 0.4704 3.1770
6.1483 0.0000 102.3491 529.3771 228.1737 0.4681 2.7714
6.5748 0.0000 102.2628 412.6431 230.9644 0.4676 2.6165
6.6829 0.0000 102.2184 252.0428 233.0984 0.4681 2.6862
6.4487 0.0000 102.2028 80.2239 234.1842 0.4727 3.0556
5.9992 0.0000 102.2033 0.5858 234.2980 0.4769 3.8713
5.4306 0.0000 102.2057 0.0000 234.1370 0.4796 4.7400
4.7740 0.0000 102.1917 0.0000 233.7100 0.4848 5.3002
4.1328 0.0000 102.1878 0.0000 232.9770 0.4927 5.2728
3.5667 0.0000 102.2080 0.0000 232.4022 0.5023 5.0444
3.0476 0.0000 102.1963 0.0000 231.9928 0.5126 5.3094
2.4978 0.0000 102.1669 0.0000 232.5564 0.5234 5.3712
1.9770 0.0000 102.1565 0.0000 240.8454 0.5332 4.9050
1.5570 0.0000 102.1562 0.0000 249.0560 0.5406 4.7353
1.2192 0.0000 102.1366 0.0000 255.0989 0.5455 4.8846
0.9508 0.0000 102.0832 0.0000 258.5070 0.5488 5.3044
0.7439 0.0000 102.0321 0.0000 260.4541 0.5517 5.7620
0.6478 0.0000 101.9917 0.0000 266.9052 0.5565 5.9520
0.6124 0.0000 101.9500 0.0000 271.6677 0.5634 6.1081
0.5697 0.0001 101.9336 22.1818 271.4466 0.5730 5.6735
