0.3431 0.0073 102.7537 165.8898 274.1945 0.5881 3.0911
2.0086 0.0008 102.7662 342.3710 259.0845 0.6039 2.7998
4.1876 0.0000 102.7086 532.4708 231.3629 0.6074 2.6858
5.9499 0.0000 102.5971 602.8219 235.1408 0.5713 2.4100
7.2453 0.0000 102.4709 609.0260 236.2362 0.5452 2.1085
8.0261 0.0000 102.3637 542.6725 238.2704 0.5382 2.0279
8.4671 0.0000 102.2903 415.1705 240.1676 0.5363 2.1180
8.5380 0.0000 102.2627 243.6273 241.1040 0.5368 2.2681
8.2192 0.0000 102.2545 65.5500 240.9464 0.5421 2.7389
7.6158 0.0000 102.2789 0.0072 239.8905 0.5502 3.5553
6.9799 0.0000 102.2973 0.0000 238.0810 0.5591 4.0776
6.4084 0.0000 102.2929 0.0000 236.8074 0.5725 4.3737
5.8951 0.0000 102.2667 0.0000 235.9037 0.5930 4.4560
5.4236 0.0000 102.2502 0.0000 235.5027 0.6235 4.2432
4.9820 0.0000 102.2498 0.0000 235.4895 0.6600 3.6851
4.4463 0.0000 102.2379 0.0000 235.6061 0.6897 3.2096
3.8173 0.0000 102.2224 0.0000 235.0576 0.7087 2.8586
3.2202 0.0000 102.2112 0.0000 234.4251 0.7170 2.5882
2.6375 0.0006 102.1687 0.0000 248.8665 0.7099 2.5866
1.9924 0.0020 102.1254 0.0000 268.5261 0.6874 2.6584
1.4801 0.0022 102.1299 0.0000 284.2361 0.6668 2.8211
1.2939 0.0021 102.1720 0.0000 287.6294 0.6553 2.8216
1.2482 0.0039 102.1840 0.1338 279.8744 0.6492 2.7478
1.3387 0.0024 102.1508 51.2408 272.6551 0.6455 2.6831
