-1.2567 0.0039 99.4805 191.1956 251.6967 0.5174 2.4323
0.6612 0.0002 99.4909 390.9733 229.3965 0.5327 2.7909
3.0529 0.0000 99.4503 543.6556 222.6974 0.5225 3.0987
5.1372 0.0000 99.3461 625.5372 224.9013 0.4975 2.7444
6.2698 0.0000 99.2312 628.6040 228.9841 0.5040 2.1716
7.0624 0.0000 99.1374 563.9271 232.1778 0.5135 1.7611
7.5299 0.0000 99.0715 437.6871 234.6920 0.5205 1.7028
7.6080 0.0000 99.0412 265.5376 236.5452 0.5261 1.8810
7.2405 0.0000 99.0359 80.4149 238.1607 0.5333 2.4223
6.5171 0.0000 99.0527 0.2192 235.9371 0.5383 3.3046
5.6426 0.0000 99.0675 0.0000 233.5388 0.5412 3.7442
4.7119 0.0000 99.0557 0.0000 232.1163 0.5433 3.9065
3.8684 0.0000 99.0468 0.0000 231.0035 0.5448 3.7898
3.1997 0.0000 99.0444 0.0000 230.3887 0.5464 3.4116
2.6885 0.0000 99.0490 0.0000 230.3779 0.5481 3.0035
2.1894 0.0000 99.0296 0.0000 230.2464 0.5486 2.6047
1.7131 0.0000 99.0115 0.0000 230.8799 0.5478 2.3748
1.3129 0.0000 98.9862 0.0000 234.3446 0.5467 2.3760
0.9496 0.0000 98.9405 0.0000 240.5822 0.5460 2.2578
0.6373 0.0000 98.9073 0.0000 256.5375 0.5455 1.9794
0.4115 0.0002 98.9118 0.0000 256.6003 0.5449 2.0490
0.3275 0.0004 98.9139 0.0000 250.3566 0.5451 2.3475
0.2330 0.0015 98.9084 0.0098 255.4441 0.5478 2.6193
0.0842 0.0017 98.8700 55.3924 246.0052 0.5518 3.0399
