-0.4845 0.0016 100.3682 158.1619 246.4326 0.5414 6.5129
1.2990 0.0002 100.3966 350.0396 227.2340 0.5421 6.1918
3.5099 0.0000 100.3675 498.9726 227.2924 0.5372 5.7931
5.4525 0.0000 100.2863 583.5185 231.9047 0.5169 4.9243
6.9456 0.0000 100.1703 599.5530 236.5998 0.4992 4.1116
7.9604 0.0000 100.0560 547.9112 240.8091 0.4983 3.8402
8.5824 0.0000 99.9693 429.9966 244.1785 0.5019 3.7155
8.7497 0.0000 99.9222 273.1544 245.5515 0.5088 3.8110
8.2882 0.0000 99.9051 99.6581 245.4059 0.5231 4.3365
7.1265 0.0000 99.9136 2.6879 243.2418 0.5386 5.5267
5.8223 0.0000 99.9468 0.0000 240.4528 0.5455 5.9225
4.7940 0.0000 99.9769 0.0000 238.5187 0.5476 5.4948
4.0969 0.0000 99.9865 0.0000 244.5642 0.5445 5.2252
3.6693 0.0000 99.9918 0.0000 255.0762 0.5395 4.6802
3.4440 0.0000 99.9824 0.0000 260.0730 0.5333 4.3462
3.3488 0.0000 99.9487 0.0000 266.7497 0.5275 4.2981
3.3590 0.0000 99.9211 0.0000 270.7909 0.5245 4.3616
3.4275 0.0000 99.8952 0.0000 275.3881 0.5240 4.4292
3.4882 0.0000 99.8563 0.0000 279.5150 0.5250 4.6342
3.4621 0.0000 99.8045 0.0000 283.2101 0.5277 4.7756
3.3443 0.0000 99.7572 0.0000 284.8450 0.5319 4.9460
3.1384 0.0000 99.7018 0.0000 285.4972 0.5375 5.4389
2.8614 0.0000 99.6957 0.0000 284.8981 0.5436 5.1705
2.7152 0.0000 99.7488 24.6700 267.0277 0.5476 4.0023
