-0.9092 0.0025 100.7899 127.7256 265.2983 0.5309 4.3540
0.6169 0.0001 100.8132 345.9411 222.5837 0.5349 4.2040
2.8136 0.0000 100.7853 493.6259 222.2992 0.5195 4.4784
4.4940 0.0000 100.6928 575.5086 228.0159 0.5012 4.3591
5.5753 0.0000 100.5759 595.1550 230.0613 0.4947 3.8921
6.3835 0.0000 100.4607 541.4650 234.3618 0.4933 3.7212
6.8202 0.0000 100.3793 423.7957 238.1588 0.4961 3.7878
6.8383 0.0000 100.3439 265.4307 240.0991 0.4998 3.9531
6.3367 0.0000 100.3267 93.2661 239.7062 0.5108 4.4119
5.4805 0.0000 100.3352 1.8140 237.5434 0.5214 5.2390
4.7317 0.0000 100.3479 0.0000 234.9180 0.5211 5.3047
4.1664 0.0000 100.3612 0.0000 232.8685 0.5191 4.5081
3.7384 0.0000 100.3719 0.0000 232.1003 0.5159 3.7091
3.3783 0.0000 100.3646 0.0000 235.1212 0.5125 3.3082
3.0502 0.0000 100.3499 0.0000 242.6211 0.5106 2.8900
2.7721 0.0000 100.3213 0.0000 254.4978 0.5108 2.5397
2.5538 0.0000 100.2989 0.0000 260.1916 0.5125 2.3762
2.3591 0.0000 100.2731 0.0000 264.8561 0.5150 2.5135
2.1274 0.0000 100.2394 0.0000 268.3634 0.5186 2.9844
1.8119 0.0000 100.1940 0.0000 273.8686 0.5244 3.4846
1.4651 0.0000 100.1571 0.0000 276.5225 0.5325 3.5591
1.1811 0.0000 100.1181 0.0000 278.5914 0.5417 3.6404
0.9614 0.0000 100.0862 0.0000 277.7783 0.5514 3.5754
0.9608 0.0000 100.1174 18.6282 277.4381 0.5583 2.4140
