4.7784 0.0007 102.9788 254.4135 245.5852 0.6514 6.7211
5.4456 0.0001 103.0053 427.8856 240.6766 0.6464 6.2769
6.0417 0.0001 102.9657 558.3284 237.0335 0.6406 5.9056
6.5243 0.0001 102.8763 619.5557 237.9190 0.6403 5.4687
6.8632 0.0000 102.7779 609.9622 239.5396 0.6403 4.9177
7.0857 0.0000 102.6959 531.6348 242.0653 0.6394 4.4973
7.1566 0.0000 102.6366 401.7322 242.1027 0.6388 4.2898
7.0785 0.0000 102.6100 231.3055 241.1232 0.6389 4.1760
6.8411 0.0000 102.6088 53.8897 241.1506 0.6448 4.1992
6.5189 0.0000 102.6384 0.0000 240.6748 0.6551 4.4505
6.2185 0.0000 102.6586 0.0000 239.8200 0.6632 4.6357
5.9510 0.0000 102.6602 0.0000 238.7347 0.6689 4.8384
5.7583 0.0000 102.6415 0.0000 237.8346 0.6719 4.9664
5.6732 0.0000 102.6166 0.0000 237.1011 0.6737 4.9928
5.6738 0.0000 102.5916 0.0000 236.6723 0.6778 4.8620
5.5749 0.0000 102.5677 0.0000 236.7382 0.6810 4.7437
5.3867 0.0000 102.5507 0.0000 236.2427 0.6818 4.8516
5.1983 0.0000 102.5278 0.0000 235.8642 0.6827 4.9551
4.9990 0.0000 102.4922 0.0000 235.4946 0.6838 4.9803
4.8170 0.0000 102.4337 0.0000 235.0873 0.6859 4.9896
4.6752 0.0000 102.4114 0.0000 234.9071 0.6885 5.0513
4.6662 0.0000 102.4530 0.0000 235.3555 0.6898 5.3190
4.7252 0.0000 102.4824 0.6162 242.9240 0.6898 5.3357
4.8562 0.0000 102.4733 61.2259 259.1430 0.6899 4.9846
