0.4051 0.0001 100.7725 178.6167 248.9424 0.5811 5.5483
2.5597 0.0000 100.7950 381.5190 225.3226 0.5939 5.0307
5.2278 0.0000 100.7674 520.3891 230.7033 0.5863 4.7461
7.4572 0.0000 100.6819 602.7732 237.2304 0.5340 4.3363
8.6800 0.0000 100.5733 611.5290 243.7979 0.5071 4.1422
9.3314 0.0000 100.4715 561.2347 246.1330 0.5014 4.3572
9.5717 0.0000 100.3991 442.4778 247.8152 0.5038 4.6634
9.4331 0.0000 100.3583 281.6158 248.4956 0.5082 5.0374
8.7399 0.0000 100.3484 102.9359 247.7588 0.5279 5.4325
7.5848 0.0000 100.3574 2.4969 245.0469 0.5470 6.2120
6.5480 0.0000 100.3768 0.0000 242.1643 0.5522 6.5693
5.7166 0.0000 100.3867 0.0000 240.3808 0.5555 6.2955
5.0509 0.0000 100.3846 0.0000 245.3469 0.5578 6.2028
4.5216 0.0000 100.3972 0.0000 255.3867 0.5612 5.7278
4.1372 0.0000 100.3913 0.0000 262.5409 0.5637 5.3323
3.8625 0.0000 100.3653 0.0000 269.9766 0.5643 5.1630
3.6689 0.0000 100.3350 0.0000 274.7634 0.5642 5.0748
3.4959 0.0000 100.3073 0.0000 278.8291 0.5648 4.9401
3.3136 0.0000 100.2810 0.0000 281.3991 0.5657 4.9459
3.1176 0.0000 100.2365 0.0000 283.1967 0.5674 5.0695
2.9332 0.0000 100.2032 0.0000 283.1551 0.5700 5.1160
2.8362 0.0000 100.1639 0.0000 281.1140 0.5745 5.4420
2.8367 0.0000 100.1311 0.0000 274.4234 0.5810 5.4218
2.8647 0.0000 100.1702 39.1730 251.5546 0.5862 4.2456
