-1.0851 0.0053 102.6537 167.4700 264.2739 0.5352 2.5515
0.6509 0.0007 102.6647 342.4561 250.6405 0.5577 2.6379
3.1972 0.0000 102.6254 497.0791 235.0036 0.5534 2.9746
4.7588 0.0000 102.5205 551.1542 242.8681 0.5285 2.5645
5.6442 0.0000 102.4033 577.7421 238.4213 0.5211 2.0969
6.2863 0.0000 102.3064 531.2692 234.9900 0.5189 1.8589
6.6494 0.0000 102.2321 415.6741 233.7009 0.5182 1.8258
6.6808 0.0000 102.1938 247.4398 234.2280 0.5188 1.9245
6.3483 0.0000 102.1847 69.6095 233.9487 0.5229 2.4055
5.7726 0.0000 102.2012 0.0356 232.8269 0.5272 3.2824
5.1966 0.0000 102.2116 0.0000 231.7875 0.5297 3.8971
4.6994 0.0000 102.1912 0.0000 231.0577 0.5330 4.3681
4.3048 0.0000 102.1653 0.0000 230.7660 0.5388 4.6343
3.9555 0.0000 102.1614 0.0000 230.9296 0.5497 4.4888
3.6016 0.0000 102.1724 0.0000 231.4916 0.5650 4.0870
3.1519 0.0000 102.1543 0.0000 232.0223 0.5813 3.8688
2.6303 0.0000 102.1310 0.0000 231.9543 0.5967 3.8952
2.1139 0.0000 102.1062 0.0000 232.1267 0.6112 3.8699
1.6067 0.0000 102.0839 0.0000 235.5496 0.6227 3.4169
1.0970 0.0007 102.0603 0.0000 249.8796 0.6257 3.0076
0.5928 0.0036 102.0573 0.0000 272.5264 0.6201 3.0783
0.2872 0.0052 102.0588 0.0000 284.5465 0.6140 3.3163
0.1632 0.0073 102.0399 0.0025 286.1505 0.6118 3.6868
0.2438 0.0028 102.0010 36.1619 280.1651 0.6141 4.0535
