-1.6652 0.0048 102.5255 162.6910 259.1579 0.5131 2.7389
0.3761 0.0003 102.5336 332.7630 245.3435 0.5364 3.0727
3.3106 0.0000 102.4916 470.5136 236.8655 0.5239 3.5516
5.0131 0.0000 102.3881 558.3925 237.8978 0.4998 3.0465
6.0125 0.0000 102.2680 589.2888 233.4884 0.4988 2.4539
6.7258 0.0000 102.1650 541.7535 231.3078 0.5021 2.1124
7.1620 0.0000 102.0878 421.7336 232.5841 0.5043 2.0091
7.2024 0.0000 102.0477 254.0529 233.6270 0.5078 2.1355
6.8390 0.0000 102.0386 75.1237 233.8148 0.5149 2.7130
6.2108 0.0000 102.0535 0.1293 233.2081 0.5211 3.7823
5.5248 0.0000 102.0606 0.0000 232.6156 0.5252 4.6164
4.8251 0.0000 102.0385 0.0000 231.9325 0.5292 5.2389
4.1669 0.0000 102.0174 0.0000 231.3069 0.5329 5.4527
3.6313 0.0000 102.0269 0.0000 230.9303 0.5367 5.1025
3.2270 0.0000 102.0425 0.0000 231.0085 0.5413 4.6318
2.8267 0.0000 102.0169 0.0000 231.2640 0.5458 4.4421
2.4028 0.0000 101.9890 0.0000 231.4362 0.5520 4.4015
1.9838 0.0000 101.9719 0.0000 234.0358 0.5613 4.0841
1.5692 0.0000 101.9558 0.0000 239.7963 0.5714 3.4624
1.1567 0.0003 101.9304 0.0000 250.5524 0.5803 3.2264
0.7402 0.0019 101.9153 0.0000 263.9371 0.5866 3.5014
0.4324 0.0039 101.8986 0.0000 274.1875 0.5893 4.0820
0.2361 0.0068 101.8731 0.0000 280.2165 0.5904 4.7015
0.2400 0.0028 101.8281 33.5105 275.4316 0.5936 5.1732
