-1.1647 0.0064 101.3542 169.9548 262.9946 0.5258 2.2618
0.6187 0.0007 101.3617 344.0818 250.1718 0.5456 2.5567
3.1214 0.0000 101.3211 507.4609 231.8482 0.5395 3.0154
5.0791 0.0000 101.2138 588.5065 233.8137 0.5065 2.6581
6.1714 0.0000 101.0945 602.1050 234.2608 0.5052 2.1554
6.9015 0.0000 100.9972 549.6054 233.1327 0.5107 1.8448
7.3211 0.0000 100.9270 427.0638 234.5674 0.5151 1.8135
7.3607 0.0000 100.8897 257.1458 235.5686 0.5191 1.9863
6.9645 0.0000 100.8837 75.7807 235.5009 0.5259 2.6205
6.2070 0.0000 100.9012 0.1056 234.2780 0.5311 3.6807
5.3460 0.0000 100.9125 0.0000 232.6981 0.5336 4.2573
4.5102 0.0000 100.8972 0.0000 231.4220 0.5353 4.5387
3.8282 0.0000 100.8790 0.0000 230.5472 0.5370 4.5302
3.3343 0.0000 100.8783 0.0000 230.2751 0.5402 4.1336
2.9660 0.0000 100.8887 0.0000 230.5415 0.5456 3.6266
2.5697 0.0000 100.8677 0.0000 230.9551 0.5513 3.2690
2.1375 0.0000 100.8454 0.0000 230.9483 0.5572 3.1017
1.7279 0.0000 100.8205 0.0000 232.1799 0.5639 3.0169
1.3166 0.0000 100.7867 0.0000 234.5706 0.5714 2.6533
0.9127 0.0002 100.7602 0.0000 246.8169 0.5773 2.2894
0.5441 0.0011 100.7621 0.0000 264.4390 0.5796 2.3606
0.3246 0.0031 100.7637 0.0000 269.2332 0.5812 2.6989
0.1470 0.0073 100.7485 0.0037 272.6542 0.5832 3.1813
0.0624 0.0039 100.7080 44.3531 265.2221 0.5858 3.7429
