-1.0350 0.0051 103.0777 168.4901 261.0279 0.5453 3.2926
1.2883 0.0011 103.0905 340.7184 248.2589 0.5733 3.3783
3.6832 0.0001 103.0478 521.6621 224.9546 0.5671 3.1090
4.8798 0.0001 102.9444 585.5083 229.5323 0.5565 2.5173
5.6839 0.0001 102.8268 576.9594 233.8283 0.5535 2.0081
6.2728 0.0000 102.7335 511.2998 235.3786 0.5528 1.6453
6.5957 0.0000 102.6639 390.9575 235.4726 0.5540 1.4627
6.5937 0.0000 102.6268 225.7213 236.1457 0.5568 1.4198
6.3163 0.0000 102.6231 55.9718 235.6822 0.5612 1.6412
5.9146 0.0001 102.6431 0.0001 239.8328 0.5691 2.2916
5.4365 0.0002 102.6625 0.0000 242.9776 0.5807 3.0045
4.8648 0.0001 102.6529 0.0000 241.1653 0.5942 3.8240
4.1997 0.0000 102.6298 0.0000 236.1785 0.6077 4.7047
3.5004 0.0000 102.6120 0.0000 230.8911 0.6187 5.3738
2.8929 0.0000 102.6185 0.0000 229.5841 0.6259 5.4412
2.3763 0.0000 102.6210 0.0000 228.6677 0.6268 5.0737
1.9345 0.0000 102.6006 0.0000 227.7303 0.6228 4.9251
1.5965 0.0000 102.5711 0.0000 227.4640 0.6161 5.0421
1.2966 0.0001 102.5374 0.0000 231.6677 0.6083 4.7303
0.9866 0.0012 102.5188 0.0000 239.1448 0.6004 4.0944
0.7092 0.0021 102.5128 0.0000 243.7257 0.5926 3.9944
0.6486 0.0014 102.5094 0.0000 250.7939 0.5881 3.9409
0.7732 0.0008 102.4903 0.0147 256.4697 0.5873 3.9100
1.0203 0.0003 102.4550 40.0873 261.4715 0.5900 4.0316
