-1.3821 0.0004 99.1993 200.9958 231.1496 0.5066 3.5444
0.8225 0.0000 99.2060 395.9831 217.8201 0.5161 3.6067
3.6718 0.0000 99.1698 539.9692 219.4220 0.4850 3.7205
5.5996 0.0000 99.0753 622.3125 223.1997 0.4608 3.1041
6.5957 0.0000 98.9694 630.0874 226.5310 0.4692 2.4465
7.2482 0.0000 98.8811 568.8262 229.6053 0.4816 2.2073
7.6217 0.0000 98.8135 445.1094 232.0817 0.4905 2.4013
7.5680 0.0000 98.7858 275.0343 233.5060 0.4981 2.7263
6.9510 0.0000 98.7825 88.7528 233.8629 0.5120 3.3874
5.9182 0.0000 98.7987 0.5148 233.0373 0.5220 4.2365
4.9495 0.0000 98.8069 0.0000 232.3814 0.5260 4.4350
4.2305 0.0000 98.7890 0.0000 232.2272 0.5297 4.3121
3.7147 0.0000 98.7782 0.0000 232.1950 0.5337 3.9227
3.3857 0.0000 98.7778 0.0000 232.3854 0.5372 3.5425
3.1890 0.0000 98.7779 0.0000 233.3200 0.5402 3.4073
2.9783 0.0000 98.7500 0.0000 236.3130 0.5416 3.3508
2.8027 0.0000 98.7256 0.0000 240.6445 0.5419 3.3953
2.6609 0.0000 98.6947 0.0000 246.7295 0.5421 3.2373
2.5023 0.0000 98.6639 0.0000 258.4887 0.5420 2.5749
2.3380 0.0000 98.6426 0.0000 264.3740 0.5419 1.9110
2.2190 0.0000 98.6272 0.0000 262.8939 0.5417 1.7369
2.2586 0.0000 98.6146 0.0000 266.6706 0.5422 2.1859
2.4033 0.0000 98.5850 0.0000 255.9864 0.5432 3.0832
2.5601 0.0000 98.5428 47.2643 250.3265 0.5441 3.9338
