3.2476 0.0045 103.0725 192.9027 257.8541 0.6067 4.7986
3.7757 0.0015 103.0947 351.9498 247.5590 0.5970 4.3946
4.1991 0.0035 103.0638 481.9988 242.7511 0.5919 3.9945
4.4599 0.0028 102.9712 511.4614 255.2013 0.5832 3.5761
4.5975 0.0025 102.8734 528.4714 248.5006 0.5778 3.1780
4.6503 0.0016 102.8005 463.7799 249.2167 0.5742 2.8625
4.5959 0.0011 102.7428 350.6978 248.1710 0.5706 2.6296
4.4372 0.0009 102.7160 194.9909 247.8522 0.5664 2.5038
4.1049 0.0007 102.7149 42.2213 249.6620 0.5655 2.6601
3.7012 0.0004 102.7340 0.0000 243.3151 0.5660 3.0587
3.4095 0.0003 102.7552 0.0000 235.9807 0.5650 3.1072
3.2177 0.0001 102.7532 0.0000 234.4135 0.5627 3.1437
3.1344 0.0000 102.7303 0.0000 230.6675 0.5609 3.3722
3.1367 0.0000 102.7049 0.0000 227.7940 0.5611 3.6637
3.2096 0.0000 102.6858 0.0000 228.0034 0.5644 3.6505
3.2257 0.0000 102.6771 0.0000 228.2347 0.5678 3.2343
3.1496 0.0000 102.6680 0.0000 227.6949 0.5690 2.9651
3.0524 0.0000 102.6342 0.0000 227.1927 0.5694 3.2312
2.9564 0.0000 102.5850 0.0000 226.8036 0.5719 3.6694
2.8667 0.0000 102.5416 0.0000 226.7818 0.5760 3.7016
2.7798 0.0000 102.5397 0.0000 228.7293 0.5789 3.6783
2.8261 0.0000 102.5452 0.0000 231.1414 0.5819 3.6262
2.9899 0.0000 102.5318 0.0631 242.5474 0.5852 3.3104
3.2006 0.0000 102.5093 63.9652 236.8609 0.5897 3.1691
