-1.4307 0.0007 102.8000 133.4129 259.7431 0.5152 4.4837
0.4198 0.0000 102.8226 287.1381 243.4542 0.5287 4.3499
2.7805 0.0000 102.7906 440.7123 236.2862 0.5156 4.3862
4.4929 0.0000 102.6952 555.2409 230.9927 0.4876 3.8403
5.4978 0.0000 102.5745 587.6441 227.5570 0.4789 3.1824
6.2106 0.0000 102.4642 534.9686 228.3685 0.4782 2.7737
6.6472 0.0000 102.3778 417.8748 230.1345 0.4771 2.6175
6.7795 0.0000 102.3344 254.6502 232.1915 0.4763 2.6936
6.5280 0.0000 102.3239 79.7277 233.4285 0.4818 3.0619
6.0754 0.0000 102.3244 0.4371 233.6172 0.4871 3.8839
5.5555 0.0000 102.3268 0.0000 233.5727 0.4922 4.7559
4.9702 0.0000 102.3077 0.0000 233.4811 0.5019 5.4093
4.3511 0.0000 102.2976 0.0000 233.2382 0.5151 5.5304
3.7518 0.0000 102.3188 0.0000 232.9586 0.5279 5.2684
3.1828 0.0000 102.3174 0.0000 232.5992 0.5389 5.4428
2.5857 0.0000 102.2828 0.0000 232.3319 0.5474 5.6816
2.0258 0.0000 102.2642 0.0000 236.2700 0.5532 5.2982
1.5909 0.0000 102.2690 0.0000 246.9071 0.5572 4.8556
1.2728 0.0000 102.2504 0.0000 252.9158 0.5591 4.8997
1.0229 0.0000 102.2052 0.0000 257.8169 0.5597 5.2565
0.8193 0.0000 102.1626 0.0000 261.2236 0.5613 5.7530
0.7073 0.0000 102.1262 0.0000 265.3591 0.5666 6.0516
0.6371 0.0000 102.0888 0.0000 269.5281 0.5751 6.2629
0.5269 0.0001 102.0528 24.8492 270.1002 0.5848 6.0233
