-0.5546 0.0007 102.2676 138.5916 262.6985 0.5383 4.6999
1.1548 0.0000 102.2839 329.3804 233.8615 0.5431 4.6310
3.4927 0.0000 102.2485 490.1038 229.6079 0.5174 4.6607
5.3358 0.0000 102.1490 589.2813 228.9545 0.4888 4.2618
6.3604 0.0000 102.0315 608.4419 229.3170 0.4879 3.7309
7.0566 0.0000 101.9240 552.8076 231.5124 0.4922 3.4806
7.4224 0.0000 101.8484 432.2723 234.2443 0.4976 3.5032
7.4308 0.0000 101.8075 267.1266 236.2286 0.5017 3.6195
7.0031 0.0000 101.7984 87.6545 237.5165 0.5132 4.0776
6.3328 0.0000 101.8004 0.7951 237.6378 0.5210 4.9651
5.6968 0.0000 101.8008 0.0000 237.4387 0.5221 5.5357
5.1013 0.0000 101.7869 0.0000 237.0046 0.5256 5.6092
4.5535 0.0000 101.7851 0.0000 236.4067 0.5326 5.1365
4.0635 0.0000 101.7954 0.0000 235.9673 0.5407 4.6569
3.6084 0.0000 101.7863 0.0000 236.5328 0.5478 4.5044
3.1629 0.0000 101.7608 0.0000 239.3087 0.5537 4.2425
2.7880 0.0000 101.7376 0.0000 249.0133 0.5579 3.7566
2.5168 0.0000 101.7191 0.0000 255.2065 0.5612 3.3079
2.2443 0.0000 101.6983 0.0000 262.5275 0.5641 3.2522
1.9213 0.0000 101.6633 0.0000 265.0862 0.5667 3.5445
1.6235 0.0000 101.6326 0.0000 267.9504 0.5686 4.0298
1.5122 0.0000 101.6083 0.0000 271.7962 0.5701 4.3611
1.5797 0.0000 101.5658 0.0000 269.9916 0.5714 4.7809
1.7743 0.0000 101.5407 31.5354 265.0262 0.5726 4.5584
