-1.3103 0.0002 98.3104 199.6538 238.7201 0.5121 3.8185
0.9853 0.0000 98.3211 412.6523 213.8043 0.5261 3.7579
3.9009 0.0000 98.2855 552.1276 218.0427 0.5033 3.7717
5.8838 0.0000 98.1998 629.4586 223.7055 0.4801 3.0818
6.9549 0.0000 98.0959 635.7101 227.7027 0.4832 2.3070
7.6918 0.0000 98.0077 573.7004 231.2469 0.4899 1.9119
8.0990 0.0000 97.9368 448.2651 234.5177 0.4973 2.0140
8.1097 0.0000 97.9104 278.7066 235.8823 0.5049 2.3055
7.6019 0.0000 97.9078 91.9095 236.4797 0.5165 2.8796
6.6958 0.0000 97.9202 0.7159 235.8725 0.5250 3.6781
5.7500 0.0000 97.9276 0.0000 235.1152 0.5292 4.0169
4.9401 0.0000 97.9183 0.0000 234.5168 0.5329 3.9136
4.3189 0.0000 97.9155 0.0000 234.0305 0.5362 3.4978
3.8768 0.0000 97.9164 0.0000 234.3898 0.5391 3.1732
3.5499 0.0000 97.9162 0.0000 236.8650 0.5417 3.0099
3.2358 0.0000 97.8965 0.0000 239.0099 0.5431 2.8898
2.9664 0.0000 97.8713 0.0000 245.3347 0.5433 2.9187
2.7514 0.0000 97.8389 0.0000 254.7563 0.5429 2.8603
2.5497 0.0000 97.8030 0.0000 263.9500 0.5423 2.4332
2.3699 0.0000 97.7810 0.0000 267.7887 0.5415 1.9297
2.2425 0.0000 97.7645 0.0000 264.5913 0.5405 1.9988
2.2509 0.0000 97.7552 0.0000 267.0109 0.5403 2.3783
2.3317 0.0000 97.7246 0.0000 258.2510 0.5407 3.0982
2.3973 0.0000 97.6925 42.4730 260.2980 0.5414 3.6530
