-2.4829 0.0001 102.4956 153.2486 239.8610 0.4726 4.1832
-0.5769 0.0000 102.5182 312.3343 226.0174 0.4924 3.6259
2.3013 0.0000 102.4977 449.5530 226.5113 0.4675 3.3852
4.1936 0.0000 102.4023 548.9981 225.5770 0.4343 2.8807
5.0017 0.0000 102.2759 566.4368 224.9185 0.4314 2.3866
5.5537 0.0000 102.1736 511.3060 226.0720 0.4339 2.1281
5.9025 0.0000 102.0922 403.0296 225.6441 0.4359 2.0745
5.9082 0.0000 102.0498 241.2060 227.5172 0.4391 2.1939
5.5642 0.0000 102.0406 71.3975 228.4849 0.4443 2.7239
4.9983 0.0000 102.0411 0.1763 228.1398 0.4479 3.6681
4.3397 0.0000 102.0435 0.0000 227.4788 0.4505 4.5163
3.6354 0.0000 102.0301 0.0000 226.8667 0.4541 5.1835
2.9620 0.0000 102.0107 0.0000 226.5512 0.4589 5.4533
2.3999 0.0000 102.0259 0.0000 226.6849 0.4648 5.2383
1.9590 0.0000 102.0412 0.0000 227.0287 0.4724 5.1142
1.5500 0.0000 102.0054 0.0000 227.4067 0.4808 5.2580
1.1511 0.0000 101.9911 0.0000 229.6148 0.4888 4.8807
0.8349 0.0000 101.9972 0.0000 238.5924 0.4968 4.4630
0.5927 0.0000 101.9796 0.0000 243.8749 0.5055 4.4437
0.3905 0.0000 101.9279 0.0000 252.4045 0.5165 4.7161
0.2061 0.0000 101.8687 0.0000 250.9577 0.5321 5.1745
0.0449 0.0000 101.8257 0.0000 245.3204 0.5507 5.5069
-0.1626 0.0001 101.7906 0.0000 249.2585 0.5644 5.6435
-0.4722 0.0012 101.7554 26.8544 260.8445 0.5703 5.4406
