0.0653 0.0061 102.8234 167.6811 271.3956 0.5782 3.1210
1.6817 0.0009 102.8368 335.7635 260.7215 0.5937 2.9654
3.7867 0.0000 102.7920 525.8318 231.3934 0.5896 2.8499
5.3506 0.0000 102.6833 574.9481 240.0519 0.5558 2.4431
6.3645 0.0000 102.5623 583.5622 240.2479 0.5363 2.0986
7.0151 0.0000 102.4624 524.8670 239.9312 0.5302 1.9969
7.3633 0.0000 102.3919 411.2146 237.1388 0.5289 2.0777
7.3853 0.0000 102.3587 241.7586 237.6683 0.5300 2.2038
7.0567 0.0000 102.3496 64.9422 237.3264 0.5350 2.6333
6.5039 0.0000 102.3714 0.0078 235.9447 0.5414 3.3813
5.9730 0.0000 102.3872 0.0000 234.6309 0.5480 3.8688
5.5014 0.0000 102.3746 0.0000 233.6748 0.5580 4.2400
5.0765 0.0000 102.3501 0.0000 233.1789 0.5739 4.5199
4.6430 0.0000 102.3335 0.0000 233.1021 0.5961 4.5306
4.1952 0.0000 102.3375 0.0000 233.3468 0.6199 4.1964
3.6580 0.0000 102.3256 0.0000 233.5922 0.6385 3.9324
3.0709 0.0000 102.3074 0.0000 233.1001 0.6512 3.8220
2.5455 0.0000 102.2882 0.0000 232.6342 0.6586 3.7411
2.0657 0.0001 102.2520 0.0000 235.5735 0.6604 3.5990
1.6000 0.0008 102.2169 0.0000 246.2869 0.6541 3.4024
1.1721 0.0025 102.2220 0.0000 264.1216 0.6423 3.4369
1.0144 0.0030 102.2473 0.0000 274.7270 0.6340 3.3906
1.0425 0.0045 102.2450 0.0564 277.7066 0.6310 3.2989
1.1982 0.0023 102.2109 44.7279 270.6974 0.6310 3.3180
