-1.4622 0.0062 102.3409 162.5281 261.2312 0.5186 2.6364
0.3831 0.0004 102.3477 322.5013 252.2866 0.5397 2.9586
3.3355 0.0000 102.3043 476.9500 236.8043 0.5260 3.5095
5.2279 0.0000 102.1970 570.0838 237.0998 0.4963 3.0799
6.2746 0.0000 102.0756 590.3680 235.7855 0.4967 2.5004
7.0060 0.0000 101.9740 547.3260 232.0830 0.5015 2.1575
7.4322 0.0000 101.9000 425.8497 233.8908 0.5053 2.0787
7.4596 0.0000 101.8580 257.6054 234.9076 0.5096 2.2433
7.0573 0.0000 101.8489 77.2426 234.9737 0.5176 2.9106
6.3452 0.0000 101.8651 0.1605 234.1818 0.5239 4.0721
5.5777 0.0000 101.8722 0.0000 233.3962 0.5275 4.8361
4.8260 0.0000 101.8488 0.0000 232.6767 0.5313 5.3210
4.1442 0.0000 101.8309 0.0000 232.0490 0.5343 5.3999
3.5997 0.0000 101.8404 0.0000 231.6781 0.5369 4.9666
3.2053 0.0000 101.8547 0.0000 231.7916 0.5396 4.4863
2.8347 0.0000 101.8272 0.0000 232.0732 0.5417 4.2310
2.4604 0.0000 101.8012 0.0000 232.5570 0.5448 4.1276
2.1062 0.0000 101.7796 0.0000 235.8465 0.5506 3.8580
1.7399 0.0000 101.7584 0.0000 240.5002 0.5581 3.2146
1.3603 0.0000 101.7343 0.0000 249.0365 0.5667 2.8087
0.9973 0.0004 101.7256 0.0000 260.6919 0.5751 3.0057
0.7308 0.0028 101.7140 0.0000 269.4562 0.5815 3.6606
0.5398 0.0071 101.6879 0.0000 273.7790 0.5850 4.4407
0.4934 0.0029 101.6416 38.9973 265.5275 0.5876 5.1192
