-0.4565 0.0020 101.0601 149.2681 254.7250 0.5464 5.6532
1.2281 0.0001 101.0846 354.9869 223.8170 0.5499 5.3694
3.4715 0.0000 101.0532 501.3941 224.8832 0.5384 5.3573
5.3271 0.0000 100.9667 584.0960 230.4900 0.5117 4.9534
6.5219 0.0000 100.8532 600.0197 234.3771 0.4986 4.3973
7.3513 0.0000 100.7413 546.6521 238.4295 0.4964 4.2191
7.8086 0.0000 100.6585 428.3832 241.8680 0.4995 4.2230
7.8600 0.0000 100.6170 270.2909 243.3506 0.5045 4.3889
7.3623 0.0000 100.5998 96.6881 243.0754 0.5191 4.8702
6.3845 0.0000 100.6083 2.1977 240.8663 0.5331 5.8824
5.4252 0.0000 100.6261 0.0000 238.1535 0.5365 6.1867
4.6782 0.0000 100.6469 0.0000 236.1090 0.5381 5.5883
4.1378 0.0000 100.6541 0.0000 237.4958 0.5371 5.1181
3.7408 0.0000 100.6563 0.0000 246.3175 0.5349 4.6522
3.4526 0.0000 100.6430 0.0000 253.2237 0.5328 4.2004
3.2365 0.0000 100.6131 0.0000 261.4405 0.5311 3.9538
3.0870 0.0000 100.5894 0.0000 266.7870 0.5303 3.8854
2.9676 0.0000 100.5636 0.0000 270.9917 0.5308 3.9657
2.8247 0.0000 100.5286 0.0000 274.6952 0.5325 4.2462
2.5975 0.0000 100.4783 0.0000 279.3229 0.5361 4.5494
2.3154 0.0000 100.4388 0.0000 281.1493 0.5414 4.6659
2.0439 0.0000 100.3926 0.0000 282.1148 0.5483 4.9092
1.8373 0.0000 100.3672 0.0000 281.5354 0.5560 4.7703
1.8040 0.0000 100.4071 22.7541 272.3446 0.5619 3.5947
