-1.9563 0.0005 102.7794 157.8040 248.1689 0.4983 4.1885
0.0763 0.0000 102.8015 327.8714 228.6737 0.5185 3.9835
2.9313 0.0000 102.7696 453.8654 232.4947 0.4971 3.9601
4.4563 0.0000 102.6738 549.4376 231.1118 0.4737 3.2821
5.3363 0.0000 102.5516 584.1374 225.8431 0.4701 2.6303
5.9756 0.0000 102.4423 530.1056 226.4780 0.4728 2.2724
6.3972 0.0000 102.3605 411.1149 228.4581 0.4739 2.1431
6.4596 0.0000 102.3181 246.5563 230.3273 0.4770 2.2336
6.1726 0.0000 102.3090 73.2480 231.4029 0.4840 2.6683
5.6890 0.0000 102.3166 0.1941 231.4900 0.4911 3.5777
5.1115 0.0000 102.3190 0.0000 231.3059 0.4974 4.5292
4.4588 0.0000 102.2985 0.0000 230.9053 0.5051 5.3351
3.7975 0.0000 102.2823 0.0000 230.4768 0.5130 5.6857
3.2197 0.0000 102.2974 0.0000 230.2359 0.5207 5.4469
2.7562 0.0000 102.3095 0.0000 230.2688 0.5283 5.2756
2.3081 0.0000 102.2741 0.0000 230.3287 0.5347 5.4914
1.8446 0.0000 102.2484 0.0000 231.3777 0.5406 5.2827
1.4069 0.0000 102.2542 0.0000 237.8477 0.5479 4.6805
1.0369 0.0000 102.2437 0.0000 244.8791 0.5558 4.4618
0.7403 0.0000 102.2029 0.0000 252.5610 0.5645 4.6610
0.4792 0.0000 102.1565 0.0000 255.9114 0.5733 5.0637
0.2310 0.0004 102.1209 0.0000 264.1974 0.5795 5.4859
-0.0414 0.0022 102.0830 0.0000 272.4143 0.5826 5.7236
-0.2273 0.0027 102.0434 23.6767 279.2708 0.5846 5.5539
