-2.3890 0.0002 102.6597 163.3528 238.1358 0.4777 3.9984
-0.3356 0.0000 102.6785 328.4302 221.7670 0.4944 3.5000
2.5277 0.0000 102.6513 463.0805 223.9849 0.4607 3.1452
4.1502 0.0000 102.5563 549.3102 225.7341 0.4344 2.5785
4.9214 0.0000 102.4339 564.9362 225.2081 0.4340 2.1199
5.4447 0.0000 102.3326 509.2009 226.1325 0.4386 1.8839
5.7617 0.0000 102.2554 398.4562 225.8479 0.4417 1.8630
5.7442 0.0000 102.2133 237.9247 226.7773 0.4453 2.0011
5.3813 0.0000 102.2038 68.0726 227.7690 0.4501 2.5268
4.8092 0.0000 102.2081 0.0949 227.5377 0.4530 3.3980
4.1713 0.0000 102.2143 0.0000 226.8301 0.4547 4.1168
3.5221 0.0000 102.1978 0.0000 226.0889 0.4571 4.7181
2.9162 0.0000 102.1770 0.0000 225.6351 0.4606 5.0203
2.4224 0.0000 102.1833 0.0000 225.7904 0.4661 4.8711
2.0391 0.0000 102.2040 0.0000 226.3518 0.4747 4.6422
1.6688 0.0000 102.1767 0.0000 227.0188 0.4851 4.7507
1.2687 0.0000 102.1552 0.0000 228.3066 0.4966 4.6278
0.8995 0.0000 102.1572 0.0000 234.7622 0.5095 4.1696
0.5918 0.0000 102.1458 0.0000 241.3133 0.5229 4.0220
0.3266 0.0000 102.0930 0.0000 247.8953 0.5379 4.2015
0.0652 0.0000 102.0397 0.0000 251.6605 0.5512 4.6079
-0.2018 0.0005 101.9961 0.0000 248.9941 0.5612 5.0137
-0.5664 0.0032 101.9664 0.0000 255.8149 0.5640 5.1798
-0.9092 0.0048 101.9317 26.7008 268.2775 0.5603 4.9753
