-1.1131 0.0024 100.9027 116.6685 267.3712 0.5244 3.9706
0.4364 0.0001 100.9263 311.8057 231.5096 0.5269 4.0111
2.5751 0.0000 100.8997 472.4760 226.2761 0.5159 4.1959
4.4122 0.0000 100.8093 561.8024 229.5863 0.4974 4.0104
5.5308 0.0000 100.6890 586.7343 230.2383 0.4910 3.5009
6.3490 0.0000 100.5747 535.0470 234.1000 0.4890 3.2897
6.7918 0.0000 100.4895 418.9905 237.8216 0.4904 3.2976
6.8232 0.0000 100.4522 262.0460 239.4280 0.4929 3.4134
6.3631 0.0000 100.4390 91.2878 239.1633 0.5010 3.8534
5.5718 0.0000 100.4436 1.7098 237.2857 0.5085 4.6505
4.8506 0.0000 100.4551 0.0000 234.8962 0.5071 4.7561
4.2859 0.0000 100.4619 0.0000 232.9767 0.5050 4.1336
3.8470 0.0000 100.4725 0.0000 232.1916 0.5032 3.4331
3.4763 0.0000 100.4666 0.0000 234.3339 0.5016 3.1269
3.1273 0.0000 100.4519 0.0000 239.7101 0.5020 2.8910
2.8274 0.0000 100.4259 0.0000 250.6354 0.5045 2.5353
2.6013 0.0000 100.4026 0.0000 258.1531 0.5082 2.2962
2.4112 0.0000 100.3845 0.0000 263.4945 0.5130 2.2563
2.1929 0.0000 100.3539 0.0000 266.9691 0.5191 2.4911
1.9146 0.0000 100.3065 0.0000 273.2039 0.5264 2.8965
1.6235 0.0000 100.2654 0.0000 277.0536 0.5348 3.0689
1.3817 0.0000 100.2216 0.0000 279.0322 0.5425 3.4039
1.1514 0.0000 100.1875 0.0000 278.4170 0.5498 3.7000
1.1117 0.0000 100.2164 18.2204 277.2444 0.5554 2.9379
