-2.0734 0.0024 102.9897 170.7952 257.3874 0.5091 2.8390
0.3808 0.0002 102.9992 368.8523 231.2969 0.5462 3.0036
3.2349 0.0000 102.9623 513.1300 225.1595 0.5432 3.0645
4.4954 0.0000 102.8602 566.8216 232.9083 0.5277 2.4356
5.2698 0.0000 102.7458 569.9863 234.5033 0.5227 1.8470
5.8569 0.0000 102.6502 518.4321 232.7048 0.5216 1.4882
6.2276 0.0000 102.5756 402.4169 231.7240 0.5203 1.3342
6.2785 0.0000 102.5344 236.0991 232.4013 0.5211 1.3359
6.0180 0.0000 102.5253 62.8543 232.2673 0.5251 1.5643
5.6367 0.0000 102.5446 0.0067 231.5662 0.5301 2.1141
5.2482 0.0000 102.5550 0.0000 231.0583 0.5357 2.7658
4.8397 0.0000 102.5373 0.0000 230.7308 0.5442 3.5565
4.4128 0.0000 102.5088 0.0000 230.5496 0.5575 4.3130
3.9292 0.0000 102.4969 0.0000 230.4546 0.5766 4.7153
3.3864 0.0000 102.5141 0.0000 230.3619 0.5983 4.6790
2.7578 0.0000 102.5065 0.0000 230.3162 0.6161 4.6003
2.0923 0.0000 102.4781 0.0000 229.8312 0.6278 4.8262
1.4537 0.0000 102.4557 0.0000 229.9845 0.6336 4.9142
0.8212 0.0002 102.4415 0.0000 241.0708 0.6307 4.2844
0.1830 0.0030 102.4265 0.0000 264.3651 0.6172 3.7220
-0.3450 0.0083 102.4112 0.0000 280.5441 0.5993 3.7178
-0.5736 0.0065 102.3989 0.0000 285.7612 0.5879 3.7526
-0.5503 0.0043 102.3739 0.0003 284.5783 0.5853 3.9655
-0.3154 0.0019 102.3362 32.2648 279.5366 0.5890 4.2007
