-2.3878 0.0001 102.6975 167.3886 230.1459 0.4719 3.9696
-0.4716 0.0000 102.7176 323.1248 221.9537 0.4869 3.3993
2.2991 0.0000 102.6915 449.3369 225.7344 0.4529 2.9039
3.9828 0.0000 102.5988 536.8194 227.2438 0.4247 2.2863
4.7084 0.0000 102.4760 550.0854 227.3462 0.4230 1.8888
5.1770 0.0000 102.3747 492.4435 228.8221 0.4260 1.6820
5.4527 0.0000 102.2985 388.8174 226.9378 0.4282 1.6710
5.4307 0.0000 102.2573 234.6604 226.5447 0.4307 1.8164
5.0738 0.0000 102.2455 67.0264 227.3372 0.4346 2.3306
4.5216 0.0000 102.2500 0.0905 226.9081 0.4364 3.1177
3.9240 0.0000 102.2549 0.0000 226.0724 0.4373 3.7557
3.3286 0.0000 102.2373 0.0000 225.3028 0.4386 4.3107
2.7881 0.0000 102.2156 0.0000 225.0421 0.4413 4.6165
2.3504 0.0000 102.2222 0.0000 225.4201 0.4460 4.5367
1.9986 0.0000 102.2407 0.0000 226.1373 0.4535 4.3796
1.6545 0.0000 102.2164 0.0000 226.8927 0.4623 4.4184
1.2974 0.0000 102.1983 0.0000 228.2547 0.4725 4.1947
0.9813 0.0000 102.1993 0.0000 235.6315 0.4841 3.8396
0.7207 0.0000 102.1804 0.0000 242.6330 0.4964 3.8148
0.4960 0.0000 102.1252 0.0000 249.9661 0.5107 4.1132
0.2765 0.0000 102.0662 0.0000 254.2434 0.5267 4.6076
0.0750 0.0002 102.0249 0.0000 250.8892 0.5432 4.9875
-0.1856 0.0013 101.9971 0.0000 253.5711 0.5549 5.1153
-0.4983 0.0025 101.9657 26.7241 262.5904 0.5599 4.9245
