-1.6288 0.0016 102.8401 147.6460 257.2681 0.5120 4.0988
0.3544 0.0001 102.8600 307.4712 240.5679 0.5290 4.0904
2.9691 0.0000 102.8255 443.6256 237.4359 0.5140 4.1730
4.5603 0.0000 102.7275 550.9465 233.5096 0.4895 3.5148
5.5445 0.0000 102.6078 587.2169 228.3821 0.4831 2.8417
6.2472 0.0000 102.4985 535.6909 228.2979 0.4845 2.4509
6.6984 0.0000 102.4141 417.5120 229.9074 0.4842 2.3012
6.8083 0.0000 102.3717 252.5541 231.6663 0.4854 2.3965
6.5443 0.0000 102.3626 76.7487 232.7286 0.4921 2.8186
6.0870 0.0000 102.3680 0.2662 232.8775 0.4992 3.7296
5.5454 0.0000 102.3703 0.0000 232.8633 0.5059 4.6881
4.9202 0.0000 102.3499 0.0000 232.6325 0.5148 5.4896
4.2503 0.0000 102.3337 0.0000 232.2768 0.5249 5.7868
3.6259 0.0000 102.3511 0.0000 231.9786 0.5341 5.5189
3.0895 0.0000 102.3609 0.0000 231.7688 0.5417 5.4174
2.5606 0.0000 102.3277 0.0000 231.5111 0.5468 5.6019
2.0475 0.0000 102.3018 0.0000 232.6372 0.5505 5.3672
1.6065 0.0000 102.3053 0.0000 240.4396 0.5549 4.7770
1.2519 0.0000 102.2925 0.0000 247.8240 0.5595 4.5455
0.9621 0.0000 102.2518 0.0000 254.6125 0.5644 4.7810
0.7030 0.0000 102.2149 0.0000 258.5232 0.5711 5.2424
0.5119 0.0001 102.1816 0.0000 264.2723 0.5786 5.6910
0.3147 0.0008 102.1462 0.0000 271.2539 0.5844 5.9984
0.1742 0.0014 102.1041 25.5525 275.8472 0.5894 5.9389
