-1.9992 0.0009 102.8743 169.1307 246.5251 0.5000 3.8524
0.1848 0.0000 102.8943 360.5364 221.0683 0.5227 3.8041
3.1475 0.0000 102.8585 467.0643 231.2251 0.5005 3.7116
4.5194 0.0000 102.7615 542.4005 234.7429 0.4824 2.9645
5.3582 0.0000 102.6439 582.0597 227.3710 0.4821 2.3203
5.9852 0.0000 102.5355 529.0800 227.2173 0.4866 1.9855
6.3997 0.0000 102.4549 409.3257 228.9538 0.4888 1.8759
6.4430 0.0000 102.4126 243.3437 230.4910 0.4929 1.9687
6.1433 0.0000 102.4035 69.7249 231.3791 0.5003 2.4180
5.6566 0.0000 102.4192 0.0800 231.4810 0.5079 3.3435
5.0726 0.0000 102.4224 0.0000 231.3374 0.5142 4.2983
4.4248 0.0000 102.4020 0.0000 230.7271 0.5198 5.1479
3.7975 0.0000 102.3807 0.0000 229.9991 0.5245 5.5950
3.2742 0.0000 102.3869 0.0000 229.6104 0.5300 5.4026
2.8808 0.0000 102.4105 0.0000 229.7590 0.5367 4.9981
2.5029 0.0000 102.3780 0.0000 230.1410 0.5435 5.0966
2.0613 0.0000 102.3406 0.0000 230.0526 0.5518 5.1291
1.5483 0.0000 102.3441 0.0000 232.6085 0.5636 4.4984
1.0511 0.0000 102.3415 0.0000 241.2920 0.5764 4.0538
0.6258 0.0006 102.3068 0.0000 251.5445 0.5883 4.1745
0.2266 0.0021 102.2662 0.0000 258.9866 0.5958 4.5185
-0.1702 0.0021 102.2321 0.0000 272.6063 0.5938 4.9914
-0.5751 0.0051 102.1989 0.0000 281.5496 0.5855 5.2783
-0.7029 0.0053 102.1556 23.5202 288.9526 0.5787 5.1345
