-1.4426 0.0038 100.6555 181.8541 248.9626 0.5124 2.8330
0.5116 0.0002 100.6621 354.7427 238.2486 0.5291 3.1110
3.2852 0.0000 100.6225 509.3744 228.6487 0.5103 3.4915
5.2520 0.0000 100.5198 600.8284 228.9347 0.4817 3.0135
6.3228 0.0000 100.4039 612.1981 230.7996 0.4861 2.3926
7.0396 0.0000 100.3091 558.2168 230.9376 0.4953 2.0553
7.4640 0.0000 100.2399 435.0196 233.1056 0.5017 2.0654
7.4807 0.0000 100.2039 265.4761 234.3228 0.5074 2.2960
7.0115 0.0000 100.1989 81.9855 234.4560 0.5174 2.9582
6.1822 0.0000 100.2154 0.2636 233.5570 0.5247 3.9771
5.3239 0.0000 100.2236 0.0000 232.6501 0.5287 4.4699
4.5445 0.0000 100.2028 0.0000 232.1108 0.5325 4.6935
3.8751 0.0000 100.1886 0.0000 231.6904 0.5358 4.5996
3.3744 0.0000 100.1929 0.0000 231.5003 0.5385 4.2105
3.0340 0.0000 100.2015 0.0000 231.6892 0.5408 3.8922
2.7005 0.0000 100.1754 0.0000 232.7299 0.5418 3.7049
2.3817 0.0000 100.1509 0.0000 234.1033 0.5425 3.6463
2.1001 0.0000 100.1249 0.0000 238.3778 0.5441 3.4758
1.8172 0.0000 100.0956 0.0000 245.2237 0.5464 2.8843
1.5393 0.0000 100.0711 0.0000 255.5664 0.5494 2.3481
1.3092 0.0000 100.0643 0.0000 260.1612 0.5528 2.3291
1.2136 0.0009 100.0535 0.0000 263.1901 0.5565 2.8569
1.1851 0.0025 100.0309 0.0006 262.5736 0.5602 3.6403
1.1895 0.0014 99.9854 47.3274 251.4396 0.5632 4.4491
