-0.8875 0.0003 98.5581 184.7604 251.7217 0.5354 4.2664
1.4169 0.0000 98.5721 412.0745 215.0926 0.5547 4.0744
4.3389 0.0000 98.5365 550.7512 219.9883 0.5413 3.9377
6.3769 0.0000 98.4565 627.8042 226.5886 0.5174 3.2060
7.6189 0.0000 98.3534 635.6466 231.0044 0.5061 2.4113
8.4020 0.0000 98.2600 575.6800 234.5406 0.5065 2.1410
8.8019 0.0000 98.1867 446.0736 239.9110 0.5114 2.3428
8.8039 0.0000 98.1603 280.4874 240.3385 0.5167 2.6235
8.3229 0.0000 98.1584 95.4734 241.1275 0.5268 3.1015
7.4869 0.0000 98.1676 1.1259 240.9727 0.5330 3.7252
6.5960 0.0000 98.1701 0.0000 240.1262 0.5351 3.9519
5.7844 0.0000 98.1657 0.0000 238.8541 0.5385 3.6738
5.1574 0.0000 98.1686 0.0000 237.7347 0.5425 3.1906
4.6938 0.0000 98.1669 0.0000 240.0797 0.5462 2.9242
4.3299 0.0000 98.1674 0.0000 243.5013 0.5499 2.6694
4.0182 0.0000 98.1541 0.0000 249.2277 0.5530 2.5728
3.7635 0.0000 98.1238 0.0000 258.5813 0.5551 2.6557
3.5555 0.0000 98.0907 0.0000 266.4546 0.5565 2.6725
3.3394 0.0000 98.0651 0.0000 272.5679 0.5570 2.3471
3.1343 0.0000 98.0371 0.0000 271.0552 0.5561 2.1618
2.9595 0.0000 98.0162 0.0000 271.4535 0.5540 2.5364
2.9032 0.0000 98.0042 0.0000 270.5155 0.5526 2.9218
2.9123 0.0000 97.9693 0.0000 265.4174 0.5522 3.5897
2.9194 0.0000 97.9490 34.3237 272.8087 0.5531 3.7529
