-0.5356 0.0012 101.9067 127.3832 264.6851 0.5390 4.5474
0.9392 0.0000 101.9293 334.7130 227.6468 0.5403 4.4108
3.0764 0.0000 101.8976 489.0590 224.7550 0.5185 4.6230
4.7452 0.0000 101.8022 577.5694 228.0156 0.4969 4.4632
5.7460 0.0000 101.6835 596.5429 229.4816 0.4932 3.9845
6.4964 0.0000 101.5702 543.5539 232.2979 0.4933 3.7492
6.8775 0.0000 101.4886 424.4085 235.9502 0.4972 3.7771
6.8913 0.0000 101.4491 263.4981 238.3379 0.5008 3.8817
6.4869 0.0000 101.4363 89.6229 239.0435 0.5113 4.2498
5.8644 0.0000 101.4401 1.3220 238.1981 0.5196 4.9941
5.3105 0.0000 101.4417 0.0000 236.8335 0.5186 5.2951
4.8014 0.0000 101.4435 0.0000 235.4375 0.5182 4.9248
4.3325 0.0000 101.4506 0.0000 234.2931 0.5192 4.2192
3.8885 0.0000 101.4503 0.0000 234.0247 0.5215 3.8830
3.4387 0.0000 101.4356 0.0000 237.5324 0.5258 3.6857
3.0024 0.0000 101.4120 0.0000 246.9574 0.5317 3.3272
2.6266 0.0000 101.3901 0.0000 255.2706 0.5371 2.9326
2.3085 0.0000 101.3700 0.0000 261.0245 0.5417 2.8816
1.9831 0.0000 101.3412 0.0000 265.0039 0.5464 3.2582
1.6151 0.0000 101.3004 0.0000 268.4813 0.5519 3.7979
1.2543 0.0000 101.2632 0.0000 273.3849 0.5581 4.0534
1.0173 0.0000 101.2270 0.0000 275.4569 0.5645 4.1374
0.8914 0.0000 101.1881 0.0000 276.0752 0.5708 4.2449
0.9222 0.0000 101.1985 21.8958 274.9458 0.5758 3.3324
