-1.4825 0.0025 102.8140 148.3156 260.1703 0.5182 3.8908
0.4830 0.0001 102.8306 304.6555 245.4599 0.5341 4.0203
3.0791 0.0000 102.7944 444.6464 239.3200 0.5207 4.1947
4.7127 0.0000 102.6936 555.1844 234.6497 0.4962 3.5502
5.7466 0.0000 102.5746 590.0827 230.0477 0.4901 2.8736
6.4756 0.0000 102.4659 540.0763 229.4417 0.4917 2.4817
6.9405 0.0000 102.3829 421.6047 231.0009 0.4918 2.3372
7.0541 0.0000 102.3405 255.9063 232.5887 0.4934 2.4471
6.7834 0.0000 102.3313 78.3012 233.5337 0.5006 2.8979
6.3168 0.0000 102.3375 0.2772 233.6581 0.5083 3.8503
5.7741 0.0000 102.3399 0.0000 233.7260 0.5152 4.8060
5.1441 0.0000 102.3189 0.0000 233.5268 0.5237 5.5954
4.4511 0.0000 102.3023 0.0000 233.1496 0.5331 5.8611
3.8011 0.0000 102.3191 0.0000 232.7853 0.5414 5.5542
3.2533 0.0000 102.3295 0.0000 232.5022 0.5475 5.3856
2.7262 0.0000 102.2990 0.0000 232.2369 0.5508 5.4835
2.2280 0.0000 102.2717 0.0000 233.3287 0.5527 5.2715
1.8088 0.0000 102.2706 0.0000 240.4432 0.5557 4.6790
1.4634 0.0000 102.2575 0.0000 248.3538 0.5592 4.3312
1.1632 0.0000 102.2190 0.0000 255.5260 0.5635 4.5023
0.8862 0.0000 102.1894 0.0000 259.4469 0.5706 4.9662
0.7123 0.0000 102.1598 0.0000 263.8197 0.5797 5.4887
0.5458 0.0002 102.1258 0.0000 270.4842 0.5864 5.9020
0.4491 0.0010 102.0823 28.3502 272.8608 0.5914 5.9968
