-0.8480 0.0002 99.3033 181.0876 248.7871 0.5328 4.3310
1.4500 0.0000 99.3153 404.9339 215.4537 0.5461 4.1126
4.3495 0.0000 99.2810 546.0261 219.6299 0.5254 4.0402
6.3886 0.0000 99.1971 623.5813 226.0406 0.4970 3.3970
7.5491 0.0000 99.0908 632.0453 230.3598 0.4894 2.7677
8.2594 0.0000 98.9968 572.4397 233.8953 0.4923 2.6394
8.5775 0.0000 98.9242 445.7919 238.0391 0.4995 2.8919
8.4977 0.0000 98.8964 278.9517 239.2598 0.5068 3.1840
7.9117 0.0000 98.8907 94.6233 240.1289 0.5206 3.7218
6.9418 0.0000 98.9024 1.1140 239.7146 0.5303 4.4426
5.9571 0.0000 98.9069 0.0000 238.6287 0.5334 4.6591
5.1309 0.0000 98.9032 0.0000 237.3073 0.5367 4.3199
4.5302 0.0000 98.9035 0.0000 236.2534 0.5399 3.7329
4.1099 0.0000 98.9031 0.0000 238.5124 0.5425 3.3343
3.8064 0.0000 98.8997 0.0000 242.0799 0.5452 3.0123
3.5738 0.0000 98.8794 0.0000 247.9544 0.5474 2.8126
3.4019 0.0000 98.8491 0.0000 256.6323 0.5492 2.7372
3.2684 0.0000 98.8198 0.0000 263.9583 0.5508 2.5891
3.0990 0.0000 98.7942 0.0000 270.6449 0.5520 2.2199
2.9037 0.0000 98.7675 0.0000 270.3484 0.5522 2.0770
2.7265 0.0000 98.7422 0.0000 271.9395 0.5519 2.4245
2.6998 0.0000 98.7282 0.0000 271.6594 0.5522 2.8451
2.8007 0.0000 98.6895 0.0000 264.7023 0.5530 3.5015
2.9470 0.0000 98.6672 34.1764 270.7193 0.5545 3.5811
