-0.5331 0.0061 102.5060 167.1324 266.8937 0.5511 2.5840
0.9710 0.0010 102.5176 334.1916 257.4217 0.5683 2.5489
3.1938 0.0000 102.4786 504.4307 235.6169 0.5655 2.8324
4.8164 0.0000 102.3725 552.6389 244.3820 0.5364 2.5031
5.7324 0.0000 102.2534 582.4654 239.1481 0.5263 2.1185
6.3717 0.0000 102.1574 532.0039 236.7336 0.5230 1.9527
6.7138 0.0000 102.0844 417.8460 234.6729 0.5220 1.9898
6.7301 0.0000 102.0479 248.9296 235.1117 0.5227 2.1270
6.3721 0.0000 102.0390 70.2397 234.7136 0.5268 2.6471
5.7466 0.0000 102.0562 0.0358 233.3641 0.5309 3.5404
5.1401 0.0000 102.0672 0.0000 232.0676 0.5329 4.0556
4.6557 0.0000 102.0484 0.0000 231.2502 0.5354 4.3705
4.3130 0.0000 102.0232 0.0000 230.9839 0.5404 4.4878
4.0293 0.0000 102.0178 0.0000 231.3090 0.5509 4.2335
3.7234 0.0000 102.0234 0.0000 232.0515 0.5669 3.7709
3.2967 0.0000 102.0071 0.0000 232.7139 0.5850 3.5235
2.7841 0.0000 101.9848 0.0000 232.7209 0.6028 3.4874
2.2772 0.0000 101.9597 0.0000 232.9461 0.6190 3.4667
1.7834 0.0000 101.9322 0.0000 233.9341 0.6327 3.1489
1.2944 0.0006 101.9051 0.0000 247.0728 0.6369 2.8023
0.7909 0.0033 101.9076 0.0000 273.8054 0.6292 2.8572
0.5105 0.0047 101.9163 0.0000 285.5044 0.6218 3.0046
0.3957 0.0074 101.9027 0.0052 286.1674 0.6193 3.2801
0.4531 0.0033 101.8657 38.6200 279.0451 0.6208 3.5937
