-0.7308 0.0065 102.1124 166.8370 265.7733 0.5426 2.4365
0.9002 0.0010 102.1220 336.0204 255.7559 0.5609 2.5259
3.2262 0.0000 102.0811 506.6131 233.8544 0.5570 2.8777
4.9990 0.0000 101.9739 568.3876 240.0305 0.5253 2.5498
5.9950 0.0000 101.8541 590.5682 237.3730 0.5187 2.1307
6.6760 0.0000 101.7569 539.5656 235.3466 0.5190 1.9159
7.0518 0.0000 101.6847 421.2820 234.9481 0.5202 1.9338
7.0767 0.0000 101.6478 251.9215 235.6127 0.5222 2.0914
6.6951 0.0000 101.6398 72.2752 235.3356 0.5275 2.6679
5.9995 0.0000 101.6577 0.0598 233.9928 0.5321 3.6431
5.2714 0.0000 101.6695 0.0000 232.5329 0.5342 4.1896
4.6284 0.0000 101.6530 0.0000 231.4642 0.5364 4.4821
4.1404 0.0000 101.6306 0.0000 230.8967 0.5400 4.5267
3.7732 0.0000 101.6269 0.0000 230.9491 0.5475 4.1845
3.4460 0.0000 101.6342 0.0000 231.4815 0.5591 3.6738
3.0324 0.0000 101.6163 0.0000 232.0270 0.5721 3.3702
2.5496 0.0000 101.5940 0.0000 231.9997 0.5853 3.2700
2.0763 0.0000 101.5695 0.0000 232.5411 0.5981 3.2136
1.6077 0.0000 101.5389 0.0000 233.9709 0.6098 2.8965
1.1412 0.0005 101.5115 0.0000 246.2677 0.6153 2.5859
0.6735 0.0026 101.5143 0.0000 271.2823 0.6114 2.6805
0.3995 0.0045 101.5219 0.0000 280.9843 0.6071 2.8868
0.2424 0.0087 101.5082 0.0055 282.6121 0.6059 3.2047
0.2438 0.0042 101.4707 39.8797 275.8614 0.6076 3.5768
