1.5157 0.0000 102.0538 158.6120 257.2437 0.6195 6.4207
2.9832 0.0000 102.0835 342.3412 241.1166 0.6242 5.9113
5.0944 0.0000 102.0607 490.7372 241.4604 0.6133 5.6328
7.1191 0.0000 101.9827 580.3201 245.3292 0.5660 5.3212
8.4533 0.0000 101.8651 601.6778 248.0154 0.5249 5.0109
9.2268 0.0000 101.7493 559.7608 248.0628 0.5105 5.0117
9.6096 0.0000 101.6686 440.6342 249.7632 0.5083 5.1681
9.6690 0.0000 101.6191 283.7067 250.0065 0.5095 5.4636
9.1821 0.0000 101.6025 107.3346 249.4752 0.5270 5.6953
8.1593 0.0000 101.6158 3.6126 248.0272 0.5510 6.1911
7.0445 0.0000 101.6558 0.0000 247.1558 0.5676 6.4409
6.0806 0.0000 101.6700 0.0000 250.0327 0.5816 6.6101
5.3317 0.0000 101.6752 0.0000 262.1453 0.5920 6.4218
4.8033 0.0000 101.6943 0.0000 270.1159 0.6007 5.9489
4.4300 0.0000 101.6807 0.0000 274.8814 0.6060 5.9455
4.1756 0.0000 101.6457 0.0000 278.6608 0.6067 6.1017
4.0242 0.0000 101.6154 0.0000 283.0900 0.6043 6.0131
3.9389 0.0000 101.5896 0.0000 285.5305 0.6024 5.8845
3.8835 0.0000 101.5446 0.0000 287.6195 0.6016 5.8877
3.8090 0.0000 101.5023 0.0000 287.7819 0.6027 5.7293
3.7059 0.0000 101.4545 0.0000 285.9652 0.6050 5.7143
3.5668 0.0000 101.3961 0.0000 280.6755 0.6092 5.9783
3.3444 0.0000 101.4074 0.0000 256.8358 0.6175 5.1130
3.1410 0.0000 101.4597 34.5087 251.5818 0.6243 3.9807
