-1.5504 0.0028 102.8128 153.0473 258.8428 0.5166 3.7322
0.4410 0.0001 102.8282 309.7811 244.9542 0.5335 3.9021
3.1239 0.0000 102.7918 445.7569 239.5085 0.5198 4.1117
4.7366 0.0000 102.6899 554.9243 235.0443 0.4963 3.4470
5.7668 0.0000 102.5707 589.6732 230.3386 0.4910 2.7663
6.4941 0.0000 102.4621 540.2486 229.4433 0.4929 2.3787
6.9648 0.0000 102.3803 421.3647 231.0628 0.4934 2.2352
7.0702 0.0000 102.3379 255.2867 232.5606 0.4958 2.3514
6.7999 0.0000 102.3287 77.5325 233.4252 0.5033 2.8195
6.3365 0.0000 102.3363 0.2361 233.5192 0.5115 3.8000
5.7884 0.0000 102.3387 0.0000 233.5913 0.5189 4.7819
5.1411 0.0000 102.3175 0.0000 233.3237 0.5268 5.6134
4.4239 0.0000 102.2997 0.0000 232.8780 0.5349 5.9250
3.7609 0.0000 102.3154 0.0000 232.4795 0.5418 5.6188
3.2230 0.0000 102.3283 0.0000 232.2276 0.5466 5.3691
2.7200 0.0000 102.2990 0.0000 232.0418 0.5489 5.4326
2.2409 0.0000 102.2704 0.0000 232.5243 0.5503 5.2602
1.8258 0.0000 102.2681 0.0000 238.5583 0.5533 4.6494
1.4734 0.0000 102.2561 0.0000 246.8337 0.5575 4.2125
1.1623 0.0000 102.2189 0.0000 254.7156 0.5632 4.3363
0.8697 0.0000 102.1908 0.0000 258.7326 0.5723 4.7816
0.6793 0.0000 102.1623 0.0000 263.0076 0.5829 5.3514
0.4802 0.0002 102.1286 0.0000 270.6479 0.5896 5.8046
0.3711 0.0012 102.0848 28.7709 273.9219 0.5935 5.9629
