0.4081 0.0070 102.8766 167.3147 275.2017 0.5929 3.2392
2.0561 0.0006 102.8902 345.4444 258.1553 0.6088 2.8949
4.2751 0.0000 102.8315 531.8828 232.0842 0.6131 2.7200
5.9945 0.0000 102.7201 603.7476 235.1812 0.5781 2.4236
7.3228 0.0000 102.5937 609.7303 236.1540 0.5483 2.1141
8.1117 0.0000 102.4854 541.7125 238.6216 0.5395 2.0393
8.5600 0.0000 102.4120 413.9305 240.5218 0.5368 2.1228
8.6381 0.0000 102.3856 242.1985 241.4913 0.5371 2.2590
8.3444 0.0000 102.3774 64.4150 241.3621 0.5423 2.6995
7.7870 0.0000 102.4019 0.0015 240.1901 0.5511 3.4814
7.2022 0.0000 102.4202 0.0000 238.6917 0.5613 4.0120
6.6795 0.0000 102.4158 0.0000 237.5138 0.5767 4.3448
6.1847 0.0000 102.3884 0.0000 236.6606 0.6003 4.4879
5.6975 0.0000 102.3707 0.0000 236.2377 0.6352 4.3542
5.2322 0.0000 102.3701 0.0000 236.1737 0.6764 3.8369
4.6779 0.0000 102.3582 0.0000 236.2461 0.7093 3.3546
4.0319 0.0000 102.3438 0.0000 235.6610 0.7291 2.9840
3.4245 0.0000 102.3339 0.0000 234.9555 0.7362 2.6814
2.8348 0.0007 102.2914 0.0000 252.2054 0.7251 2.6754
2.1740 0.0023 102.2470 0.0000 273.4117 0.6970 2.7248
1.6807 0.0018 102.2500 0.0000 284.4033 0.6745 2.8380
1.5336 0.0009 102.2948 0.0000 286.3049 0.6634 2.8520
1.5280 0.0008 102.3094 0.1556 276.5086 0.6576 2.8180
1.6278 0.0007 102.2751 54.4554 268.8626 0.6531 2.7712
