-0.9975 0.0033 103.1069 170.2798 257.9819 0.5407 3.3313
1.5677 0.0006 103.1176 364.8151 231.6790 0.5624 3.2930
3.6758 0.0001 103.0779 511.8398 224.9321 0.5556 2.9080
4.7034 0.0001 102.9773 578.5798 228.3034 0.5484 2.3580
5.4098 0.0000 102.8617 576.8231 230.6113 0.5483 1.9345
5.9287 0.0000 102.7683 508.0194 233.1900 0.5488 1.6043
6.1862 0.0000 102.6991 381.8828 235.5353 0.5501 1.4069
6.1267 0.0000 102.6635 219.4334 235.2652 0.5522 1.3882
5.7691 0.0001 102.6584 53.3304 235.5685 0.5560 1.7418
5.2366 0.0002 102.6816 0.0000 239.4918 0.5621 2.4682
4.6358 0.0003 102.7002 0.0000 244.6537 0.5696 3.0627
4.0081 0.0001 102.6919 0.0000 242.9327 0.5775 3.7153
3.3751 0.0000 102.6702 0.0000 235.8462 0.5854 4.4628
2.7442 0.0000 102.6524 0.0000 229.1283 0.5924 5.0568
2.1903 0.0000 102.6588 0.0000 227.4281 0.5967 5.1500
1.7195 0.0000 102.6656 0.0000 226.2908 0.5969 4.7306
1.3368 0.0000 102.6461 0.0000 225.4763 0.5932 4.4396
1.0364 0.0000 102.6135 0.0000 225.2689 0.5867 4.4629
0.7781 0.0001 102.5863 0.0000 228.1286 0.5795 4.0321
0.5536 0.0008 102.5683 0.0000 234.7851 0.5735 3.2985
0.3864 0.0014 102.5509 0.0000 239.6580 0.5680 3.1274
0.4161 0.0011 102.5309 0.0000 248.9033 0.5650 3.1574
0.5645 0.0010 102.5087 0.0035 244.4137 0.5644 3.3445
0.7667 0.0007 102.4734 47.4102 245.4781 0.5661 3.6206
