3.4146 0.0013 103.0126 229.3578 247.0729 0.6324 6.0350
4.6303 0.0002 103.0309 413.5357 235.6806 0.6246 5.5541
5.5774 0.0001 102.9875 550.1907 231.7025 0.6141 5.0336
6.2421 0.0001 102.8937 611.9050 233.5445 0.6110 4.5357
6.7426 0.0001 102.7882 601.4092 236.3632 0.6084 3.9629
7.1205 0.0000 102.7009 520.7320 240.2956 0.6048 3.5453
7.2594 0.0000 102.6400 395.6585 239.7358 0.6048 3.3551
7.1837 0.0000 102.6120 227.7488 238.6190 0.6064 3.2663
6.8963 0.0000 102.6102 53.2833 239.0465 0.6126 3.4000
6.4770 0.0001 102.6363 0.0000 239.6822 0.6236 3.8698
6.0391 0.0000 102.6611 0.0000 239.2331 0.6336 4.2433
5.5852 0.0000 102.6605 0.0000 236.5771 0.6408 4.6264
5.1858 0.0000 102.6419 0.0000 234.3707 0.6445 4.9609
4.9283 0.0000 102.6178 0.0000 233.0200 0.6459 5.1380
4.8385 0.0000 102.6035 0.0000 232.0545 0.6452 4.9696
4.7024 0.0000 102.5879 0.0000 231.8694 0.6427 4.6961
4.4884 0.0000 102.5688 0.0000 231.2627 0.6393 4.7099
4.2611 0.0000 102.5478 0.0000 230.7744 0.6375 4.8211
4.0145 0.0000 102.5055 0.0000 230.2498 0.6370 4.8775
3.7789 0.0000 102.4525 0.0000 229.8129 0.6377 4.8700
3.5630 0.0000 102.4425 0.0000 229.6148 0.6393 4.9706
3.4953 0.0000 102.4784 0.0000 230.0318 0.6401 5.1883
3.5600 0.0000 102.4985 0.3651 242.4373 0.6406 5.0239
3.7418 0.0000 102.4770 55.1141 255.8488 0.6420 4.6487
