-0.0490 0.0066 102.5060 164.5396 267.9584 0.5654 2.5955
1.5242 0.0016 102.5165 331.0138 261.1925 0.5809 2.4648
3.4629 0.0000 102.4724 522.7337 231.9045 0.5809 2.6171
5.1468 0.0000 102.3648 568.1308 241.5805 0.5460 2.3622
6.1311 0.0000 102.2422 590.2714 238.6085 0.5334 2.0644
6.7891 0.0000 102.1445 534.7139 237.5948 0.5301 1.9662
7.1374 0.0000 102.0713 417.1967 236.3487 0.5293 2.0703
7.1579 0.0000 102.0370 247.6469 236.8080 0.5296 2.2421
6.7683 0.0000 102.0279 69.1698 236.3627 0.5339 2.7696
6.0789 0.0000 102.0487 0.0198 234.7608 0.5384 3.6371
5.4074 0.0000 102.0633 0.0000 233.1386 0.5408 4.0887
4.8616 0.0000 102.0512 0.0000 232.0180 0.5442 4.2964
4.4855 0.0000 102.0269 0.0000 231.5286 0.5508 4.2877
4.2059 0.0000 102.0168 0.0000 231.7516 0.5629 3.9281
3.9065 0.0000 102.0181 0.0000 232.3944 0.5808 3.3602
3.4568 0.0000 102.0062 0.0000 232.9742 0.6007 3.0695
2.9008 0.0000 101.9842 0.0000 232.7989 0.6205 2.9760
2.3469 0.0000 101.9627 0.0000 232.5815 0.6380 2.9421
1.8095 0.0000 101.9286 0.0000 232.7984 0.6522 2.8260
1.2685 0.0008 101.8958 0.0000 246.3912 0.6550 2.7463
0.6897 0.0044 101.9037 0.0000 281.9904 0.6408 2.9386
0.3818 0.0064 101.9245 0.0000 294.2426 0.6269 2.8716
0.2705 0.0118 101.9187 0.0145 293.5479 0.6213 2.7838
0.3811 0.0061 101.8874 36.7374 286.2330 0.6227 2.8018
