-1.1948 0.0001 99.1850 195.3335 235.6522 0.5133 3.8483
1.0990 0.0000 99.1925 403.8418 215.1073 0.5215 3.8012
3.9709 0.0000 99.1568 546.0910 218.3557 0.4921 3.8470
5.9309 0.0000 99.0670 624.9171 223.5378 0.4667 3.2143
6.9641 0.0000 98.9609 632.3070 227.3724 0.4703 2.5778
7.6192 0.0000 98.8713 570.9851 230.7153 0.4799 2.3794
7.9521 0.0000 98.8013 446.8538 233.4999 0.4891 2.6046
7.8732 0.0000 98.7749 277.1675 235.0099 0.4980 2.9239
7.2512 0.0000 98.7700 90.9805 235.6805 0.5129 3.5575
6.2139 0.0000 98.7856 0.6956 235.1217 0.5237 4.3785
5.2100 0.0000 98.7918 0.0000 234.3975 0.5279 4.5845
4.4360 0.0000 98.7807 0.0000 233.8668 0.5314 4.3612
3.8931 0.0000 98.7738 0.0000 233.5001 0.5348 3.8267
3.5464 0.0000 98.7725 0.0000 233.7582 0.5378 3.3878
3.3294 0.0000 98.7700 0.0000 235.7634 0.5405 3.1761
3.1354 0.0000 98.7439 0.0000 239.3796 0.5422 3.0317
2.9830 0.0000 98.7174 0.0000 245.6214 0.5429 3.0000
2.8621 0.0000 98.6873 0.0000 252.6999 0.5434 2.8045
2.7078 0.0000 98.6571 0.0000 263.1908 0.5436 2.2272
2.5293 0.0000 98.6361 0.0000 266.2945 0.5436 1.7144
2.3901 0.0000 98.6160 0.0000 265.9021 0.5434 1.7497
2.4162 0.0000 98.6045 0.0000 268.3513 0.5438 2.1944
2.5680 0.0000 98.5703 0.0000 257.0228 0.5446 3.0101
2.7563 0.0000 98.5331 42.3642 258.5056 0.5455 3.6147
