-2.0995 0.0015 103.1043 173.2461 251.8338 0.5061 3.0317
0.6103 0.0001 103.1109 378.7911 220.7822 0.5421 3.1358
3.2905 0.0000 103.0759 511.0667 221.7745 0.5351 2.7922
4.4229 0.0000 102.9733 574.4708 226.7360 0.5238 2.1269
5.1727 0.0000 102.8552 574.0726 229.0922 0.5220 1.6350
5.7212 0.0000 102.7608 506.3746 232.1415 0.5236 1.2856
6.0447 0.0000 102.6882 386.8746 232.6582 0.5247 1.0973
6.0274 0.0000 102.6505 224.8672 232.4629 0.5277 1.1007
5.7312 0.0000 102.6414 57.2078 231.6211 0.5309 1.3277
5.3473 0.0000 102.6649 0.0005 231.6846 0.5345 1.8268
4.9361 0.0000 102.6746 0.0000 235.7244 0.5412 2.3990
4.4577 0.0000 102.6618 0.0000 234.4802 0.5520 3.1802
3.8969 0.0000 102.6381 0.0000 229.9609 0.5673 4.0900
3.2242 0.0000 102.6217 0.0000 229.0928 0.5853 4.7786
2.4925 0.0000 102.6342 0.0000 227.9918 0.5997 4.9872
1.7837 0.0000 102.6424 0.0000 227.1302 0.6074 4.8059
1.1638 0.0000 102.6159 0.0000 226.4384 0.6077 4.7848
0.6248 0.0000 102.5866 0.0000 226.4666 0.6017 4.7537
0.1596 0.0001 102.5758 0.0000 232.9655 0.5922 3.9828
-0.2123 0.0021 102.5590 0.0000 246.6435 0.5814 3.2217
-0.4556 0.0042 102.5324 0.0000 255.4067 0.5708 3.1156
-0.4605 0.0033 102.5060 0.0000 263.9495 0.5648 3.2203
-0.3629 0.0028 102.4798 0.0000 254.0509 0.5621 3.6008
-0.2007 0.0021 102.4441 39.7824 256.3476 0.5619 3.9010
