-0.6495 0.0015 101.6805 125.5030 265.8562 0.5365 4.3954
0.8290 0.0000 101.7031 336.2435 226.4381 0.5385 4.2752
2.9824 0.0000 101.6726 489.4606 223.9408 0.5179 4.5355
4.6442 0.0000 101.5772 575.9988 227.9528 0.4977 4.4188
5.6542 0.0000 101.4584 595.4431 229.4294 0.4938 3.9498
6.4179 0.0000 101.3439 542.2575 232.6706 0.4933 3.7242
6.8119 0.0000 101.2622 423.7155 236.3605 0.4968 3.7612
6.8268 0.0000 101.2240 263.4482 238.6998 0.5003 3.8788
6.4024 0.0000 101.2101 90.2061 239.1406 0.5106 4.2645
5.7370 0.0000 101.2151 1.4189 237.9654 0.5192 5.0148
5.1542 0.0000 101.2191 0.0000 236.2833 0.5182 5.2449
4.6457 0.0000 101.2233 0.0000 234.7048 0.5172 4.7567
4.1947 0.0000 101.2317 0.0000 233.5561 0.5170 4.0062
3.7728 0.0000 101.2289 0.0000 233.5925 0.5177 3.6584
3.3465 0.0000 101.2141 0.0000 238.0775 0.5203 3.4053
2.9386 0.0000 101.1895 0.0000 248.4539 0.5248 3.0381
2.5892 0.0000 101.1675 0.0000 256.1300 0.5294 2.6984
2.2880 0.0000 101.1461 0.0000 261.6541 0.5338 2.6994
1.9712 0.0000 101.1160 0.0000 265.3947 0.5384 3.1110
1.6029 0.0000 101.0740 0.0000 269.5606 0.5443 3.6562
1.2354 0.0000 101.0370 0.0000 273.9464 0.5515 3.8671
0.9826 0.0000 101.0006 0.0000 276.0678 0.5590 3.9395
0.8333 0.0000 100.9629 0.0000 276.3303 0.5665 4.0023
0.8577 0.0000 100.9784 20.8534 275.7423 0.5721 3.0272
