-0.3172 0.0019 101.6484 148.0464 257.7574 0.5531 5.3791
1.3485 0.0001 101.6706 361.0791 221.8655 0.5577 5.1046
3.6546 0.0000 101.6374 506.0513 223.5769 0.5411 5.2742
5.4792 0.0000 101.5474 587.0971 229.9879 0.5100 5.0862
6.5275 0.0000 101.4347 601.6866 233.8009 0.4992 4.6445
7.2639 0.0000 101.3241 547.4271 237.6609 0.4964 4.4954
7.6330 0.0000 101.2431 428.5823 241.0637 0.4995 4.5520
7.6272 0.0000 101.2033 269.2801 242.7542 0.5038 4.7462
7.1152 0.0000 101.1867 95.1621 242.6255 0.5192 5.1986
6.2298 0.0000 101.1950 1.9358 240.5348 0.5331 6.1273
5.4289 0.0000 101.2051 0.0000 237.9789 0.5357 6.4342
4.8012 0.0000 101.2209 0.0000 235.9262 0.5377 5.8161
4.3179 0.0000 101.2265 0.0000 235.4813 0.5381 5.2757
3.9199 0.0000 101.2285 0.0000 243.0865 0.5377 4.8407
3.5847 0.0000 101.2142 0.0000 250.4966 0.5377 4.3338
3.2888 0.0000 101.1864 0.0000 259.0192 0.5379 3.9925
3.0393 0.0000 101.1638 0.0000 265.0985 0.5380 3.8434
2.8105 0.0000 101.1385 0.0000 269.3029 0.5389 3.9058
2.5547 0.0000 101.1054 0.0000 272.5748 0.5409 4.1977
2.2234 0.0000 101.0566 0.0000 277.4597 0.5448 4.5736
1.8622 0.0000 101.0205 0.0000 279.4297 0.5505 4.6992
1.5739 0.0000 100.9796 0.0000 280.4058 0.5580 4.8219
1.4359 0.0000 100.9445 0.0000 279.9588 0.5665 4.7226
1.4738 0.0000 100.9758 22.8062 274.0311 0.5731 3.5560
