-0.1035 0.0008 98.9940 154.1107 244.3394 0.5302 5.1854
1.9357 0.0001 99.0301 323.1462 238.2698 0.5348 4.6306
4.3035 0.0000 99.0174 473.8744 236.3083 0.5348 3.5097
6.5098 0.0000 98.9501 571.7217 236.3863 0.5007 2.5129
7.8529 0.0000 98.8355 592.3789 240.1334 0.4896 2.5319
8.6684 0.0000 98.7204 546.0727 242.5381 0.4946 2.6049
9.1835 0.0000 98.6352 430.3979 244.8245 0.5019 2.6012
9.2930 0.0000 98.5870 276.0092 245.5006 0.5106 2.5349
8.9241 0.0000 98.5672 103.2948 245.3374 0.5213 2.6140
8.1042 0.0000 98.5757 3.4064 244.8006 0.5317 2.9971
7.0973 0.0000 98.6171 0.0000 244.5641 0.5381 3.1117
6.1980 0.0000 98.6447 0.0000 245.1670 0.5423 2.9592
5.5196 0.0000 98.6618 0.0000 255.3534 0.5440 2.9845
5.0323 0.0000 98.6751 0.0000 264.2657 0.5456 2.9764
4.6602 0.0000 98.6645 0.0000 268.0919 0.5475 3.0719
4.3816 0.0000 98.6368 0.0000 272.3335 0.5482 3.1455
4.2264 0.0000 98.6132 0.0000 274.6182 0.5470 3.0457
4.1747 0.0000 98.5899 0.0000 279.5718 0.5443 2.8077
4.2105 0.0000 98.5495 0.0000 283.0670 0.5414 2.5380
4.2518 0.0000 98.4982 0.0000 285.5842 0.5397 2.3236
4.2691 0.0000 98.4308 0.0000 287.6957 0.5386 2.4643
4.2551 0.0000 98.3571 0.0000 288.6579 0.5395 3.5576
4.1570 0.0000 98.3774 0.0000 284.3978 0.5424 3.1438
3.9997 0.0003 98.4328 18.2387 278.5812 0.5454 2.3648
