3.3306 0.0016 103.0070 230.3879 247.1081 0.6351 6.0902
4.6584 0.0002 103.0257 416.6557 235.0338 0.6289 5.6134
5.7020 0.0001 102.9795 551.7507 231.8658 0.6164 5.0710
6.4204 0.0000 102.8861 613.4756 233.8942 0.6111 4.5698
6.9444 0.0000 102.7802 602.0275 237.1013 0.6074 3.9929
7.3438 0.0000 102.6917 521.8555 240.9069 0.6036 3.5770
7.4971 0.0000 102.6292 396.9691 240.3794 0.6034 3.3967
7.4263 0.0000 102.6024 229.1339 239.2046 0.6055 3.3133
7.1397 0.0000 102.6010 54.0720 239.4443 0.6130 3.4584
6.6984 0.0000 102.6275 0.0000 239.3766 0.6262 3.9490
6.2198 0.0000 102.6519 0.0000 238.2610 0.6377 4.3482
5.7228 0.0000 102.6502 0.0000 236.4849 0.6461 4.7530
5.2961 0.0000 102.6344 0.0000 234.7971 0.6504 5.0871
5.0206 0.0000 102.6091 0.0000 233.4451 0.6521 5.2471
4.9222 0.0000 102.5955 0.0000 232.5310 0.6515 5.0599
4.7706 0.0000 102.5795 0.0000 232.3094 0.6490 4.7986
4.5367 0.0000 102.5597 0.0000 231.6037 0.6453 4.8220
4.3014 0.0000 102.5394 0.0000 231.0597 0.6429 4.9046
4.0520 0.0000 102.4991 0.0000 230.5432 0.6419 4.9171
3.8101 0.0000 102.4449 0.0000 230.1144 0.6422 4.9118
3.5866 0.0000 102.4345 0.0000 229.8879 0.6434 5.0097
3.5117 0.0000 102.4720 0.0000 230.2674 0.6435 5.2391
3.5668 0.0000 102.4948 0.3905 244.3348 0.6434 5.0940
3.7348 0.0000 102.4738 55.5277 256.0608 0.6444 4.7299
