-1.4601 0.0016 102.8541 139.7113 261.5040 0.5178 4.2133
0.4797 0.0000 102.8744 294.5156 245.4610 0.5330 4.2295
2.9315 0.0000 102.8392 438.8593 238.9340 0.5206 4.3216
4.5707 0.0000 102.7416 551.8723 233.8488 0.4945 3.6930
5.5951 0.0000 102.6227 588.5199 228.9825 0.4863 3.0158
6.3214 0.0000 102.5134 537.3830 228.8993 0.4867 2.6082
6.7768 0.0000 102.4270 419.8961 230.3162 0.4856 2.4495
6.9108 0.0000 102.3846 255.1994 232.1267 0.4853 2.5414
6.6542 0.0000 102.3755 78.7020 233.2504 0.4916 2.9437
6.2024 0.0000 102.3786 0.3291 233.4356 0.4982 3.8268
5.6789 0.0000 102.3810 0.0000 233.4672 0.5047 4.7596
5.0803 0.0000 102.3606 0.0000 233.3722 0.5146 5.5194
4.4294 0.0000 102.3457 0.0000 233.1225 0.5269 5.7566
3.7992 0.0000 102.3652 0.0000 232.8460 0.5380 5.4796
3.2264 0.0000 102.3716 0.0000 232.5244 0.5468 5.4878
2.6449 0.0000 102.3380 0.0000 232.0700 0.5525 5.7016
2.0954 0.0000 102.3135 0.0000 233.7158 0.5560 5.4201
1.6501 0.0000 102.3174 0.0000 243.1871 0.5593 4.8591
1.3106 0.0000 102.3025 0.0000 250.2217 0.5617 4.7097
1.0374 0.0000 102.2605 0.0000 256.1348 0.5638 4.9949
0.7983 0.0000 102.2255 0.0000 260.0809 0.5677 5.4901
0.6473 0.0000 102.1918 0.0000 264.8134 0.5743 5.9030
0.5127 0.0002 102.1571 0.0000 270.4102 0.5815 6.1977
0.3966 0.0007 102.1143 25.9470 273.0667 0.5890 6.1239
