-0.9101 0.0018 102.2940 107.7534 271.0093 0.5312 3.7092
0.6366 0.0000 102.3166 285.5645 239.1971 0.5322 3.8715
2.7726 0.0000 102.2889 460.7553 228.7300 0.5183 4.1356
4.6859 0.0000 102.1935 555.6693 230.4797 0.4962 4.0397
5.7306 0.0000 102.0685 583.7589 229.6586 0.4913 3.5534
6.5034 0.0000 101.9513 530.9660 233.4709 0.4880 3.2623
6.9137 0.0000 101.8634 416.5165 236.8463 0.4882 3.1877
6.9712 0.0000 101.8213 258.1061 239.0819 0.4887 3.2253
6.6440 0.0000 101.8108 87.3009 239.8296 0.4938 3.5402
6.1088 0.0000 101.8122 1.3182 238.8522 0.4985 4.2462
5.5844 0.0000 101.8154 0.0000 237.1747 0.4972 4.5741
5.0869 0.0000 101.8122 0.0000 235.3916 0.4969 4.2875
4.6243 0.0000 101.8232 0.0000 234.1522 0.4982 3.6657
4.1821 0.0000 101.8216 0.0000 233.6038 0.5004 3.4284
3.6964 0.0000 101.8068 0.0000 234.7472 0.5049 3.3603
3.1971 0.0000 101.7856 0.0000 244.4534 0.5115 2.9590
2.7593 0.0000 101.7638 0.0000 254.4677 0.5188 2.6294
2.3740 0.0000 101.7527 0.0000 260.7396 0.5271 2.5206
1.9868 0.0000 101.7262 0.0000 263.4229 0.5365 2.6739
1.5951 0.0000 101.6752 0.0000 269.7303 0.5471 3.1361
1.2396 0.0000 101.6315 0.0000 275.4540 0.5581 3.4631
1.0015 0.0000 101.5890 0.0000 277.4359 0.5667 3.8188
0.8371 0.0000 101.5476 0.0000 278.1692 0.5732 4.2265
0.7824 0.0000 101.5670 20.6332 274.1417 0.5785 3.6379
