-2.2716 0.0001 102.7804 172.7317 230.5081 0.4776 3.8596
-0.2679 0.0000 102.7980 336.2768 219.1302 0.4904 3.3513
2.4365 0.0000 102.7692 458.2063 224.7207 0.4530 2.8360
3.9412 0.0000 102.6753 539.6481 227.0803 0.4268 2.2077
4.6505 0.0000 102.5564 552.8341 226.9846 0.4256 1.8051
5.1138 0.0000 102.4550 493.9172 228.5106 0.4294 1.5950
5.3726 0.0000 102.3802 385.6536 227.4756 0.4320 1.5882
5.3436 0.0000 102.3402 233.6095 226.0540 0.4345 1.7385
4.9814 0.0000 102.3297 65.5732 226.8097 0.4382 2.2240
4.4353 0.0000 102.3342 0.0571 226.5878 0.4395 2.9330
3.8647 0.0000 102.3416 0.0000 225.7818 0.4400 3.4751
3.3136 0.0000 102.3227 0.0000 224.9043 0.4409 3.9851
2.8225 0.0000 102.2998 0.0000 224.5340 0.4433 4.3092
2.4336 0.0000 102.3025 0.0000 224.9107 0.4485 4.2649
2.1159 0.0000 102.3224 0.0000 225.7369 0.4571 4.0759
1.7827 0.0000 102.3019 0.0000 226.6802 0.4678 4.1397
1.4088 0.0000 102.2799 0.0000 227.6850 0.4812 4.0862
1.0501 0.0000 102.2796 0.0000 233.2165 0.4969 3.6985
0.7431 0.0000 102.2634 0.0000 240.9495 0.5128 3.5883
0.4746 0.0000 102.2094 0.0000 247.0952 0.5296 3.8054
0.2092 0.0000 102.1555 0.0000 253.7687 0.5447 4.2696
-0.0477 0.0004 102.1130 0.0000 250.5018 0.5569 4.7124
-0.3883 0.0025 102.0877 0.0000 255.6584 0.5623 4.8871
-0.7391 0.0043 102.0563 27.0394 266.2409 0.5608 4.7178
