-0.3142 0.0005 101.9257 142.1505 259.8082 0.5467 4.8886
1.3124 0.0000 101.9461 352.2398 225.2851 0.5500 4.6562
3.6722 0.0000 101.9133 503.6893 224.1746 0.5242 4.7758
5.4649 0.0000 101.8183 590.8441 227.9588 0.4947 4.5108
6.4708 0.0000 101.7024 606.3458 230.3065 0.4892 4.0583
7.1666 0.0000 101.5967 552.2211 232.8723 0.4899 3.9018
7.4711 0.0000 101.5176 429.9452 236.5213 0.4954 3.9846
7.4137 0.0000 101.4781 267.0786 238.9129 0.5008 4.1135
6.9147 0.0000 101.4680 90.6970 239.9520 0.5154 4.5082
6.1705 0.0000 101.4717 1.2621 239.2750 0.5264 5.2705
5.5083 0.0000 101.4725 0.0000 238.0046 0.5274 5.6286
4.9366 0.0000 101.4705 0.0000 236.6667 0.5287 5.3450
4.4366 0.0000 101.4748 0.0000 235.5445 0.5314 4.6993
3.9771 0.0000 101.4796 0.0000 236.2913 0.5351 4.3598
3.5294 0.0000 101.4670 0.0000 239.8310 0.5405 4.1295
3.1041 0.0000 101.4439 0.0000 247.1597 0.5466 3.7445
2.7451 0.0000 101.4194 0.0000 256.1777 0.5514 3.2748
2.4534 0.0000 101.4005 0.0000 262.3545 0.5553 3.1162
2.1560 0.0000 101.3739 0.0000 265.9956 0.5591 3.3250
1.8306 0.0000 101.3382 0.0000 268.7184 0.5632 3.7871
1.5314 0.0000 101.3021 0.0000 273.6150 0.5673 4.1059
1.3893 0.0000 101.2681 0.0000 275.1634 0.5715 4.2468
1.4004 0.0000 101.2247 0.0000 275.5145 0.5754 4.4759
1.5220 0.0000 101.2237 23.7732 275.7247 0.5789 3.7083
