0.5230 0.0056 103.0460 176.0342 271.1450 0.5972 3.9576
2.2815 0.0004 103.0606 346.9206 258.3178 0.6095 3.8118
4.4227 0.0001 103.0141 536.5524 228.7161 0.5971 3.3575
5.8313 0.0000 102.9052 593.8675 235.5763 0.5647 2.7735
6.8204 0.0000 102.7872 578.2032 241.8541 0.5433 2.3484
7.4437 0.0000 102.6863 514.6332 242.4919 0.5367 2.1907
7.7702 0.0000 102.6202 403.5218 238.5520 0.5366 2.2226
7.7744 0.0000 102.5876 234.5959 238.9482 0.5398 2.2919
7.4808 0.0000 102.5797 59.7609 238.7998 0.5468 2.6252
7.0181 0.0000 102.6040 0.0000 237.6925 0.5569 3.2719
6.5485 0.0000 102.6235 0.0000 236.5085 0.5688 3.8022
6.0311 0.0000 102.6131 0.0000 235.4432 0.5851 4.3319
5.4548 0.0000 102.5929 0.0000 234.5774 0.6078 4.8838
4.8285 0.0000 102.5680 0.0000 233.8098 0.6332 5.2493
4.2600 0.0000 102.5739 0.0000 233.3303 0.6528 5.1425
3.6879 0.0000 102.5621 0.0000 233.0536 0.6601 4.8894
3.1358 0.0000 102.5466 0.0000 232.0896 0.6585 4.7658
2.7059 0.0000 102.5297 0.0000 231.3664 0.6518 4.6633
2.3460 0.0001 102.4881 0.0000 232.7284 0.6424 4.5299
2.0331 0.0003 102.4484 0.0000 234.5615 0.6342 4.2951
1.7923 0.0002 102.4509 0.0000 235.2373 0.6305 4.2505
1.7738 0.0001 102.4819 0.0000 244.8821 0.6301 4.2479
1.9136 0.0000 102.4850 0.1213 257.9410 0.6303 4.0426
2.1042 0.0000 102.4510 51.4701 254.9298 0.6296 3.9546
