5.1621 0.0003 102.9771 257.8767 245.8808 0.6477 6.8111
5.6182 0.0001 103.0056 427.4975 242.3553 0.6430 6.3898
6.0528 0.0001 102.9693 558.1716 237.6551 0.6407 6.0856
6.4392 0.0001 102.8806 619.4456 238.0970 0.6438 5.6744
6.6996 0.0001 102.7854 610.4204 239.1756 0.6462 5.1359
6.8458 0.0000 102.7067 532.1968 241.4384 0.6466 4.7173
6.8669 0.0000 102.6493 400.1843 241.7833 0.6457 4.4989
6.7592 0.0000 102.6228 230.0838 240.5067 0.6448 4.3782
6.5031 0.0000 102.6211 52.8170 240.4693 0.6495 4.3674
6.1957 0.0000 102.6523 0.0000 239.8780 0.6573 4.5408
5.9519 0.0000 102.6720 0.0000 239.1295 0.6624 4.6363
5.7726 0.0000 102.6749 0.0000 238.0178 0.6651 4.7608
5.6784 0.0000 102.6544 0.0000 237.2559 0.6657 4.8360
5.6786 0.0000 102.6287 0.0000 236.7202 0.6665 4.8454
5.7283 0.0000 102.6006 0.0000 236.4697 0.6715 4.7611
5.6612 0.0000 102.5748 0.0000 236.6746 0.6763 4.6906
5.4923 0.0000 102.5592 0.0000 236.3154 0.6789 4.8250
5.3140 0.0000 102.5347 0.0000 236.0046 0.6818 4.9621
5.1244 0.0000 102.4991 0.0000 235.6651 0.6845 5.0206
4.9606 0.0000 102.4394 0.0000 235.2531 0.6880 5.0334
4.8478 0.0000 102.4140 0.0000 235.1100 0.6916 5.0869
4.8634 0.0000 102.4567 0.0000 235.3695 0.6938 5.3471
4.9298 0.0000 102.4850 0.6401 239.2965 0.6946 5.3772
5.0684 0.0000 102.4790 60.9849 260.1326 0.6956 4.9901
