-1.4704 0.0043 99.9030 183.3640 254.9731 0.5108 2.3031
0.4616 0.0003 99.9095 367.8215 237.3899 0.5291 2.7289
2.8953 0.0000 99.8732 524.7684 226.4344 0.5199 3.1446
4.9864 0.0000 99.7699 617.8245 224.6834 0.4879 2.7374
6.1659 0.0000 99.6527 622.9991 228.5600 0.4911 2.1461
6.9184 0.0000 99.5594 560.7828 231.0964 0.5016 1.7584
7.3665 0.0000 99.4934 435.6515 233.4635 0.5091 1.7173
7.4223 0.0000 99.4589 264.7667 234.8269 0.5151 1.9166
7.0133 0.0000 99.4571 80.6017 234.9977 0.5237 2.5471
6.2145 0.0000 99.4736 0.1891 233.9225 0.5298 3.5394
5.2769 0.0000 99.4840 0.0000 232.2802 0.5332 3.9861
4.3233 0.0000 99.4702 0.0000 231.0560 0.5352 4.1583
3.5046 0.0000 99.4571 0.0000 230.1412 0.5365 4.0731
2.9145 0.0000 99.4560 0.0000 229.7506 0.5377 3.7111
2.5143 0.0000 99.4652 0.0000 229.8342 0.5393 3.3319
2.1222 0.0000 99.4440 0.0000 230.3744 0.5399 2.9925
1.7310 0.0000 99.4217 0.0000 230.6979 0.5396 2.8072
1.3889 0.0000 99.3952 0.0000 233.1388 0.5395 2.7564
1.0590 0.0000 99.3557 0.0000 236.9914 0.5400 2.4100
0.7598 0.0000 99.3285 0.0000 252.7909 0.5412 1.9570
0.5474 0.0000 99.3303 0.0000 258.9042 0.5431 1.8994
0.4929 0.0003 99.3256 0.0000 254.2776 0.5466 2.2543
0.4420 0.0010 99.3127 0.0022 257.5763 0.5521 2.8136
0.3448 0.0016 99.2694 53.8672 245.5907 0.5566 3.5552
