-1.5351 0.0006 98.2584 207.6648 232.8406 0.5024 3.3574
0.6777 0.0000 98.2675 408.9668 215.5889 0.5160 3.4437
3.5213 0.0000 98.2315 549.8254 218.1353 0.4909 3.5583
5.4841 0.0000 98.1398 629.6589 222.3984 0.4684 2.9138
6.5021 0.0000 98.0359 634.9485 226.1833 0.4782 2.1533
7.2241 0.0000 97.9497 571.6160 229.7476 0.4890 1.7259
7.6610 0.0000 97.8821 446.9693 232.3785 0.4970 1.7958
7.6867 0.0000 97.8551 276.0394 233.8895 0.5042 2.0933
7.1710 0.0000 97.8537 88.7984 234.2784 0.5153 2.7098
6.2404 0.0000 97.8679 0.4703 233.1969 0.5235 3.5582
5.2897 0.0000 97.8786 0.0000 232.3357 0.5278 3.8777
4.5013 0.0000 97.8636 0.0000 232.0285 0.5311 3.8612
3.8910 0.0000 97.8559 0.0000 231.8464 0.5343 3.5696
3.4669 0.0000 97.8563 0.0000 231.7816 0.5371 3.2746
3.1690 0.0000 97.8582 0.0000 233.0731 0.5396 3.1661
2.8469 0.0000 97.8357 0.0000 234.2605 0.5404 3.0822
2.5588 0.0000 97.8137 0.0000 238.1003 0.5398 3.1408
2.3259 0.0000 97.7807 0.0000 246.1204 0.5388 3.1133
2.1191 0.0000 97.7415 0.0000 256.7588 0.5377 2.6177
1.9506 0.0000 97.7198 0.0000 264.6373 0.5369 1.9381
1.8477 0.0000 97.7095 0.0000 260.5421 0.5361 1.7570
1.8820 0.0000 97.7009 0.0000 263.4939 0.5363 2.1196
1.9636 0.0000 97.6768 0.0006 255.0666 0.5372 2.8898
2.0019 0.0001 97.6382 49.3076 250.2096 0.5381 3.7148
