-1.9637 0.0013 103.1258 174.1889 251.5472 0.5103 3.0208
0.7669 0.0001 103.1327 382.3700 219.1005 0.5448 3.1148
3.3441 0.0000 103.0968 510.6586 221.8970 0.5376 2.6980
4.4410 0.0000 102.9936 573.4359 226.8277 0.5283 2.0589
5.1874 0.0000 102.8754 574.9905 228.4628 0.5272 1.6051
5.7341 0.0000 102.7821 505.1196 232.1497 0.5288 1.2675
6.0430 0.0000 102.7090 382.9582 233.5320 0.5303 1.0672
6.0096 0.0000 102.6737 221.7107 233.0956 0.5334 1.0596
5.7046 0.0000 102.6648 55.6709 232.0245 0.5360 1.2983
5.3120 0.0000 102.6893 0.0000 232.5759 0.5391 1.8109
4.8853 0.0001 102.7002 0.0000 238.7054 0.5461 2.3695
4.3793 0.0000 102.6880 0.0000 236.9737 0.5574 3.1383
3.7700 0.0000 102.6666 0.0000 230.3781 0.5727 4.0715
3.0319 0.0000 102.6489 0.0000 228.9179 0.5894 4.8242
2.2499 0.0000 102.6587 0.0000 227.4604 0.5999 5.0845
1.5328 0.0000 102.6697 0.0000 226.2962 0.6029 4.8373
0.9503 0.0000 102.6468 0.0000 225.4756 0.5990 4.6848
0.4721 0.0000 102.6138 0.0000 225.1859 0.5898 4.6289
0.1015 0.0001 102.6024 0.0000 228.3621 0.5800 3.8527
-0.1408 0.0009 102.5837 0.0000 237.8598 0.5721 3.0159
-0.2643 0.0018 102.5570 0.0000 243.5637 0.5656 2.8795
-0.1820 0.0018 102.5302 0.0000 255.2390 0.5615 3.0116
-0.0233 0.0019 102.5043 0.0001 241.9914 0.5593 3.4250
0.1511 0.0014 102.4690 44.0105 246.2585 0.5590 3.7594
