-0.7895 0.0004 99.1624 176.3676 253.6063 0.5408 4.5450
1.4334 0.0000 99.1799 403.8826 215.3635 0.5596 4.1867
4.3357 0.0000 99.1494 543.6156 220.1281 0.5432 4.0518
6.4751 0.0000 99.0663 621.7304 226.9674 0.5086 3.4364
7.6715 0.0000 98.9616 630.4827 231.7858 0.5008 2.9073
8.4172 0.0000 98.8646 571.5041 236.0282 0.5024 2.9117
8.7309 0.0000 98.7950 445.0276 240.3042 0.5083 3.1943
8.6386 0.0000 98.7634 279.3549 242.0074 0.5133 3.4934
8.0308 0.0000 98.7563 97.0454 242.5744 0.5255 3.9879
7.0242 0.0000 98.7656 1.4765 241.3286 0.5341 4.6904
5.9592 0.0000 98.7769 0.0000 239.2790 0.5364 4.9041
5.0507 0.0000 98.7762 0.0000 237.2138 0.5388 4.4828
4.3904 0.0000 98.7789 0.0000 235.6909 0.5401 4.0034
3.9238 0.0000 98.7823 0.0000 241.7664 0.5409 3.6829
3.5903 0.0000 98.7776 0.0000 245.8185 0.5421 3.3053
3.3511 0.0000 98.7574 0.0000 254.4800 0.5430 3.1037
3.2012 0.0000 98.7271 0.0000 262.2293 0.5446 2.9940
3.1018 0.0000 98.6970 0.0000 268.5673 0.5469 2.8974
2.9814 0.0000 98.6714 0.0000 273.0862 0.5492 2.6912
2.8466 0.0000 98.6363 0.0000 274.1098 0.5509 2.8075
2.6819 0.0000 98.6087 0.0000 275.9388 0.5521 3.1234
2.6430 0.0000 98.5901 0.0000 274.6021 0.5540 3.5078
2.7243 0.0000 98.5522 0.0000 272.5889 0.5562 4.0417
2.8423 0.0000 98.5476 33.6979 269.6991 0.5587 3.6891
