2.1685 0.0022 103.0351 209.6824 250.7122 0.6152 5.2688
3.7465 0.0003 103.0497 394.4247 237.4939 0.6107 4.8793
5.0588 0.0001 103.0050 544.0008 228.5999 0.5987 4.3271
5.9273 0.0001 102.9071 605.1884 231.6760 0.5907 3.7806
6.5893 0.0001 102.7950 592.2842 235.9954 0.5848 3.2227
7.0814 0.0000 102.7039 514.4237 239.8302 0.5804 2.8452
7.2901 0.0000 102.6408 394.8484 238.1940 0.5815 2.6925
7.2379 0.0000 102.6097 227.1074 237.6770 0.5845 2.6350
6.9349 0.0000 102.6077 54.0965 238.3602 0.5907 2.8396
6.4873 0.0001 102.6322 0.0000 240.0259 0.6012 3.4288
6.0078 0.0001 102.6569 0.0000 240.4002 0.6126 3.9266
5.4808 0.0000 102.6539 0.0000 236.4612 0.6228 4.4380
4.9579 0.0000 102.6336 0.0000 233.1797 0.6307 4.9366
4.5439 0.0000 102.6117 0.0000 231.6916 0.6360 5.2544
4.3048 0.0000 102.6044 0.0000 230.4913 0.6363 5.0971
4.0675 0.0000 102.5942 0.0000 230.1395 0.6321 4.7386
3.7948 0.0000 102.5758 0.0000 229.4290 0.6264 4.6799
3.5254 0.0000 102.5541 0.0000 228.8603 0.6220 4.7826
3.2481 0.0000 102.5094 0.0000 228.2376 0.6191 4.8218
2.9885 0.0000 102.4642 0.0000 227.7767 0.6179 4.7187
2.7433 0.0000 102.4617 0.0000 227.6604 0.6185 4.8022
2.6637 0.0000 102.4914 0.0000 230.0064 0.6191 4.9484
2.7536 0.0000 102.5013 0.2078 244.5744 0.6196 4.7085
2.9671 0.0000 102.4723 50.4135 255.2632 0.6209 4.4069
