-0.8774 0.0022 101.2282 121.7428 268.1982 0.5316 4.0913
0.6086 0.0000 101.2508 339.3044 224.0206 0.5348 4.0039
2.7945 0.0000 101.2226 490.2636 222.3123 0.5167 4.3604
4.4422 0.0000 101.1272 572.8575 227.8273 0.4992 4.3301
5.4704 0.0000 101.0082 593.2436 229.3251 0.4949 3.8803
6.2609 0.0000 100.8914 539.6648 233.4162 0.4935 3.6744
6.6808 0.0000 100.8094 422.3295 237.1810 0.4962 3.7294
6.6976 0.0000 100.7738 263.3485 239.4237 0.4993 3.8731
6.2334 0.0000 100.7578 91.3726 239.3349 0.5091 4.2939
5.4821 0.0000 100.7651 1.6126 237.4999 0.5183 5.0562
4.8415 0.0000 100.7738 0.0000 235.1829 0.5173 5.1443
4.3344 0.0000 100.7829 0.0000 233.2393 0.5151 4.4206
3.9192 0.0000 100.7939 0.0000 232.0822 0.5126 3.5800
3.5415 0.0000 100.7859 0.0000 232.7279 0.5101 3.2093
3.1621 0.0000 100.7712 0.0000 239.1678 0.5094 2.8445
2.8109 0.0000 100.7444 0.0000 251.4469 0.5111 2.4598
2.5146 0.0000 100.7222 0.0000 257.8489 0.5142 2.2300
2.2470 0.0000 100.6983 0.0000 262.9131 0.5179 2.3351
1.9474 0.0000 100.6658 0.0000 266.1764 0.5225 2.8166
1.5786 0.0000 100.6212 0.0000 271.7192 0.5293 3.3729
1.1975 0.0000 100.5844 0.0000 275.0694 0.5383 3.4944
0.9132 0.0000 100.5478 0.0000 277.2894 0.5481 3.5438
0.7170 0.0000 100.5124 0.0000 276.8404 0.5580 3.5171
0.7286 0.0000 100.5382 18.7686 277.3353 0.5650 2.4168
