1.6228 0.0000 102.0207 152.1962 261.0574 0.6234 6.1974
3.1314 0.0000 102.0504 327.7779 247.4843 0.6289 5.7011
5.2360 0.0000 102.0261 481.2120 245.7902 0.6214 5.4021
7.2583 0.0000 101.9496 574.4547 248.5871 0.5770 5.1036
8.6265 0.0000 101.8320 598.7658 250.2001 0.5333 4.8522
9.4326 0.0000 101.7160 561.7409 248.6463 0.5152 4.9212
9.8482 0.0000 101.6351 442.4542 250.2557 0.5107 5.1326
9.9149 0.0000 101.5856 285.4044 250.5129 0.5106 5.4561
9.4258 0.0000 101.5689 108.5009 250.0288 0.5275 5.6745
8.4013 0.0000 101.5852 3.7468 248.6920 0.5508 6.1183
7.2534 0.0000 101.6254 0.0000 247.8428 0.5663 6.3652
6.2332 0.0000 101.6367 0.0000 251.9730 0.5802 6.5876
5.4386 0.0000 101.6435 0.0000 262.9722 0.5916 6.3777
4.8834 0.0000 101.6612 0.0000 271.5542 0.6010 5.9641
4.4832 0.0000 101.6478 0.0000 275.6679 0.6074 5.9648
4.2033 0.0000 101.6128 0.0000 279.4535 0.6095 6.0953
4.0309 0.0000 101.5825 0.0000 283.9546 0.6086 5.9782
3.9252 0.0000 101.5566 0.0000 285.9367 0.6073 5.8360
3.8476 0.0000 101.5129 0.0000 287.6536 0.6064 5.8254
3.7573 0.0000 101.4721 0.0000 287.0533 0.6069 5.6580
3.6507 0.0000 101.4259 0.0000 284.6147 0.6084 5.6345
3.5302 0.0000 101.3672 0.0000 277.3652 0.6117 5.8742
3.3400 0.0000 101.3803 0.0000 254.9037 0.6193 4.9772
3.1562 0.0000 101.4330 35.4052 251.0106 0.6261 3.8857
