3.0449 0.0062 103.0538 187.7005 260.4050 0.6116 5.0144
3.8433 0.0026 103.0760 324.8136 259.1957 0.5950 4.5938
4.4931 0.0017 103.0405 493.1321 237.7971 0.5946 4.1561
5.0550 0.0011 102.9385 569.8575 236.1466 0.5919 3.7143
5.4626 0.0008 102.8360 576.2085 233.9569 0.5898 3.3017
5.6909 0.0004 102.7585 505.9457 235.4388 0.5892 2.9927
5.7351 0.0002 102.7008 376.9984 236.6291 0.5865 2.8032
5.5902 0.0002 102.6740 213.5962 236.1913 0.5820 2.7501
5.1381 0.0002 102.6728 47.8789 236.5298 0.5829 3.0626
4.4656 0.0002 102.6963 0.0000 238.1596 0.5880 3.7313
3.8504 0.0002 102.7221 0.0000 234.4080 0.5893 3.9464
3.3965 0.0001 102.7246 0.0000 232.9256 0.5861 4.0461
3.1839 0.0001 102.6972 0.0000 228.2565 0.5808 4.2715
3.1250 0.0000 102.6718 0.0000 225.7987 0.5763 4.5106
3.1613 0.0000 102.6572 0.0000 225.5429 0.5757 4.4045
3.1378 0.0000 102.6531 0.0000 225.7329 0.5775 3.9554
2.9974 0.0000 102.6394 0.0000 225.1820 0.5786 3.7488
2.8224 0.0000 102.6056 0.0000 224.7419 0.5793 3.9867
2.6548 0.0000 102.5564 0.0000 224.2065 0.5812 4.3157
2.5055 0.0000 102.5131 0.0000 223.9675 0.5854 4.2637
2.3601 0.0000 102.5159 0.0000 224.5521 0.5893 4.2708
2.3595 0.0000 102.5265 0.0000 226.8715 0.5930 4.2752
2.5044 0.0000 102.5222 0.0978 235.7633 0.5977 3.9209
2.7474 0.0000 102.4951 55.8785 243.6254 0.6046 3.6702
