-1.2791 0.0014 102.8176 134.1206 264.1527 0.5228 4.3668
0.6090 0.0000 102.8380 289.2789 246.9767 0.5360 4.3748
2.9447 0.0000 102.8022 441.3148 238.7545 0.5235 4.4440
4.6412 0.0000 102.7049 555.9647 233.4658 0.4958 3.8597
5.6857 0.0000 102.5863 591.3111 229.1751 0.4875 3.1954
6.4200 0.0000 102.4772 539.5595 229.4370 0.4880 2.7907
6.8678 0.0000 102.3907 422.3247 230.8152 0.4870 2.6433
7.0056 0.0000 102.3483 257.7651 232.6729 0.4861 2.7341
6.7339 0.0000 102.3392 80.6071 233.8592 0.4924 3.1331
6.2576 0.0000 102.3411 0.4005 234.0748 0.4985 4.0012
5.7313 0.0000 102.3434 0.0000 234.1301 0.5041 4.8783
5.1529 0.0000 102.3229 0.0000 234.1362 0.5144 5.5414
4.5327 0.0000 102.3101 0.0000 233.9642 0.5279 5.6694
3.9218 0.0000 102.3304 0.0000 233.7026 0.5404 5.3602
3.3440 0.0000 102.3331 0.0000 233.3261 0.5501 5.4350
2.7447 0.0000 102.2992 0.0000 232.8219 0.5564 5.6363
2.1894 0.0000 102.2757 0.0000 235.7421 0.5602 5.3055
1.7577 0.0000 102.2780 0.0000 246.0980 0.5630 4.7676
1.4335 0.0000 102.2615 0.0000 252.9141 0.5643 4.6874
1.1660 0.0000 102.2191 0.0000 257.9570 0.5644 5.0004
0.9358 0.0000 102.1853 0.0000 261.5895 0.5658 5.5200
0.8114 0.0000 102.1523 0.0000 266.2557 0.5701 5.9007
0.7429 0.0000 102.1174 0.0000 269.9931 0.5767 6.1944
0.6831 0.0002 102.0748 27.0882 269.6775 0.5849 6.0988
