-0.6961 0.0003 99.9836 173.2103 251.5243 0.5401 4.5547
1.4849 0.0000 99.9978 397.9527 215.8908 0.5533 4.2379
4.4028 0.0000 99.9674 539.3766 219.9528 0.5296 4.2225
6.4913 0.0000 99.8790 618.1459 226.5895 0.4937 3.7168
7.6135 0.0000 99.7711 627.6229 230.9082 0.4859 3.2508
8.2919 0.0000 99.6761 568.9391 234.7970 0.4879 3.2629
8.5445 0.0000 99.6044 442.9748 238.5874 0.4950 3.5334
8.3976 0.0000 99.5728 276.9360 240.5172 0.5024 3.8102
7.7095 0.0000 99.5646 95.1721 241.2666 0.5190 4.3429
6.6174 0.0000 99.5750 1.3342 240.1182 0.5318 5.1046
5.5648 0.0000 99.5842 0.0000 238.2485 0.5357 5.3100
4.7444 0.0000 99.5815 0.0000 236.4633 0.5387 4.8684
4.1649 0.0000 99.5831 0.0000 235.2127 0.5406 4.2588
3.7460 0.0000 99.5865 0.0000 239.0956 0.5419 3.8664
3.4313 0.0000 99.5806 0.0000 244.1491 0.5436 3.4647
3.1950 0.0000 99.5561 0.0000 250.9481 0.5450 3.1562
3.0326 0.0000 99.5259 0.0000 259.1241 0.5465 2.9135
2.9158 0.0000 99.5011 0.0000 265.7553 0.5484 2.7309
2.7631 0.0000 99.4755 0.0000 270.2193 0.5506 2.5149
2.5838 0.0000 99.4456 0.0000 272.1277 0.5524 2.6251
2.4174 0.0000 99.4148 0.0000 274.5271 0.5541 2.9441
2.4198 0.0000 99.3941 0.0000 274.5498 0.5564 3.2995
2.5887 0.0000 99.3509 0.0000 270.5867 0.5588 3.8169
2.8136 0.0000 99.3379 30.2626 273.5070 0.5613 3.4962
