-1.7297 0.0023 103.0474 176.2143 258.7096 0.5228 2.8811
0.4199 0.0003 103.0613 369.4402 235.8341 0.5564 2.9037
3.1585 0.0001 103.0251 522.0986 226.0056 0.5566 2.9203
4.4057 0.0000 102.9218 567.2753 235.2551 0.5394 2.3273
5.1471 0.0000 102.8105 560.1608 239.2988 0.5307 1.7273
5.7263 0.0000 102.7171 520.3322 233.7446 0.5259 1.3806
6.0820 0.0000 102.6438 403.1586 232.6542 0.5233 1.2373
6.1820 0.0000 102.6017 236.5665 233.0880 0.5214 1.2177
5.9890 0.0000 102.5928 62.6341 232.9293 0.5239 1.3900
5.6953 0.0000 102.6102 0.0009 232.2459 0.5287 1.8454
5.4168 0.0000 102.6208 0.0000 231.8249 0.5349 2.4348
5.1258 0.0000 102.6013 0.0000 231.5735 0.5450 3.2168
4.7853 0.0000 102.5731 0.0000 231.6148 0.5615 4.0119
4.3108 0.0000 102.5553 0.0000 231.7868 0.5856 4.5159
3.7454 0.0000 102.5721 0.0000 231.9449 0.6126 4.5503
3.0757 0.0000 102.5620 0.0000 231.9930 0.6346 4.5082
2.3713 0.0000 102.5391 0.0000 231.3820 0.6472 4.7361
1.7267 0.0000 102.5132 0.0000 230.9183 0.6525 4.9337
1.1146 0.0002 102.4949 0.0000 241.0156 0.6479 4.4081
0.4837 0.0017 102.4755 0.0000 265.0505 0.6309 3.7651
-0.0269 0.0058 102.4703 0.0000 279.1091 0.6108 3.7208
-0.2345 0.0050 102.4726 0.0000 284.5279 0.5990 3.7023
-0.1547 0.0022 102.4468 0.0019 282.5654 0.5974 3.7941
0.1270 0.0006 102.4115 35.5802 276.0950 0.6024 3.9981
