3.3788 0.0065 103.0504 187.8873 262.7242 0.6133 5.1401
4.0363 0.0033 103.0739 323.8288 261.2005 0.5968 4.7145
4.5539 0.0023 103.0397 483.9745 242.4054 0.5966 4.2846
5.0302 0.0016 102.9393 559.3269 240.5434 0.5942 3.8458
5.3760 0.0013 102.8392 564.8960 238.4072 0.5921 3.4236
5.5614 0.0009 102.7626 495.7532 239.6240 0.5912 3.1049
5.5835 0.0006 102.7062 368.9895 240.5058 0.5881 2.9020
5.4441 0.0005 102.6798 208.4421 239.9545 0.5832 2.8271
5.0273 0.0004 102.6786 46.4226 240.0142 0.5833 3.0823
4.4181 0.0003 102.7017 0.0000 240.5451 0.5870 3.6613
3.8761 0.0002 102.7274 0.0000 235.4422 0.5871 3.8225
3.4882 0.0001 102.7295 0.0000 232.5837 0.5838 3.8901
3.3271 0.0000 102.7026 0.0000 228.3515 0.5787 4.0879
3.3096 0.0000 102.6768 0.0000 226.4616 0.5750 4.3117
3.3730 0.0000 102.6605 0.0000 226.3309 0.5758 4.2341
3.3635 0.0000 102.6534 0.0000 226.6298 0.5787 3.8335
3.2341 0.0000 102.6397 0.0000 226.1995 0.5809 3.6518
3.0667 0.0000 102.6076 0.0000 225.8131 0.5824 3.8953
2.9029 0.0000 102.5581 0.0000 225.2799 0.5849 4.2524
2.7592 0.0000 102.5118 0.0000 224.9874 0.5895 4.2593
2.6264 0.0000 102.5133 0.0000 225.4675 0.5937 4.2806
2.6345 0.0000 102.5265 0.0000 227.2580 0.5977 4.2988
2.7786 0.0000 102.5247 0.1259 235.7312 0.6025 3.9455
3.0153 0.0000 102.4989 58.4104 243.2279 0.6093 3.6559
