-0.8718 0.0059 100.6311 174.8937 260.6528 0.5317 2.2841
0.9872 0.0009 100.6382 355.7520 246.4675 0.5487 2.5491
3.1895 0.0000 100.5957 532.8531 226.2146 0.5438 2.8703
5.2528 0.0000 100.4889 613.2835 228.0699 0.5086 2.5715
6.4208 0.0000 100.3683 618.3356 231.4189 0.5080 2.1117
7.1789 0.0000 100.2718 556.4334 233.3271 0.5152 1.8189
7.6154 0.0000 100.2034 430.6223 235.5380 0.5207 1.8293
7.6718 0.0000 100.1699 259.5672 236.7658 0.5251 2.0297
7.2633 0.0000 100.1654 76.9526 236.9794 0.5322 2.6408
6.4695 0.0000 100.1847 0.1279 235.9226 0.5377 3.6144
5.5539 0.0000 100.1988 0.0000 233.4764 0.5406 4.0706
4.6357 0.0000 100.1895 0.0000 231.9561 0.5429 4.2168
3.8720 0.0000 100.1748 0.0000 230.8685 0.5454 4.0753
3.3293 0.0000 100.1699 0.0000 230.4553 0.5490 3.6136
2.9316 0.0000 100.1751 0.0000 230.5635 0.5544 3.0756
2.4957 0.0000 100.1583 0.0000 230.8320 0.5598 2.6750
2.0247 0.0000 100.1370 0.0000 230.8073 0.5649 2.4433
1.5895 0.0000 100.1143 0.0000 232.2641 0.5698 2.3879
1.1673 0.0000 100.0717 0.0000 234.5336 0.5745 2.2432
0.7632 0.0002 100.0392 0.0000 249.6264 0.5770 2.0772
0.3994 0.0015 100.0462 0.0000 267.8429 0.5735 2.2243
0.2216 0.0031 100.0553 0.0000 267.8077 0.5700 2.3929
0.0921 0.0078 100.0492 0.0104 271.7113 0.5705 2.5599
0.0336 0.0052 100.0127 47.6215 262.1301 0.5739 2.9004
