1.2808 0.0043 103.0332 192.1706 262.7485 0.6112 4.6483
3.0102 0.0004 103.0478 371.1400 248.9277 0.6168 4.3658
4.8545 0.0000 102.9994 541.3649 229.2978 0.6025 3.8399
6.0734 0.0000 102.8955 600.6083 234.5814 0.5782 3.2740
6.9403 0.0000 102.7804 586.1764 240.0719 0.5618 2.7898
7.5251 0.0000 102.6823 516.7509 241.9408 0.5551 2.5393
7.8142 0.0000 102.6165 401.2652 239.2459 0.5546 2.4994
7.8032 0.0000 102.5859 232.8913 239.1245 0.5574 2.5165
7.5148 0.0000 102.5806 58.0955 239.1361 0.5654 2.8000
7.0451 0.0000 102.6046 0.0000 238.3442 0.5782 3.4317
6.5394 0.0000 102.6264 0.0000 237.0334 0.5920 3.9597
5.9833 0.0000 102.6182 0.0000 235.8273 0.6073 4.4829
5.4124 0.0000 102.6006 0.0000 234.6632 0.6247 4.9873
4.8708 0.0000 102.5757 0.0000 233.5740 0.6423 5.2942
4.4513 0.0000 102.5765 0.0000 232.8616 0.6539 5.1387
4.0169 0.0000 102.5646 0.0000 232.5379 0.6566 4.8560
3.5650 0.0000 102.5466 0.0000 231.5954 0.6533 4.7666
3.1942 0.0000 102.5297 0.0000 230.8899 0.6470 4.7103
2.8655 0.0001 102.4881 0.0000 231.5227 0.6397 4.6152
2.5677 0.0002 102.4435 0.0000 232.4995 0.6337 4.4685
2.3159 0.0001 102.4432 0.0000 232.8154 0.6312 4.4868
2.2622 0.0001 102.4765 0.0000 239.2468 0.6302 4.5765
2.3661 0.0000 102.4870 0.1926 254.3072 0.6298 4.3773
2.5466 0.0000 102.4559 53.0702 254.3601 0.6294 4.1942
