-2.3964 0.0001 102.5005 145.0509 242.7651 0.4740 4.2676
-0.5254 0.0000 102.5249 303.3497 229.2862 0.4928 3.7528
2.2599 0.0000 102.5035 449.3733 226.8316 0.4762 3.5562
4.2814 0.0000 102.4081 548.1154 226.0617 0.4446 3.0694
5.1307 0.0000 102.2817 566.9770 225.7327 0.4401 2.5233
5.7181 0.0000 102.1761 516.3494 226.2035 0.4408 2.2236
6.0858 0.0000 102.0939 404.4439 227.1248 0.4421 2.1359
6.1106 0.0000 102.0515 243.5746 228.9872 0.4448 2.2503
5.7919 0.0000 102.0398 73.7698 229.8853 0.4498 2.7599
5.2515 0.0000 102.0403 0.2797 229.6015 0.4536 3.6974
4.6098 0.0000 102.0426 0.0000 229.0688 0.4563 4.5873
3.9095 0.0000 102.0267 0.0000 228.5863 0.4604 5.2694
3.2258 0.0000 102.0132 0.0000 228.2241 0.4656 5.5057
2.6383 0.0000 102.0318 0.0000 228.1477 0.4717 5.3092
2.1565 0.0000 102.0387 0.0000 228.2497 0.4791 5.2993
1.6937 0.0000 102.0054 0.0000 228.5120 0.4870 5.3970
1.2562 0.0000 101.9938 0.0000 232.9248 0.4944 4.9680
0.9164 0.0000 101.9973 0.0000 241.3131 0.5016 4.6371
0.6630 0.0000 101.9779 0.0000 246.7274 0.5090 4.6652
0.4658 0.0000 101.9245 0.0000 254.3758 0.5180 4.9863
0.2958 0.0000 101.8669 0.0000 252.1435 0.5300 5.4305
0.1670 0.0000 101.8246 0.0000 250.3429 0.5449 5.7135
0.0229 0.0001 101.7879 0.0000 255.4589 0.5581 5.8244
-0.1936 0.0007 101.7587 24.9144 263.4160 0.5672 5.5822
