-1.5919 0.0035 102.6762 161.2932 256.8182 0.5153 3.3479
0.4229 0.0002 102.6877 319.6035 244.8247 0.5342 3.5953
3.2509 0.0000 102.6489 457.0671 238.3969 0.5193 3.9128
4.8996 0.0000 102.5458 559.2414 235.5449 0.4959 3.2958
5.9280 0.0000 102.4252 591.0152 231.5002 0.4928 2.6373
6.6497 0.0000 102.3190 542.2643 230.1685 0.4958 2.2703
7.1102 0.0000 102.2402 422.6218 231.7382 0.4974 2.1487
7.1840 0.0000 102.1984 255.6996 233.0169 0.5011 2.2835
6.8735 0.0000 102.1892 77.0255 233.5892 0.5093 2.8107
6.3531 0.0000 102.2009 0.1880 233.4557 0.5175 3.8386
5.7670 0.0000 102.2041 0.0000 233.3955 0.5245 4.7651
5.1025 0.0000 102.1815 0.0000 233.0619 0.5313 5.5382
4.3823 0.0000 102.1627 0.0000 232.5810 0.5374 5.8281
3.7396 0.0000 102.1760 0.0000 232.1700 0.5423 5.4954
3.2504 0.0000 102.1910 0.0000 232.0301 0.5458 5.1229
2.8047 0.0000 102.1637 0.0000 232.0498 0.5475 5.0864
2.3716 0.0000 102.1337 0.0000 232.0913 0.5492 4.9987
1.9757 0.0000 102.1253 0.0000 236.6748 0.5533 4.4651
1.6142 0.0000 102.1129 0.0000 244.4730 0.5589 3.8706
1.2745 0.0001 102.0804 0.0000 254.3640 0.5655 3.8117
0.9445 0.0005 102.0583 0.0000 259.8407 0.5741 4.1853
0.7274 0.0008 102.0340 0.0000 264.8938 0.5830 4.8248
0.5479 0.0014 102.0035 0.0000 272.3227 0.5884 5.3911
0.4951 0.0015 101.9580 32.3618 270.8559 0.5917 5.7413
