-1.6182 0.0031 102.8116 157.7789 257.5154 0.5151 3.5735
0.3990 0.0002 102.8257 314.9066 244.4486 0.5328 3.7840
3.1687 0.0000 102.7891 446.8674 239.6970 0.5189 4.0286
4.7604 0.0000 102.6861 554.6642 235.4389 0.4964 3.3438
5.7871 0.0000 102.5668 589.2637 230.6294 0.4919 2.6591
6.5126 0.0000 102.4584 540.4208 229.4448 0.4942 2.2757
6.9890 0.0000 102.3776 421.1247 231.1247 0.4950 2.1331
7.0864 0.0000 102.3352 254.6671 232.5325 0.4982 2.2557
6.8163 0.0000 102.3261 76.7639 233.3167 0.5061 2.7411
6.3562 0.0000 102.3351 0.1950 233.3803 0.5148 3.7497
5.8027 0.0000 102.3375 0.0000 233.4567 0.5226 4.7578
5.1382 0.0000 102.3162 0.0000 233.1206 0.5300 5.6314
4.3967 0.0000 102.2970 0.0000 232.6064 0.5366 5.9888
3.7207 0.0000 102.3116 0.0000 232.1737 0.5421 5.6835
3.1927 0.0000 102.3271 0.0000 231.9530 0.5457 5.3526
2.7138 0.0000 102.2989 0.0000 231.8468 0.5471 5.3817
2.2538 0.0000 102.2690 0.0000 231.7198 0.5478 5.2489
1.8428 0.0000 102.2657 0.0000 236.6734 0.5508 4.6199
1.4834 0.0000 102.2548 0.0000 245.3135 0.5559 4.0938
1.1613 0.0000 102.2188 0.0000 253.9053 0.5629 4.1702
0.8532 0.0000 102.1921 0.0000 258.0184 0.5739 4.5971
0.6463 0.0000 102.1648 0.0000 262.1956 0.5861 5.2140
0.4145 0.0003 102.1314 0.0000 270.8116 0.5929 5.7071
0.2931 0.0015 102.0873 29.1915 274.9830 0.5957 5.9289
