-2.1853 0.0003 102.8573 171.8275 241.5015 0.4904 3.8294
0.0830 0.0000 102.8718 350.3512 218.2345 0.5062 3.5016
2.9548 0.0000 102.8369 481.8567 222.5751 0.4690 3.1377
4.2445 0.0000 102.7414 555.1010 226.6207 0.4517 2.4913
5.0094 0.0000 102.6231 572.5376 225.2797 0.4535 2.0012
5.5441 0.0000 102.5210 517.1211 225.6970 0.4598 1.7452
5.8657 0.0000 102.4476 399.4974 226.5686 0.4636 1.7203
5.8452 0.0000 102.4052 236.9942 227.1976 0.4677 1.8584
5.4850 0.0000 102.3961 65.6439 228.1920 0.4728 2.3496
4.9343 0.0000 102.4063 0.0316 228.1935 0.4762 3.1645
4.3350 0.0000 102.4151 0.0000 227.6846 0.4786 3.8272
3.7380 0.0000 102.3954 0.0000 226.9803 0.4816 4.4357
3.1759 0.0000 102.3741 0.0000 226.3268 0.4858 4.8126
2.7071 0.0000 102.3724 0.0000 226.2651 0.4927 4.7307
2.3345 0.0000 102.3967 0.0000 226.7943 0.5037 4.4016
1.9546 0.0000 102.3776 0.0000 227.5274 0.5169 4.4999
1.5047 0.0000 102.3456 0.0000 227.8083 0.5314 4.6619
1.0280 0.0000 102.3430 0.0000 230.9399 0.5476 4.1331
0.6031 0.0000 102.3414 0.0000 239.0556 0.5633 3.7526
0.2265 0.0005 102.2933 0.0000 245.4470 0.5779 3.7718
-0.1514 0.0012 102.2501 0.0000 255.5139 0.5837 4.0653
-0.5395 0.0019 102.2080 0.0000 259.0217 0.5802 4.5305
-1.0485 0.0073 102.1810 0.0000 269.1103 0.5686 4.7665
-1.3641 0.0087 102.1447 26.0400 280.8219 0.5543 4.5862
