-1.5260 0.0002 97.8549 207.9473 234.2882 0.5031 3.5976
0.7512 0.0000 97.8656 415.8498 212.9984 0.5179 3.5957
3.6768 0.0000 97.8300 554.4126 217.3108 0.4942 3.6528
5.6446 0.0000 97.7430 631.7886 222.6527 0.4723 2.9540
6.6701 0.0000 97.6404 637.0338 226.5312 0.4808 2.1290
7.4208 0.0000 97.5547 573.9429 230.1747 0.4891 1.6230
7.8670 0.0000 97.4851 449.1994 232.9827 0.4965 1.6529
7.9165 0.0000 97.4587 278.4379 234.5270 0.5041 1.9435
7.4371 0.0000 97.4573 90.7984 234.9488 0.5147 2.5316
6.5493 0.0000 97.4697 0.5661 234.1034 0.5228 3.3716
5.6099 0.0000 97.4797 0.0000 233.3565 0.5276 3.7712
4.8015 0.0000 97.4679 0.0000 233.0168 0.5312 3.7711
4.1665 0.0000 97.4639 0.0000 232.7589 0.5344 3.4499
3.7093 0.0000 97.4660 0.0000 232.6414 0.5372 3.1704
3.3668 0.0000 97.4671 0.0000 234.7388 0.5395 3.0754
3.0103 0.0000 97.4475 0.0000 235.3233 0.5404 2.9859
2.6943 0.0000 97.4248 0.0000 240.3260 0.5396 3.0496
2.4426 0.0000 97.3911 0.0000 250.6604 0.5384 3.0382
2.2304 0.0000 97.3501 0.0000 260.7331 0.5370 2.6101
2.0653 0.0000 97.3294 0.0000 266.9859 0.5360 1.9694
1.9651 0.0000 97.3167 0.0000 261.4523 0.5350 1.8920
1.9930 0.0000 97.3087 0.0000 265.1744 0.5349 2.2414
2.0679 0.0000 97.2819 0.0000 256.2104 0.5353 2.9702
2.0970 0.0000 97.2472 46.2898 255.1679 0.5358 3.6915
