-0.1766 0.0010 99.4499 155.7937 244.4974 0.5353 5.6382
1.8257 0.0001 99.4847 332.3956 234.9855 0.5377 5.2319
4.1311 0.0000 99.4678 483.5595 233.1502 0.5374 4.2975
6.2791 0.0000 99.3961 574.6297 235.5015 0.5099 3.0545
7.7484 0.0000 99.2800 594.1391 239.7403 0.4958 2.7779
8.6545 0.0000 99.1630 546.4743 242.8501 0.4999 2.7686
9.2249 0.0000 99.0778 430.1188 245.4892 0.5072 2.7331
9.3763 0.0000 99.0277 275.3019 246.4129 0.5162 2.7064
9.0067 0.0000 99.0093 102.6380 246.3984 0.5271 2.8777
8.1004 0.0000 99.0178 3.3332 245.6925 0.5378 3.4512
6.9943 0.0000 99.0610 0.0000 244.9643 0.5442 3.7054
6.0172 0.0000 99.0902 0.0000 245.1449 0.5481 3.5296
5.2810 0.0000 99.1060 0.0000 255.7634 0.5492 3.4802
4.7563 0.0000 99.1184 0.0000 263.8887 0.5498 3.3616
4.3744 0.0000 99.1093 0.0000 267.5269 0.5493 3.3654
4.1170 0.0000 99.0789 0.0000 271.9346 0.5471 3.4198
4.0001 0.0000 99.0539 0.0000 274.5768 0.5437 3.3648
3.9996 0.0000 99.0275 0.0000 279.3319 0.5400 3.2072
4.0837 0.0000 98.9869 0.0000 282.9389 0.5371 3.0789
4.1581 0.0000 98.9355 0.0000 285.6141 0.5360 2.9861
4.1870 0.0000 98.8718 0.0000 287.6090 0.5358 3.2468
4.1430 0.0000 98.8021 0.0000 288.2592 0.5380 4.1436
3.9791 0.0000 98.8221 0.0000 284.2392 0.5422 3.6808
3.7947 0.0001 98.8777 20.1267 274.9966 0.5457 2.8262
