-1.1916 0.0014 101.7641 108.5211 267.3207 0.5240 3.7831
0.4087 0.0000 101.7889 282.4763 238.2734 0.5256 4.0444
2.5030 0.0000 101.7612 449.0412 229.9607 0.5180 4.1857
4.5045 0.0000 101.6706 545.4323 231.1991 0.4982 4.0386
5.5828 0.0000 101.5456 570.7072 232.0132 0.4929 3.4802
6.3580 0.0000 101.4306 522.8180 234.7893 0.4893 3.1423
6.7794 0.0000 101.3422 409.8930 237.9624 0.4884 3.0416
6.8263 0.0000 101.3012 255.3031 239.2682 0.4888 3.1135
6.4449 0.0000 101.2885 87.5217 239.2029 0.4941 3.5340
5.8051 0.0000 101.2890 1.5102 237.7918 0.4982 4.3197
5.1907 0.0000 101.2960 0.0000 235.9997 0.4961 4.6181
4.6484 0.0000 101.2972 0.0000 234.4092 0.4949 4.3416
4.1737 0.0000 101.3051 0.0000 233.6295 0.4953 3.8786
3.7506 0.0000 101.3023 0.0000 234.1951 0.4968 3.6881
3.3409 0.0000 101.2875 0.0000 238.2436 0.5004 3.5575
2.9815 0.0000 101.2676 0.0000 247.6867 0.5055 3.1383
2.6995 0.0000 101.2443 0.0000 256.4839 0.5113 2.7991
2.4551 0.0000 101.2345 0.0000 262.2266 0.5180 2.5673
2.1967 0.0000 101.2056 0.0000 266.1745 0.5252 2.6047
1.9070 0.0000 101.1541 0.0000 271.6311 0.5327 2.9503
1.6285 0.0000 101.1068 0.0000 276.4174 0.5404 3.2750
1.4071 0.0000 101.0618 0.0000 279.1888 0.5475 3.7716
1.1995 0.0000 101.0206 0.0000 279.4557 0.5541 4.3013
1.1443 0.0006 101.0488 17.4857 276.6772 0.5603 3.9315
