-1.1986 0.0002 98.8616 195.4203 238.2941 0.5150 3.8886
1.1007 0.0000 98.8707 407.4477 214.6573 0.5259 3.8201
3.9920 0.0000 98.8350 548.5381 218.3822 0.5000 3.8391
5.9672 0.0000 98.7476 626.6053 223.8849 0.4754 3.1800
7.0307 0.0000 98.6423 633.6776 227.8304 0.4774 2.4869
7.7233 0.0000 98.5527 572.2821 231.2492 0.4851 2.2179
8.0836 0.0000 98.4820 447.3258 234.3926 0.4934 2.3995
8.0397 0.0000 98.4556 278.0043 235.7849 0.5017 2.7052
7.4677 0.0000 98.4516 91.7228 236.4628 0.5152 3.3055
6.4915 0.0000 98.4655 0.7432 235.9394 0.5249 4.1049
5.5150 0.0000 98.4717 0.0000 235.1961 0.5290 4.3621
4.7227 0.0000 98.4621 0.0000 234.5668 0.5325 4.1730
4.1441 0.0000 98.4576 0.0000 234.0832 0.5360 3.6742
3.7535 0.0000 98.4570 0.0000 234.5111 0.5390 3.2812
3.4854 0.0000 98.4553 0.0000 236.8458 0.5417 3.0766
3.2420 0.0000 98.4325 0.0000 240.1164 0.5434 2.9368
3.0427 0.0000 98.4060 0.0000 246.7302 0.5440 2.9266
2.8840 0.0000 98.3751 0.0000 254.7521 0.5443 2.7879
2.7086 0.0000 98.3433 0.0000 264.3746 0.5443 2.2860
2.5258 0.0000 98.3215 0.0000 267.2423 0.5439 1.8121
2.3856 0.0000 98.3022 0.0000 266.0315 0.5433 1.9010
2.3980 0.0000 98.2915 0.0000 268.1402 0.5435 2.3206
2.5158 0.0000 98.2581 0.0000 258.1471 0.5440 3.0862
2.6519 0.0000 98.2241 41.4644 260.6843 0.5448 3.6242
