1.5026 0.0000 101.9308 157.3889 254.8284 0.6193 6.2185
3.0920 0.0000 101.9651 347.1025 237.9990 0.6184 6.0050
5.1680 0.0000 101.9455 493.5684 238.9161 0.6034 5.6694
7.0499 0.0000 101.8703 583.4846 241.8296 0.5632 5.1227
8.3231 0.0000 101.7519 603.6759 244.9241 0.5341 4.5591
9.1763 0.0000 101.6308 557.3434 246.9342 0.5232 4.2787
9.6483 0.0000 101.5452 439.4237 249.0176 0.5223 4.2138
9.7734 0.0000 101.4906 283.3334 249.8609 0.5243 4.3442
9.4344 0.0000 101.4740 108.0214 250.6297 0.5364 4.4256
8.6679 0.0000 101.4881 4.1170 251.2840 0.5512 4.6082
7.7588 0.0000 101.5342 0.0000 251.8342 0.5617 4.7217
6.8591 0.0000 101.5487 0.0000 259.0636 0.5734 4.9716
6.0707 0.0000 101.5696 0.0000 270.4214 0.5862 4.7259
5.4593 0.0000 101.5866 0.0000 275.4136 0.5969 4.3644
4.9564 0.0000 101.5672 0.0000 278.0881 0.6037 4.5853
4.5366 0.0000 101.5313 0.0000 281.2670 0.6064 4.9895
4.2518 0.0000 101.5094 0.0000 284.6715 0.6058 5.0247
4.1001 0.0000 101.4794 0.0000 286.7680 0.6033 5.0317
4.0344 0.0000 101.4349 0.0000 288.5985 0.6014 4.9938
3.9919 0.0000 101.3871 0.0000 288.8366 0.6011 4.8485
3.9314 0.0000 101.3270 0.0000 287.6172 0.6012 5.0799
3.8023 0.0000 101.2675 0.0000 277.0979 0.6050 5.3786
3.5908 0.0000 101.3034 0.0000 254.0856 0.6145 4.1042
3.3895 0.0000 101.3429 28.4614 260.0047 0.6223 3.2085
