-0.9730 0.0007 102.8148 127.2552 262.6340 0.5286 4.5837
0.7343 0.0000 102.8369 286.8329 244.1194 0.5365 4.5080
2.8339 0.0000 102.8047 445.8789 236.1863 0.5231 4.5329
4.5862 0.0000 102.7089 561.7747 230.7195 0.4952 4.0897
5.6222 0.0000 102.5905 590.3924 228.6697 0.4875 3.4633
6.3652 0.0000 102.4777 538.3196 229.7366 0.4861 3.0640
6.7934 0.0000 102.3932 420.8398 232.0250 0.4862 2.9319
6.9343 0.0000 102.3473 258.0986 234.2028 0.4855 2.9928
6.6983 0.0000 102.3347 82.7763 235.5564 0.4907 3.3202
6.2660 0.0000 102.3352 0.6324 235.8677 0.4954 4.0925
5.7793 0.0000 102.3372 0.0000 235.9072 0.4985 4.8747
5.2284 0.0000 102.3211 0.0000 235.6577 0.5061 5.3450
4.6525 0.0000 102.3170 0.0000 235.1219 0.5182 5.2372
4.0945 0.0000 102.3344 0.0000 234.5525 0.5313 4.9638
3.5408 0.0000 102.3273 0.0000 234.0821 0.5436 5.1857
2.9509 0.0000 102.2962 0.0000 234.7177 0.5542 5.2631
2.4033 0.0000 102.2774 0.0000 242.3268 0.5620 4.8390
1.9707 0.0000 102.2773 0.0000 251.5838 0.5672 4.5195
1.6246 0.0000 102.2558 0.0000 257.6538 0.5700 4.6626
1.3257 0.0000 102.2123 0.0000 260.7900 0.5708 5.1039
1.0752 0.0000 102.1697 0.0000 265.7346 0.5710 5.6143
0.9436 0.0000 102.1347 0.0000 270.3583 0.5730 5.8529
0.8934 0.0000 102.0961 0.0000 273.0543 0.5776 6.0840
0.8560 0.0000 102.0694 25.5759 269.4519 0.5845 5.6824
