-1.9019 0.0013 102.8690 165.6878 248.6017 0.5032 3.8973
0.2022 0.0000 102.8891 346.2702 226.9012 0.5239 3.8697
3.1181 0.0000 102.8537 456.9234 234.1385 0.5027 3.8432
4.5499 0.0000 102.7560 543.9202 234.7852 0.4831 3.0971
5.4375 0.0000 102.6373 584.4060 227.5532 0.4816 2.4348
6.0917 0.0000 102.5280 531.8282 227.4242 0.4857 2.0853
6.5265 0.0000 102.4465 412.2398 229.2538 0.4875 1.9647
6.5888 0.0000 102.4041 246.2755 230.8574 0.4915 2.0669
6.3036 0.0000 102.3950 71.8127 231.8212 0.4991 2.5278
5.8284 0.0000 102.4083 0.1170 231.9715 0.5073 3.4901
5.2461 0.0000 102.4107 0.0000 231.8946 0.5143 4.4886
4.5797 0.0000 102.3903 0.0000 231.3311 0.5205 5.3624
3.9088 0.0000 102.3702 0.0000 230.6458 0.5257 5.7831
3.3386 0.0000 102.3796 0.0000 230.2453 0.5308 5.5443
2.9112 0.0000 102.4013 0.0000 230.3078 0.5361 5.1675
2.5156 0.0000 102.3678 0.0000 230.5524 0.5408 5.2796
2.0801 0.0000 102.3329 0.0000 230.4872 0.5462 5.2294
1.6053 0.0000 102.3367 0.0000 234.0509 0.5553 4.5492
1.1576 0.0000 102.3319 0.0000 242.5484 0.5663 4.1283
0.7870 0.0000 102.2950 0.0000 250.5495 0.5789 4.2828
0.4427 0.0000 102.2556 0.0000 255.4228 0.5903 4.6732
0.0885 0.0006 102.2220 0.0000 267.8761 0.5935 5.2012
-0.3064 0.0035 102.1875 0.0000 278.0242 0.5891 5.5201
-0.4615 0.0042 102.1445 24.0516 286.2337 0.5845 5.4160
