-0.9889 0.0003 98.6683 187.7683 247.6499 0.5281 4.1656
1.3270 0.0000 98.6806 410.9820 214.7672 0.5440 4.0057
4.2428 0.0000 98.6449 550.5713 219.3190 0.5263 3.9242
6.2612 0.0000 98.5629 627.5238 225.6678 0.5020 3.2187
7.4379 0.0000 98.4586 635.0470 229.9382 0.4952 2.4595
8.1911 0.0000 98.3665 574.6017 233.4170 0.4977 2.1750
8.5726 0.0000 98.2935 446.8956 237.9048 0.5040 2.3564
8.5597 0.0000 98.2671 279.8026 238.7582 0.5107 2.6406
8.0537 0.0000 98.2640 94.2684 239.5705 0.5222 3.1597
7.1765 0.0000 98.2748 0.9928 239.3317 0.5299 3.8571
6.2537 0.0000 98.2784 0.0000 238.5359 0.5330 4.1238
5.4369 0.0000 98.2733 0.0000 237.4668 0.5365 3.8870
4.8141 0.0000 98.2742 0.0000 236.5409 0.5402 3.3810
4.3633 0.0000 98.2733 0.0000 238.0014 0.5435 3.0535
4.0203 0.0000 98.2726 0.0000 241.2167 0.5467 2.8051
3.7259 0.0000 98.2562 0.0000 245.7444 0.5492 2.6694
3.4847 0.0000 98.2271 0.0000 254.3246 0.5507 2.6952
3.2900 0.0000 98.1952 0.0000 262.7725 0.5517 2.6419
3.0847 0.0000 98.1666 0.0000 269.9192 0.5519 2.2738
2.8823 0.0000 98.1413 0.0000 269.8487 0.5512 2.0032
2.7157 0.0000 98.1205 0.0000 269.5453 0.5497 2.3153
2.6817 0.0000 98.1094 0.0000 269.6387 0.5490 2.7136
2.7319 0.0000 98.0744 0.0000 262.7002 0.5489 3.3931
2.7909 0.0000 98.0494 36.2409 269.5318 0.5499 3.6579
