-2.1170 0.0024 102.7654 167.0597 255.2855 0.5013 2.6006
0.3747 0.0002 102.7723 370.3033 228.0854 0.5331 2.9547
3.3250 0.0000 102.7314 488.7376 230.2656 0.5243 3.2751
4.6751 0.0000 102.6333 544.8720 238.3752 0.5102 2.7181
5.5185 0.0000 102.5174 581.4149 231.4189 0.5081 2.1582
6.1522 0.0000 102.4167 528.2764 230.7320 0.5092 1.8417
6.5546 0.0000 102.3380 410.4007 230.7392 0.5089 1.7193
6.5778 0.0000 102.3009 243.5807 231.5469 0.5106 1.7614
6.2396 0.0000 102.2918 67.9932 231.5609 0.5150 2.1637
5.7085 0.0000 102.3085 0.0250 230.9386 0.5191 2.9740
5.1584 0.0000 102.3188 0.0000 230.3978 0.5219 3.7492
4.6082 0.0000 102.2986 0.0000 229.7651 0.5255 4.4691
4.1023 0.0000 102.2701 0.0000 229.2015 0.5308 4.9259
3.6758 0.0000 102.2725 0.0000 228.9168 0.5397 4.8473
3.2923 0.0000 102.2898 0.0000 229.0648 0.5524 4.4188
2.8301 0.0000 102.2729 0.0000 229.4466 0.5667 4.2606
2.2798 0.0000 102.2409 0.0000 229.3467 0.5837 4.4756
1.6846 0.0000 102.2246 0.0000 229.2247 0.6028 4.3424
1.1050 0.0001 102.2166 0.0000 236.7573 0.6169 3.6953
0.5129 0.0023 102.1964 0.0000 257.8896 0.6190 3.5249
-0.1076 0.0102 102.1750 0.0000 281.2714 0.6086 3.7647
-0.4988 0.0098 102.1541 0.0000 292.3011 0.5950 4.0499
-0.6052 0.0093 102.1332 0.0000 295.3991 0.5888 4.3894
-0.4222 0.0038 102.0905 26.8883 290.4926 0.5922 4.5984
