-0.1126 0.0013 101.5892 161.4307 253.2128 0.5615 5.6608
1.7141 0.0001 101.6102 373.4229 220.8932 0.5685 5.2984
4.1993 0.0000 101.5771 516.1202 224.1255 0.5513 5.3571
6.1713 0.0000 101.4883 596.8206 230.8359 0.5116 5.0802
7.2449 0.0000 101.3781 609.0049 235.4923 0.4974 4.6819
7.9362 0.0000 101.2729 554.0546 239.2044 0.4944 4.6192
8.2446 0.0000 101.1944 433.2920 242.4925 0.4981 4.7278
8.1850 0.0000 101.1538 272.8904 243.9959 0.5034 4.9592
7.5968 0.0000 101.1392 96.8847 243.9453 0.5217 5.4212
6.5973 0.0000 101.1477 1.9998 241.8067 0.5380 6.3592
5.6907 0.0000 101.1591 0.0000 239.1981 0.5423 6.7257
4.9928 0.0000 101.1726 0.0000 237.1599 0.5460 6.2022
4.4663 0.0000 101.1754 0.0000 237.3767 0.5478 5.7825
4.0461 0.0000 101.1824 0.0000 246.6219 0.5489 5.3375
3.7140 0.0000 101.1702 0.0000 254.0890 0.5499 4.8160
3.4336 0.0000 101.1425 0.0000 260.9591 0.5501 4.4887
3.2040 0.0000 101.1176 0.0000 267.2649 0.5496 4.3244
2.9984 0.0000 101.0932 0.0000 271.6194 0.5500 4.3078
2.7698 0.0000 101.0622 0.0000 274.6280 0.5513 4.4506
2.4822 0.0000 101.0155 0.0000 278.8928 0.5541 4.7334
2.1794 0.0000 100.9796 0.0000 280.5211 0.5582 4.8860
1.9655 0.0000 100.9396 0.0000 280.7888 0.5640 5.0786
1.9244 0.0000 100.9021 0.0000 279.6801 0.5709 5.0524
2.0129 0.0000 100.9291 25.8864 271.5706 0.5767 3.9638
