-0.3410 0.0068 103.0790 167.2874 261.3480 0.5656 3.5055
1.7372 0.0017 103.0935 321.0976 258.5911 0.5836 3.5051
3.8725 0.0001 103.0490 519.3766 226.2163 0.5756 3.1394
5.0316 0.0001 102.9456 585.7646 230.1667 0.5691 2.6007
5.8395 0.0001 102.8272 584.0894 232.1861 0.5688 2.1424
6.4230 0.0000 102.7339 510.0396 235.9519 0.5689 1.7844
6.7138 0.0000 102.6676 385.7110 237.1569 0.5712 1.5857
6.6812 0.0000 102.6331 221.2716 238.0121 0.5743 1.5257
6.3829 0.0000 102.6319 53.3613 237.0601 0.5780 1.8042
5.9352 0.0002 102.6494 0.0000 245.1155 0.5868 2.6050
5.3664 0.0003 102.6747 0.0000 251.2484 0.6003 3.3935
4.6699 0.0002 102.6693 0.0000 248.7154 0.6137 4.2050
3.8539 0.0001 102.6487 0.0000 240.4498 0.6234 5.0535
3.0519 0.0000 102.6309 0.0000 230.7711 0.6258 5.7133
2.4659 0.0000 102.6323 0.0000 228.7663 0.6226 5.7126
2.0755 0.0000 102.6364 0.0000 227.4781 0.6145 5.1609
1.7974 0.0000 102.6211 0.0000 226.4017 0.6048 4.8121
1.6392 0.0000 102.5883 0.0000 225.7340 0.5966 4.9091
1.5374 0.0000 102.5469 0.0000 225.7435 0.5917 4.7668
1.3959 0.0001 102.5256 0.0000 226.2037 0.5894 4.1645
1.2094 0.0001 102.5223 0.0000 227.4106 0.5865 4.0475
1.1975 0.0000 102.5200 0.0000 236.7580 0.5839 3.9883
1.3515 0.0000 102.5027 0.0168 243.4765 0.5834 3.8654
1.5883 0.0000 102.4674 42.8106 254.4604 0.5860 3.9355
