-1.7459 0.0028 102.8433 171.5070 258.4265 0.5168 2.6359
0.4211 0.0003 102.8542 364.3316 236.5604 0.5474 2.8139
3.2251 0.0000 102.8150 500.4999 230.9063 0.5435 3.0714
4.5814 0.0000 102.7144 552.3588 239.1658 0.5262 2.5414
5.3964 0.0000 102.5999 572.7242 236.2452 0.5201 1.9795
6.0178 0.0000 102.5029 526.9616 232.9055 0.5177 1.6679
6.3999 0.0000 102.4264 409.8165 232.1453 0.5162 1.5527
6.4659 0.0000 102.3877 242.6436 232.7382 0.5157 1.5789
6.1936 0.0000 102.3786 66.8136 232.6165 0.5191 1.9089
5.7505 0.0000 102.3951 0.0189 231.8191 0.5234 2.6014
5.3082 0.0000 102.4055 0.0000 231.1922 0.5274 3.2824
4.8767 0.0000 102.3851 0.0000 230.7005 0.5333 3.9799
4.4639 0.0000 102.3570 0.0000 230.5136 0.5430 4.5185
4.0408 0.0000 102.3505 0.0000 230.5496 0.5583 4.6342
3.6013 0.0000 102.3667 0.0000 230.8469 0.5775 4.3773
3.0657 0.0000 102.3509 0.0000 231.1674 0.5955 4.2538
2.4626 0.0000 102.3254 0.0000 230.8760 0.6109 4.4319
1.8662 0.0000 102.3027 0.0000 230.5837 0.6244 4.4553
1.2908 0.0001 102.2874 0.0000 237.9805 0.6317 3.9020
0.7064 0.0011 102.2664 0.0000 258.3809 0.6280 3.5028
0.1541 0.0058 102.2564 0.0000 277.6720 0.6163 3.6225
-0.1698 0.0066 102.2510 0.0000 288.8088 0.6046 3.8045
-0.2098 0.0063 102.2290 0.0008 290.5500 0.6005 4.0461
0.0196 0.0019 102.1901 31.9537 284.0777 0.6052 4.2823
