-0.5884 0.0005 99.5976 172.3948 254.8453 0.5498 4.8460
1.5573 0.0000 99.6182 398.1147 216.4507 0.5684 4.3890
4.4104 0.0000 99.5903 537.7221 221.3846 0.5532 4.2405
6.6040 0.0000 99.5059 616.5979 228.4412 0.5116 3.7114
7.7903 0.0000 99.4005 626.1586 233.5883 0.5023 3.3222
8.5191 0.0000 99.3008 568.3774 238.0474 0.5029 3.4495
8.7983 0.0000 99.2322 443.5252 241.8821 0.5083 3.7513
8.6728 0.0000 99.1967 278.9941 243.9038 0.5126 4.0601
8.0152 0.0000 99.1873 98.6935 244.1519 0.5262 4.5328
6.9366 0.0000 99.1958 1.7999 242.1867 0.5367 5.2721
5.8207 0.0000 99.2119 0.0000 239.4442 0.5392 5.5063
4.8900 0.0000 99.2149 0.0000 237.0061 0.5413 5.0335
4.2148 0.0000 99.2177 0.0000 236.0423 0.5415 4.6276
3.7317 0.0000 99.2246 0.0000 244.6942 0.5415 4.2902
3.3923 0.0000 99.2176 0.0000 249.5827 0.5418 3.8540
3.1625 0.0000 99.1947 0.0000 259.5257 0.5418 3.6192
3.0337 0.0000 99.1647 0.0000 266.2028 0.5430 3.4492
2.9550 0.0000 99.1358 0.0000 271.5433 0.5454 3.3399
2.8576 0.0000 99.1099 0.0000 274.7823 0.5484 3.2538
2.7405 0.0000 99.0691 0.0000 277.1098 0.5512 3.5272
2.5722 0.0000 99.0380 0.0000 279.2090 0.5540 3.7809
2.5194 0.0000 99.0130 0.0000 277.4904 0.5576 4.1341
2.6013 0.0000 98.9748 0.0000 277.3393 0.5616 4.5055
2.7326 0.0000 98.9854 33.3928 266.9112 0.5652 3.7704
