-1.3724 0.0018 100.4270 188.0501 240.1399 0.5119 3.3878
0.6634 0.0001 100.4338 359.6647 231.5093 0.5248 3.5451
3.4999 0.0000 100.3944 514.1301 226.2325 0.4979 3.7880
5.4135 0.0000 100.2954 605.2797 227.0592 0.4719 3.2450
6.4434 0.0000 100.1813 617.2656 229.1475 0.4778 2.5877
7.1319 0.0000 100.0879 561.4109 230.3322 0.4877 2.2852
7.5389 0.0000 100.0184 438.9148 232.4663 0.4945 2.3612
7.5313 0.0000 99.9843 269.8229 233.7465 0.5007 2.6325
7.0066 0.0000 99.9791 85.4367 233.9934 0.5127 3.2882
6.1369 0.0000 99.9952 0.3826 233.2912 0.5215 4.2314
5.3207 0.0000 100.0015 0.0000 232.8868 0.5264 4.6337
4.6474 0.0000 99.9778 0.0000 232.9127 0.5320 4.7840
4.0595 0.0000 99.9658 0.0000 232.9002 0.5375 4.6028
3.6060 0.0000 99.9717 0.0000 232.8818 0.5417 4.2140
3.3026 0.0000 99.9763 0.0000 233.1596 0.5446 4.0194
3.0060 0.0000 99.9484 0.0000 234.7616 0.5454 3.9664
2.7470 0.0000 99.9222 0.0000 237.4758 0.5454 3.9887
2.5323 0.0000 99.8963 0.0000 243.7456 0.5457 3.7535
2.3186 0.0000 99.8707 0.0000 253.3662 0.5459 3.0626
2.1019 0.0000 99.8461 0.0000 262.2095 0.5462 2.4894
1.9241 0.0000 99.8332 0.0000 261.3945 0.5468 2.4562
1.8993 0.0000 99.8174 0.0000 264.8013 0.5485 3.0298
1.9998 0.0000 99.7904 0.0000 260.0462 0.5517 3.8985
2.1231 0.0000 99.7438 47.1200 246.8407 0.5547 4.7357
