2.4551 0.0060 103.0550 186.8595 259.2472 0.6052 4.8344
3.5270 0.0024 103.0751 328.5136 258.0006 0.5937 4.4741
4.4642 0.0011 103.0376 503.5326 234.4666 0.5920 4.0383
5.1623 0.0006 102.9350 581.9225 232.6381 0.5898 3.5704
5.6779 0.0005 102.8285 584.4699 232.0443 0.5886 3.1333
6.0008 0.0002 102.7471 511.5801 234.3947 0.5882 2.8060
6.1059 0.0001 102.6879 382.5646 235.5336 0.5869 2.6176
5.9878 0.0001 102.6590 217.6745 235.3234 0.5843 2.5670
5.5624 0.0001 102.6579 49.6993 235.3888 0.5860 2.8759
4.9257 0.0002 102.6809 0.0000 239.2156 0.5922 3.5830
4.3070 0.0002 102.7071 0.0000 238.1337 0.5964 3.9315
3.7892 0.0001 102.7089 0.0000 235.9089 0.5967 4.1878
3.4411 0.0001 102.6821 0.0000 230.4622 0.5943 4.5375
3.2282 0.0000 102.6587 0.0000 226.9032 0.5909 4.8467
3.1414 0.0000 102.6473 0.0000 226.1822 0.5892 4.7430
3.0449 0.0000 102.6443 0.0000 226.0801 0.5884 4.2756
2.8742 0.0000 102.6299 0.0000 225.4562 0.5870 4.0656
2.6900 0.0000 102.5969 0.0000 224.9876 0.5860 4.2755
2.5168 0.0000 102.5490 0.0000 224.4911 0.5866 4.5029
2.3531 0.0000 102.5094 0.0000 224.2851 0.5894 4.3482
2.1864 0.0000 102.5110 0.0000 224.7517 0.5921 4.3479
2.1720 0.0000 102.5216 0.0000 228.1144 0.5947 4.3617
2.3125 0.0000 102.5170 0.0967 236.3968 0.5984 4.0488
2.5585 0.0000 102.4880 52.1683 247.3436 0.6044 3.8282
