-1.6144 0.0060 102.4296 162.1306 261.5089 0.5147 2.5000
0.3385 0.0004 102.4367 331.5449 249.0548 0.5384 2.8539
3.3144 0.0000 102.3936 474.8213 236.8666 0.5267 3.4122
5.1100 0.0000 102.2877 561.8147 238.5521 0.5000 2.9591
6.1203 0.0000 102.1678 588.0651 235.2208 0.5000 2.3889
6.8414 0.0000 102.0659 543.5688 231.8579 0.5040 2.0502
7.2706 0.0000 101.9903 422.7056 233.3576 0.5070 1.9574
7.3000 0.0000 101.9496 254.5601 234.3333 0.5106 2.0950
6.9133 0.0000 101.9405 75.1301 234.3803 0.5176 2.7245
6.2234 0.0000 101.9564 0.1162 233.5582 0.5233 3.8570
5.4642 0.0000 101.9648 0.0000 232.6919 0.5264 4.6594
4.7172 0.0000 101.9430 0.0000 231.8161 0.5292 5.1997
4.0592 0.0000 101.9222 0.0000 231.0935 0.5315 5.3498
3.5475 0.0000 101.9304 0.0000 230.7183 0.5342 4.9616
3.1682 0.0000 101.9463 0.0000 230.8770 0.5381 4.4496
2.7908 0.0000 101.9201 0.0000 231.1998 0.5423 4.1840
2.3866 0.0000 101.8941 0.0000 231.4074 0.5482 4.1131
1.9847 0.0000 101.8731 0.0000 233.4917 0.5574 3.8660
1.5718 0.0000 101.8535 0.0000 238.2361 0.5680 3.2422
1.1515 0.0002 101.8304 0.0000 247.6005 0.5782 2.8984
0.7337 0.0015 101.8198 0.0000 262.9489 0.5862 3.1117
0.4094 0.0042 101.8078 0.0000 274.2843 0.5902 3.7013
0.1745 0.0088 101.7828 0.0000 279.5539 0.5913 4.3991
0.1379 0.0035 101.7381 35.3624 274.5754 0.5937 4.9796
