-2.1495 0.0001 102.5381 133.8586 246.3313 0.4805 4.3940
-0.3738 0.0000 102.5625 295.6000 232.5383 0.4971 3.9805
2.3216 0.0000 102.5418 453.4468 226.2609 0.4889 3.8788
4.4280 0.0000 102.4464 550.7903 226.3556 0.4612 3.4580
5.3475 0.0000 102.3200 573.7189 225.7005 0.4548 2.8378
5.9859 0.0000 102.2111 522.7275 227.0728 0.4531 2.4680
6.3894 0.0000 102.1251 407.3851 229.5357 0.4528 2.3282
6.4538 0.0000 102.0827 247.7170 231.4672 0.4543 2.4263
6.1801 0.0000 102.0671 77.6787 232.3197 0.4589 2.8807
5.6792 0.0000 102.0676 0.4707 232.1857 0.4629 3.7784
5.0485 0.0000 102.0700 0.0000 231.8288 0.4655 4.6987
4.3390 0.0000 102.0547 0.0000 231.4040 0.4694 5.3430
3.6550 0.0000 102.0482 0.0000 230.7897 0.4748 5.4453
3.0636 0.0000 102.0700 0.0000 230.3733 0.4816 5.2483
2.5502 0.0000 102.0629 0.0000 230.1492 0.4895 5.4358
2.0250 0.0000 102.0335 0.0000 230.5164 0.4982 5.4746
1.5338 0.0000 102.0256 0.0000 238.0368 0.5068 4.9898
1.1471 0.0000 102.0253 0.0000 245.9399 0.5142 4.8229
0.8492 0.0000 102.0059 0.0000 251.7962 0.5203 4.9316
0.6285 0.0000 101.9480 0.0000 256.7980 0.5259 5.3266
0.4589 0.0000 101.8936 0.0000 255.0361 0.5322 5.7631
0.3739 0.0000 101.8508 0.0000 259.8696 0.5407 5.9640
0.3282 0.0000 101.8108 0.0000 265.6757 0.5508 6.0640
0.2611 0.0001 101.7931 21.8580 268.7895 0.5625 5.7115
