-2.2903 0.0002 102.7693 168.7759 238.8100 0.4834 3.9003
-0.1252 0.0000 102.7855 338.8142 219.6235 0.4982 3.4658
2.7271 0.0000 102.7536 473.2138 222.6192 0.4598 3.0826
4.1559 0.0000 102.6584 551.8510 225.7387 0.4381 2.4789
4.9165 0.0000 102.5388 567.3970 225.0625 0.4392 2.0207
5.4358 0.0000 102.4375 511.5386 225.7810 0.4450 1.7848
5.7431 0.0000 102.3626 397.2443 226.0737 0.4488 1.7746
5.7166 0.0000 102.3208 236.8497 226.5267 0.4527 1.9203
5.3466 0.0000 102.3115 66.4734 227.5615 0.4575 2.4334
4.7755 0.0000 102.3179 0.0543 227.4653 0.4601 3.2598
4.1543 0.0000 102.3267 0.0000 226.7794 0.4617 3.9107
3.5386 0.0000 102.3078 0.0000 225.9864 0.4638 4.4828
2.9676 0.0000 102.2868 0.0000 225.4310 0.4671 4.8063
2.5066 0.0000 102.2882 0.0000 225.5530 0.4728 4.6880
2.1494 0.0000 102.3112 0.0000 226.1995 0.4823 4.4004
1.7908 0.0000 102.2888 0.0000 226.9983 0.4941 4.5102
1.3758 0.0000 102.2624 0.0000 227.7449 0.5080 4.5593
0.9611 0.0000 102.2621 0.0000 232.4752 0.5240 4.0568
0.6040 0.0000 102.2554 0.0000 239.7978 0.5402 3.8112
0.2935 0.0000 102.2028 0.0000 245.0004 0.5573 3.9123
-0.0198 0.0000 102.1547 0.0000 252.0897 0.5682 4.2724
-0.3559 0.0008 102.1108 0.0000 251.7508 0.5717 4.7294
-0.8231 0.0054 102.0836 0.0000 261.1662 0.5665 4.9253
-1.1855 0.0072 102.0490 26.4172 274.2480 0.5560 4.7235
