-0.8234 0.0005 98.8003 176.2426 255.3787 0.5426 4.6086
1.4054 0.0000 98.8207 405.5408 215.1016 0.5646 4.1827
4.2930 0.0000 98.7915 544.4811 220.2727 0.5521 3.9736
6.4895 0.0000 98.7109 622.4523 227.2983 0.5156 3.3188
7.7208 0.0000 98.6078 630.9791 232.5297 0.5087 2.8166
8.4993 0.0000 98.5085 572.0632 237.1696 0.5103 2.8849
8.8297 0.0000 98.4411 446.0491 241.4755 0.5157 3.1953
8.7479 0.0000 98.4083 280.5836 243.3560 0.5192 3.5129
8.1586 0.0000 98.4005 98.6092 243.7534 0.5292 3.9877
7.1628 0.0000 98.4092 1.6530 242.1740 0.5357 4.6728
6.0465 0.0000 98.4240 0.0000 239.7112 0.5370 4.8884
5.0586 0.0000 98.4255 0.0000 237.2729 0.5389 4.4441
4.3396 0.0000 98.4289 0.0000 235.4788 0.5391 4.0469
3.8423 0.0000 98.4336 0.0000 243.8573 0.5389 3.7578
3.5047 0.0000 98.4282 0.0000 247.4412 0.5391 3.3647
3.2819 0.0000 98.4090 0.0000 258.0005 0.5393 3.2037
3.1659 0.0000 98.3788 0.0000 265.0820 0.5408 3.1289
3.1047 0.0000 98.3461 0.0000 270.8529 0.5435 3.0578
3.0284 0.0000 98.3205 0.0000 275.0076 0.5464 2.8873
2.9389 0.0000 98.2803 0.0000 276.1124 0.5486 3.0829
2.7778 0.0000 98.2531 0.0000 277.9425 0.5504 3.3823
2.7175 0.0000 98.2341 0.0000 275.6564 0.5528 3.7846
2.7620 0.0000 98.1987 0.0000 275.6332 0.5556 4.2952
2.8409 0.0000 98.2034 35.6886 266.5417 0.5585 3.7937
