-0.7659 0.0024 100.3210 144.3597 255.2495 0.5344 5.4022
0.9014 0.0002 100.3469 347.2704 225.0528 0.5378 5.1395
3.1003 0.0000 100.3183 495.2272 225.2838 0.5295 5.0491
4.9547 0.0000 100.2336 580.0256 229.8963 0.5078 4.5399
6.2310 0.0000 100.1192 598.5380 233.1226 0.4946 3.9369
7.1124 0.0000 100.0074 545.5201 237.3854 0.4934 3.7719
7.6163 0.0000 99.9244 427.3282 241.0246 0.4965 3.7757
7.6835 0.0000 99.8842 269.9965 242.3693 0.5018 3.9274
7.1707 0.0000 99.8671 96.9221 241.9001 0.5150 4.4341
6.1315 0.0000 99.8756 2.2561 239.6006 0.5280 5.4494
5.0985 0.0000 99.8975 0.0000 236.7734 0.5307 5.6596
4.3145 0.0000 99.9182 0.0000 234.7416 0.5307 5.0057
3.7711 0.0000 99.9273 0.0000 236.4763 0.5282 4.4841
3.3933 0.0000 99.9273 0.0000 244.8427 0.5247 4.0268
3.1394 0.0000 99.9142 0.0000 251.6990 0.5216 3.6366
2.9814 0.0000 99.8831 0.0000 260.4638 0.5194 3.4247
2.9069 0.0000 99.8591 0.0000 265.6433 0.5188 3.3716
2.8686 0.0000 99.8333 0.0000 270.0341 0.5198 3.4654
2.8041 0.0000 99.7980 0.0000 274.1472 0.5220 3.7639
2.6490 0.0000 99.7494 0.0000 278.7474 0.5258 4.0564
2.4287 0.0000 99.7083 0.0000 280.8117 0.5311 4.1501
2.1860 0.0000 99.6601 0.0000 282.1483 0.5374 4.4584
1.9349 0.0000 99.6391 0.0000 281.2662 0.5444 4.3852
1.8678 0.0000 99.6801 21.1236 273.6249 0.5496 3.2596
