-1.7380 0.0012 102.8199 151.0320 254.2350 0.5074 4.1287
0.2617 0.0000 102.8405 314.2713 236.6032 0.5255 4.0548
2.9565 0.0000 102.8069 447.0389 235.7888 0.5084 4.1020
4.5256 0.0000 102.7096 550.4436 232.7103 0.4843 3.4372
5.4751 0.0000 102.5891 586.1904 227.5358 0.4788 2.7712
6.1567 0.0000 102.4798 533.8291 227.6913 0.4806 2.3914
6.5980 0.0000 102.3963 415.3796 229.4243 0.4808 2.2485
6.6921 0.0000 102.3539 250.5549 231.2200 0.4826 2.3422
6.4204 0.0000 102.3447 75.5818 232.2867 0.4894 2.7685
5.9543 0.0000 102.3508 0.2421 232.4150 0.4965 3.6790
5.4008 0.0000 102.3532 0.0000 232.3442 0.5031 4.6351
4.7664 0.0000 102.3328 0.0000 232.0568 0.5115 5.4381
4.0994 0.0000 102.3166 0.0000 231.6768 0.5209 5.7531
3.4905 0.0000 102.3332 0.0000 231.3977 0.5296 5.4949
2.9784 0.0000 102.3438 0.0000 231.2688 0.5372 5.3701
2.4764 0.0000 102.3099 0.0000 231.1169 0.5427 5.5651
1.9799 0.0000 102.2840 0.0000 232.2174 0.5472 5.3391
1.5400 0.0000 102.2882 0.0000 239.5756 0.5526 4.7448
1.1802 0.0000 102.2762 0.0000 246.8423 0.5582 4.5176
0.8882 0.0000 102.2355 0.0000 253.9287 0.5644 4.7410
0.6284 0.0000 102.1954 0.0000 257.6526 0.5718 5.1829
0.4183 0.0002 102.1614 0.0000 264.2473 0.5789 5.6226
0.1960 0.0013 102.1251 0.0000 271.6407 0.5838 5.9068
0.0404 0.0018 102.0839 24.9272 276.9884 0.5878 5.8106
