-0.7624 0.0057 103.0759 168.0282 261.6089 0.5540 3.3845
1.5038 0.0013 103.0896 334.8280 251.8748 0.5787 3.4584
3.7897 0.0001 103.0452 521.9081 225.4106 0.5712 3.1330
4.9796 0.0001 102.9418 586.9283 229.6553 0.5617 2.5623
5.7940 0.0001 102.8238 578.7511 233.7583 0.5592 2.0742
6.3869 0.0000 102.7305 511.1538 235.7454 0.5586 1.7179
6.6999 0.0000 102.6617 389.2964 236.2658 0.5603 1.5349
6.6861 0.0000 102.6259 224.2534 236.9305 0.5635 1.4850
6.4011 0.0000 102.6235 54.9866 236.4086 0.5678 1.7223
5.9844 0.0001 102.6430 0.0001 241.7314 0.5763 2.4196
5.4762 0.0002 102.6646 0.0000 245.7575 0.5889 3.1552
4.8610 0.0001 102.6563 0.0000 243.5725 0.6029 3.9703
4.1397 0.0000 102.6345 0.0000 237.4235 0.6158 4.8433
3.3988 0.0000 102.6167 0.0000 230.9069 0.6240 5.5193
2.7956 0.0000 102.6206 0.0000 229.3757 0.6271 5.5631
2.3232 0.0000 102.6239 0.0000 228.3299 0.6242 5.1231
1.9439 0.0000 102.6052 0.0000 227.3293 0.6176 4.8911
1.6789 0.0000 102.5748 0.0000 226.8482 0.6099 4.9949
1.4650 0.0000 102.5373 0.0000 228.9133 0.6033 4.7651
1.2350 0.0006 102.5166 0.0000 232.8300 0.5981 4.1622
1.0006 0.0011 102.5127 0.0000 235.6848 0.5929 4.0666
0.9612 0.0007 102.5115 0.0000 243.5110 0.5895 4.0168
1.0985 0.0004 102.4940 0.0182 250.9638 0.5888 3.9331
1.3407 0.0002 102.4588 41.4957 258.2847 0.5912 4.0192
