-1.1097 0.0028 99.4529 140.1594 255.4659 0.5216 5.1355
0.5465 0.0002 99.4801 339.1939 226.3606 0.5254 4.8804
2.6982 0.0000 99.4544 488.5244 225.9285 0.5211 4.6976
4.5731 0.0000 99.3724 576.2111 229.2706 0.5031 4.0756
5.9253 0.0000 99.2582 597.6483 231.7641 0.4894 3.4439
6.8438 0.0000 99.1482 544.8041 236.2414 0.4891 3.3203
7.3816 0.0000 99.0654 426.4891 240.1093 0.4922 3.3404
7.4517 0.0000 99.0270 270.0541 241.1600 0.4977 3.4886
6.9082 0.0000 99.0099 97.3861 240.3967 0.5099 4.0279
5.7924 0.0000 99.0184 2.3171 237.9389 0.5219 5.0496
4.6826 0.0000 99.0439 0.0000 234.9373 0.5235 5.1555
3.8679 0.0000 99.0640 0.0000 232.8982 0.5221 4.4253
3.3312 0.0000 99.0745 0.0000 234.5287 0.5183 3.8587
2.9805 0.0000 99.0728 0.0000 243.2400 0.5138 3.4177
2.7723 0.0000 99.0595 0.0000 250.3503 0.5102 3.0821
2.6868 0.0000 99.0271 0.0000 259.4070 0.5080 2.8985
2.7020 0.0000 99.0034 0.0000 264.5755 0.5076 2.8592
2.7572 0.0000 98.9775 0.0000 269.0325 0.5090 2.9621
2.7815 0.0000 98.9425 0.0000 273.7032 0.5116 3.2589
2.7065 0.0000 98.8955 0.0000 278.2759 0.5155 3.5265
2.5539 0.0000 98.8534 0.0000 280.5381 0.5203 3.5830
2.3413 0.0000 98.8027 0.0000 282.2338 0.5255 3.9670
2.0443 0.0000 98.7850 0.0000 280.9610 0.5312 4.0062
1.9464 0.0000 98.8268 19.2304 275.6012 0.5359 2.9503
