1.7300 0.0000 101.9876 145.7803 264.8710 0.6272 5.9741
3.2796 0.0000 102.0172 313.2147 253.8521 0.6336 5.4910
5.3775 0.0000 101.9916 471.6868 250.1200 0.6295 5.1714
7.3975 0.0000 101.9165 568.5893 251.8449 0.5879 4.8861
8.7997 0.0000 101.7989 595.8539 252.3847 0.5417 4.6936
9.6384 0.0000 101.6827 563.7211 249.2297 0.5198 4.8308
10.0868 0.0000 101.6017 444.2743 250.7483 0.5131 5.0971
10.1609 0.0000 101.5521 287.1021 251.0193 0.5118 5.4487
9.6696 0.0000 101.5353 109.6671 250.5824 0.5279 5.6538
8.6433 0.0000 101.5546 3.8810 249.3567 0.5506 6.0455
7.4623 0.0000 101.5949 0.0000 248.5297 0.5650 6.2894
6.3857 0.0000 101.6035 0.0000 253.9134 0.5788 6.5650
5.5456 0.0000 101.6118 0.0000 263.7990 0.5912 6.3337
4.9635 0.0000 101.6281 0.0000 272.9925 0.6013 5.9794
4.5365 0.0000 101.6148 0.0000 276.4544 0.6088 5.9841
4.2310 0.0000 101.5798 0.0000 280.2462 0.6124 6.0888
4.0377 0.0000 101.5495 0.0000 284.8191 0.6128 5.9432
3.9115 0.0000 101.5237 0.0000 286.3429 0.6121 5.7875
3.8118 0.0000 101.4812 0.0000 287.6876 0.6111 5.7631
3.7056 0.0000 101.4418 0.0000 286.3248 0.6112 5.5868
3.5954 0.0000 101.3972 0.0000 283.2643 0.6117 5.5546
3.4937 0.0000 101.3384 0.0000 274.0548 0.6141 5.7701
3.3356 0.0000 101.3532 0.0000 252.9715 0.6212 4.8414
3.1714 0.0000 101.4063 36.3017 250.4394 0.6278 3.7907
