-0.9532 0.0014 102.5276 109.6518 268.1942 0.5289 3.8327
0.6143 0.0000 102.5507 279.1447 240.9976 0.5307 3.9654
2.7266 0.0000 102.5232 453.7393 230.3776 0.5180 4.1600
4.6640 0.0000 102.4279 554.5703 230.1711 0.4948 4.0063
5.7053 0.0000 102.3031 582.1500 229.3319 0.4893 3.4868
6.4649 0.0000 102.1860 529.6241 232.7306 0.4857 3.1569
6.8794 0.0000 102.0983 415.2155 235.9837 0.4854 3.0478
6.9613 0.0000 102.0542 256.6406 238.2167 0.4855 3.0736
6.6808 0.0000 102.0422 85.8197 239.1783 0.4897 3.3729
6.2044 0.0000 102.0427 1.1702 238.5932 0.4934 4.0819
5.7031 0.0000 102.0451 0.0000 237.3679 0.4926 4.5425
5.1888 0.0000 102.0388 0.0000 235.8598 0.4935 4.4636
4.6920 0.0000 102.0479 0.0000 234.6609 0.4968 3.9629
4.2204 0.0000 102.0504 0.0000 233.9160 0.5016 3.7510
3.7134 0.0000 102.0357 0.0000 234.0911 0.5085 3.7937
3.1862 0.0000 102.0145 0.0000 241.8387 0.5172 3.4474
2.7168 0.0000 101.9947 0.0000 252.5208 0.5260 3.0838
2.3085 0.0000 101.9867 0.0000 259.0028 0.5349 2.9587
1.9149 0.0000 101.9613 0.0000 262.4368 0.5442 3.1043
1.5344 0.0000 101.9098 0.0000 267.6571 0.5537 3.5687
1.1994 0.0000 101.8633 0.0000 273.6021 0.5629 3.9537
0.9848 0.0000 101.8216 0.0000 276.5028 0.5701 4.2973
0.8452 0.0000 101.7789 0.0000 277.9409 0.5755 4.6986
0.7857 0.0000 101.7922 21.2514 273.1109 0.5808 4.1627
