-0.3641 0.0007 101.3019 160.0510 254.8107 0.5517 5.0599
1.5354 0.0000 101.3193 379.3429 218.9665 0.5606 4.7281
4.2567 0.0000 101.2890 522.6839 221.8659 0.5358 4.8413
6.2542 0.0000 101.1958 603.8284 228.2899 0.4972 4.5478
7.3122 0.0000 101.0847 615.7180 232.1953 0.4866 4.1541
7.9755 0.0000 100.9856 559.3079 235.9106 0.4854 4.1321
8.2222 0.0000 100.9094 435.1627 239.5536 0.4909 4.3007
8.0869 0.0000 100.8724 272.1953 241.6190 0.4979 4.5147
7.4028 0.0000 100.8610 94.5835 242.1478 0.5171 5.0067
6.3296 0.0000 100.8690 1.5803 240.4919 0.5336 5.8520
5.3844 0.0000 100.8784 0.0000 238.2158 0.5381 6.1185
4.6981 0.0000 100.8808 0.0000 236.3080 0.5412 5.6084
4.1986 0.0000 100.8845 0.0000 235.4005 0.5431 4.9980
3.7909 0.0000 100.8903 0.0000 240.3726 0.5444 4.6094
3.4393 0.0000 100.8808 0.0000 247.4334 0.5462 4.1502
3.1362 0.0000 100.8534 0.0000 253.7540 0.5478 3.7435
2.8942 0.0000 100.8259 0.0000 261.6506 0.5489 3.4016
2.6965 0.0000 100.8057 0.0000 267.4527 0.5504 3.2856
2.4723 0.0000 100.7778 0.0000 269.9018 0.5527 3.3435
2.2146 0.0000 100.7421 0.0000 274.0295 0.5555 3.6753
1.9856 0.0000 100.7060 0.0000 276.7519 0.5591 3.9359
1.9168 0.0000 100.6731 0.0000 277.8156 0.5636 4.1401
2.0388 0.0000 100.6280 0.0000 276.6832 0.5682 4.3569
2.2514 0.0000 100.6309 23.4856 278.3802 0.5724 3.5609
