-0.8774 0.0015 102.3830 110.6775 269.0703 0.5315 3.8719
0.6689 0.0000 102.4056 286.2101 239.4458 0.5329 3.9850
2.7708 0.0000 102.3777 459.2018 229.5842 0.5189 4.2059
4.6629 0.0000 102.2823 557.7199 230.0944 0.4960 4.0722
5.7040 0.0000 102.1585 584.6667 229.4468 0.4908 3.5679
6.4729 0.0000 102.0414 532.0383 232.8821 0.4875 3.2599
6.8837 0.0000 101.9546 416.9535 236.2440 0.4880 3.1782
6.9548 0.0000 101.9113 258.0600 238.5120 0.4885 3.2156
6.6497 0.0000 101.8998 86.7816 239.3804 0.4934 3.5227
6.1407 0.0000 101.9010 1.2348 238.6370 0.4979 4.2276
5.6290 0.0000 101.9039 0.0000 237.2529 0.4970 4.6211
5.1243 0.0000 101.8993 0.0000 235.6764 0.4975 4.4373
4.6460 0.0000 101.9090 0.0000 234.4812 0.5002 3.8694
4.1912 0.0000 101.9099 0.0000 233.8681 0.5041 3.6324
3.6998 0.0000 101.8952 0.0000 234.7221 0.5102 3.6269
3.1907 0.0000 101.8730 0.0000 243.0849 0.5181 3.2800
2.7387 0.0000 101.8523 0.0000 253.4243 0.5261 2.9241
2.3457 0.0000 101.8425 0.0000 259.8300 0.5343 2.8152
1.9605 0.0000 101.8161 0.0000 263.0240 0.5430 2.9918
1.5772 0.0000 101.7664 0.0000 268.5631 0.5523 3.4654
1.2336 0.0000 101.7216 0.0000 274.4046 0.5615 3.8192
1.0097 0.0000 101.6802 0.0000 276.8171 0.5689 4.1372
0.8627 0.0000 101.6387 0.0000 277.8661 0.5747 4.5100
0.8129 0.0000 101.6530 21.2836 273.4732 0.5798 3.9093
