-2.3060 0.0027 103.0690 168.2674 257.9414 0.5036 2.9262
0.3850 0.0001 103.0764 365.9438 230.6498 0.5468 3.1113
3.2718 0.0001 103.0406 518.7364 222.0863 0.5445 3.0673
4.4963 0.0000 102.9373 579.9839 227.7943 0.5298 2.3702
5.2663 0.0000 102.8206 572.5480 232.2857 0.5261 1.7776
5.8385 0.0000 102.7263 510.9709 233.2941 0.5266 1.3837
6.2057 0.0000 102.6528 397.1756 231.7485 0.5261 1.2003
6.2310 0.0000 102.6105 231.3150 232.5437 0.5288 1.1946
5.9586 0.0000 102.6014 59.9627 232.3514 0.5338 1.3691
5.5876 0.0000 102.6241 0.0017 231.6323 0.5396 1.8535
5.1951 0.0000 102.6345 0.0000 231.0915 0.5467 2.4916
4.7614 0.0000 102.6202 0.0000 230.7995 0.5570 3.3326
4.2974 0.0000 102.5917 0.0000 230.5422 0.5725 4.2352
3.7657 0.0000 102.5762 0.0000 230.2795 0.5931 4.8420
3.1468 0.0000 102.5934 0.0000 229.8026 0.6150 4.9817
2.4598 0.0000 102.5937 0.0000 229.3908 0.6306 4.9047
1.7702 0.0000 102.5633 0.0000 228.7658 0.6373 5.1108
1.1268 0.0000 102.5394 0.0000 229.6124 0.6349 5.2376
0.4605 0.0002 102.5238 0.0000 243.1856 0.6231 4.5439
-0.1901 0.0043 102.5156 0.0000 265.7107 0.6045 3.8108
-0.6595 0.0082 102.4962 0.0000 278.5748 0.5858 3.7022
-0.8098 0.0052 102.4777 0.0000 281.3646 0.5767 3.6439
-0.7576 0.0031 102.4517 0.0001 279.4951 0.5752 3.8766
-0.5195 0.0017 102.4153 32.9552 275.6668 0.5784 4.1524
