-0.7934 0.0005 101.2513 158.2234 253.9115 0.5292 4.4229
1.2604 0.0000 101.2618 357.6950 227.0942 0.5343 4.3484
3.8698 0.0000 101.2262 512.5589 225.7795 0.5066 4.3552
5.8074 0.0000 101.1311 604.2324 227.2953 0.4775 3.8385
6.8575 0.0000 101.0168 619.3887 228.9201 0.4765 3.3010
7.5162 0.0000 100.9157 561.2408 231.6197 0.4828 3.1322
7.8368 0.0000 100.8423 439.8462 234.0858 0.4905 3.2752
7.7803 0.0000 100.8082 272.3265 235.8456 0.4975 3.4860
7.2376 0.0000 100.7990 89.4276 237.0421 0.5118 4.0525
6.3611 0.0000 100.8077 0.7491 237.1079 0.5218 4.9564
5.5133 0.0000 100.8101 0.0000 236.8079 0.5248 5.3961
4.8016 0.0000 100.7980 0.0000 236.3079 0.5291 5.3317
4.2428 0.0000 100.7936 0.0000 235.8026 0.5351 4.7697
3.8180 0.0000 100.7996 0.0000 235.6452 0.5413 4.1928
3.4845 0.0000 100.7928 0.0000 237.0298 0.5461 3.9393
3.1940 0.0000 100.7650 0.0000 239.5272 0.5495 3.6928
2.9649 0.0000 100.7386 0.0000 248.6055 0.5518 3.3495
2.8078 0.0000 100.7166 0.0000 255.2369 0.5538 2.8739
2.6127 0.0000 100.6949 0.0000 264.1698 0.5556 2.5190
2.3477 0.0000 100.6666 0.0000 265.7340 0.5569 2.4965
2.1063 0.0000 100.6384 0.0000 267.7294 0.5576 2.9458
2.0624 0.0000 100.6224 0.0000 270.8060 0.5586 3.4085
2.2137 0.0000 100.5802 0.0000 263.4476 0.5595 4.0176
2.4874 0.0000 100.5452 35.1978 263.7438 0.5602 4.1593
