-0.2397 0.0011 100.4838 161.9823 244.5606 0.5494 6.8388
1.5276 0.0001 100.5135 350.9522 228.6293 0.5491 6.4898
3.7223 0.0000 100.4858 499.7280 228.7066 0.5442 6.0015
5.6874 0.0000 100.4056 584.1005 233.3640 0.5229 5.0600
7.2488 0.0000 100.2881 599.8632 238.3650 0.5018 4.2041
8.2952 0.0000 100.1717 549.0962 242.4195 0.5004 3.9022
8.9415 0.0000 100.0842 431.3151 245.5598 0.5039 3.7484
9.1392 0.0000 100.0347 274.7401 246.8805 0.5111 3.8332
8.6982 0.0000 100.0177 101.0947 246.8027 0.5257 4.3347
7.5090 0.0000 100.0262 2.9192 244.7672 0.5428 5.5076
6.1310 0.0000 100.0651 0.0000 242.2199 0.5523 5.9284
5.0297 0.0000 100.0972 0.0000 240.6611 0.5560 5.6312
4.2792 0.0000 100.1069 0.0000 249.3661 0.5536 5.4367
3.8285 0.0000 100.1149 0.0000 259.4809 0.5490 4.8584
3.6011 0.0000 100.1065 0.0000 263.7634 0.5424 4.6002
3.5168 0.0000 100.0715 0.0000 269.7637 0.5355 4.6452
3.5478 0.0000 100.0420 0.0000 273.3288 0.5316 4.7379
3.6481 0.0000 100.0162 0.0000 277.9553 0.5305 4.7835
3.7516 0.0000 99.9747 0.0000 281.9217 0.5310 4.9564
3.7763 0.0000 99.9232 0.0000 285.0560 0.5336 5.0243
3.7047 0.0000 99.8728 0.0000 286.3586 0.5376 5.2030
3.5214 0.0000 99.8147 0.0000 286.5694 0.5433 5.7412
3.2261 0.0000 99.8168 0.0000 283.1042 0.5496 5.3328
3.0341 0.0000 99.8742 26.5228 263.1208 0.5534 4.1472
