-1.9325 0.0024 102.8206 163.8360 254.2529 0.5053 3.2087
0.3289 0.0001 102.8330 347.5936 232.6094 0.5299 3.4407
3.2270 0.0000 102.7949 465.0356 234.7055 0.5163 3.6602
4.6614 0.0000 102.6953 545.6929 236.9496 0.4988 3.0033
5.5756 0.0000 102.5779 584.8131 229.9773 0.4962 2.3758
6.2461 0.0000 102.4720 533.0293 229.3260 0.4985 2.0299
6.6855 0.0000 102.3916 414.2099 230.3700 0.4990 1.8991
6.7423 0.0000 102.3517 247.6756 231.5694 0.5019 1.9818
6.4412 0.0000 102.3426 71.6444 232.0820 0.5082 2.4291
5.9488 0.0000 102.3558 0.0930 231.8925 0.5149 3.3550
5.3841 0.0000 102.3616 0.0000 231.6744 0.5204 4.2848
4.7570 0.0000 102.3412 0.0000 231.1110 0.5255 5.1139
4.1242 0.0000 102.3173 0.0000 230.4832 0.5306 5.5390
3.5795 0.0000 102.3258 0.0000 230.0970 0.5367 5.3334
3.1433 0.0000 102.3444 0.0000 230.1077 0.5441 4.9182
2.6993 0.0000 102.3196 0.0000 230.3153 0.5515 4.8819
2.2098 0.0000 102.2870 0.0000 230.0715 0.5605 4.9233
1.7007 0.0000 102.2806 0.0000 232.2209 0.5726 4.4702
1.2212 0.0000 102.2733 0.0000 240.4139 0.5840 3.9078
0.7689 0.0010 102.2437 0.0000 254.1398 0.5915 3.9263
0.3084 0.0045 102.2154 0.0000 267.2248 0.5943 4.2779
-0.0280 0.0045 102.1886 0.0000 276.7127 0.5937 4.7429
-0.2701 0.0052 102.1603 0.0000 283.9110 0.5919 5.1280
-0.2827 0.0033 102.1170 26.1014 286.3805 0.5927 5.2536
