-0.1947 0.0012 100.7316 161.6279 246.0531 0.5523 6.6771
1.5711 0.0001 100.7600 353.9938 227.4797 0.5529 6.3260
3.7927 0.0000 100.7311 501.7459 228.0866 0.5464 5.9354
5.7520 0.0000 100.6495 585.4962 233.1070 0.5219 5.1181
7.2248 0.0000 100.5333 600.7065 238.0774 0.5018 4.3430
8.2096 0.0000 100.4184 549.3441 242.0546 0.5000 4.0772
8.8009 0.0000 100.3321 431.3445 245.1910 0.5034 3.9628
8.9596 0.0000 100.2839 274.3202 246.5029 0.5101 4.0734
8.5020 0.0000 100.2670 100.4373 246.3893 0.5252 4.5647
7.3568 0.0000 100.2755 2.7830 244.3072 0.5422 5.7039
6.0716 0.0000 100.3095 0.0000 241.7349 0.5508 6.1240
5.0460 0.0000 100.3392 0.0000 240.0886 0.5545 5.7856
4.3357 0.0000 100.3476 0.0000 247.3487 0.5528 5.5630
3.8902 0.0000 100.3554 0.0000 257.5836 0.5492 5.0040
3.6447 0.0000 100.3461 0.0000 262.4683 0.5439 4.6947
3.5252 0.0000 100.3124 0.0000 268.6472 0.5382 4.6774
3.5080 0.0000 100.2840 0.0000 272.5956 0.5349 4.7359
3.5505 0.0000 100.2581 0.0000 277.0591 0.5340 4.7788
3.5917 0.0000 100.2183 0.0000 280.9029 0.5346 4.9571
3.5553 0.0000 100.1667 0.0000 284.2668 0.5371 5.0620
3.4343 0.0000 100.1189 0.0000 285.5636 0.5412 5.2275
3.2319 0.0000 100.0633 0.0000 285.7590 0.5471 5.7000
2.9676 0.0000 100.0590 0.0000 282.7315 0.5537 5.3380
2.8155 0.0000 100.1127 26.4702 264.2161 0.5580 4.1447
