-1.0522 0.0008 102.8161 128.0436 263.5390 0.5272 4.5616
0.7062 0.0000 102.8380 286.0554 245.2091 0.5365 4.5008
2.8563 0.0000 102.8047 444.0451 236.9679 0.5235 4.5294
4.5968 0.0000 102.7087 559.9553 231.4959 0.4954 4.0463
5.6367 0.0000 102.5903 590.8188 228.7454 0.4872 3.4087
6.3775 0.0000 102.4787 538.6720 229.6382 0.4864 3.0064
6.8103 0.0000 102.3932 421.3991 231.6104 0.4860 2.8689
6.9527 0.0000 102.3485 258.1802 233.7113 0.4849 2.9377
6.7049 0.0000 102.3370 82.3037 235.0349 0.4904 3.2831
6.2572 0.0000 102.3375 0.5692 235.3243 0.4954 4.0781
5.7592 0.0000 102.3396 0.0000 235.3676 0.4992 4.8833
5.2046 0.0000 102.3221 0.0000 235.2228 0.5078 5.4037
4.6217 0.0000 102.3155 0.0000 234.8270 0.5208 5.3588
4.0504 0.0000 102.3342 0.0000 234.3687 0.5341 5.0735
3.4858 0.0000 102.3296 0.0000 233.9194 0.5460 5.2723
2.8854 0.0000 102.2972 0.0000 234.1580 0.5555 5.4008
2.3294 0.0000 102.2773 0.0000 240.4216 0.5622 4.9950
1.8958 0.0000 102.2783 0.0000 250.3704 0.5666 4.6097
1.5591 0.0000 102.2581 0.0000 256.5721 0.5687 4.7072
1.2737 0.0000 102.2145 0.0000 260.1132 0.5688 5.1212
1.0347 0.0000 102.1744 0.0000 264.5992 0.5688 5.6403
0.9106 0.0000 102.1397 0.0000 269.2669 0.5711 5.9108
0.8644 0.0000 102.1022 0.0000 272.0031 0.5763 6.1501
0.8235 0.0000 102.0704 25.9409 269.1991 0.5839 5.8290
