2.1714 0.0032 103.0012 209.6981 256.4803 0.6360 5.2893
3.6555 0.0003 103.0158 391.6513 243.5944 0.6359 4.8089
5.1984 0.0000 102.9641 545.3680 232.3992 0.6226 4.2650
6.3029 0.0000 102.8653 609.1076 235.4066 0.6035 3.7564
7.1238 0.0000 102.7524 599.7462 239.1782 0.5887 3.2540
7.6934 0.0000 102.6565 527.5795 241.3965 0.5788 2.9400
7.9852 0.0000 102.5903 403.9839 241.0084 0.5737 2.8306
8.0116 0.0000 102.5599 233.8221 241.0530 0.5735 2.7882
7.7791 0.0000 102.5571 57.8474 241.2747 0.5823 2.9895
7.3633 0.0000 102.5783 0.0000 240.7835 0.6008 3.5483
6.8935 0.0000 102.5997 0.0000 239.6756 0.6216 4.0372
6.3857 0.0000 102.5945 0.0000 238.5898 0.6421 4.4796
5.8823 0.0000 102.5762 0.0000 237.4331 0.6607 4.8432
5.4480 0.0000 102.5546 0.0000 236.2805 0.6771 5.0193
5.1781 0.0000 102.5471 0.0000 235.5443 0.6861 4.7760
4.8622 0.0000 102.5352 0.0000 235.2644 0.6886 4.4525
4.4690 0.0000 102.5146 0.0000 234.3603 0.6867 4.3496
4.1150 0.0000 102.5009 0.0000 233.6527 0.6808 4.2597
3.7877 0.0001 102.4593 0.0000 235.2775 0.6722 4.2074
3.4805 0.0003 102.4092 0.0000 237.3321 0.6637 4.2023
3.2026 0.0002 102.4036 0.0000 238.0327 0.6585 4.3110
3.1149 0.0001 102.4429 0.0000 242.2570 0.6538 4.5495
3.1662 0.0000 102.4647 0.3182 254.5854 0.6499 4.4382
3.3038 0.0000 102.4390 60.9223 252.7114 0.6475 4.1882
