-2.0082 0.0008 102.9948 176.2021 245.5017 0.5016 3.3308
0.4597 0.0000 103.0014 380.6877 215.8759 0.5255 3.3004
3.1409 0.0000 102.9708 500.2654 222.6275 0.5112 2.9162
4.2965 0.0000 102.8726 563.5693 228.3217 0.4958 2.2429
5.0105 0.0000 102.7565 569.3144 229.4948 0.4933 1.7308
5.5243 0.0000 102.6557 511.8254 229.7498 0.4955 1.4205
5.8331 0.0000 102.5875 393.2324 230.1554 0.4963 1.3076
5.8322 0.0000 102.5455 232.6780 229.6020 0.4979 1.3825
5.5247 0.0000 102.5363 61.6077 229.5236 0.5011 1.7141
5.1013 0.0000 102.5534 0.0036 229.4080 0.5037 2.2823
4.6764 0.0000 102.5587 0.0000 229.7968 0.5072 2.8319
4.2436 0.0000 102.5439 0.0000 229.5292 0.5134 3.5002
3.8005 0.0000 102.5159 0.0000 228.6425 0.5236 4.1334
3.3153 0.0000 102.5079 0.0000 228.1665 0.5394 4.4208
2.7963 0.0000 102.5247 0.0000 228.0604 0.5598 4.2899
2.2189 0.0000 102.5245 0.0000 228.2910 0.5799 4.2235
1.5992 0.0000 102.4872 0.0000 228.2546 0.5961 4.4916
0.9697 0.0000 102.4708 0.0000 228.1408 0.6075 4.3314
0.3946 0.0002 102.4684 0.0000 238.7259 0.6101 3.6161
-0.1953 0.0043 102.4432 0.0000 260.7647 0.5995 3.3596
-0.7597 0.0123 102.4102 0.0000 281.5277 0.5802 3.4567
-1.0351 0.0091 102.3773 0.0000 282.1910 0.5676 3.6888
-1.1875 0.0076 102.3511 0.0000 278.4607 0.5609 4.0540
-1.2155 0.0064 102.3135 30.0766 278.2986 0.5567 4.1779
