-0.6499 0.0003 100.0942 170.9127 253.0477 0.5433 4.6299
1.4907 0.0000 100.1098 396.5980 215.9766 0.5576 4.2769
4.4172 0.0000 100.0806 537.7386 220.1297 0.5341 4.2673
6.5273 0.0000 99.9913 616.8596 226.8874 0.4960 3.7953
7.6501 0.0000 99.8834 626.5934 231.2493 0.4877 3.3660
8.3297 0.0000 99.7880 568.1918 235.2928 0.4890 3.4125
8.5718 0.0000 99.7168 442.0819 239.1343 0.4957 3.6841
8.4134 0.0000 99.6839 276.5232 241.2167 0.5027 3.9552
7.7051 0.0000 99.6752 95.6013 241.8998 0.5196 4.4761
6.5893 0.0000 99.6848 1.4271 240.5025 0.5329 5.2373
5.5222 0.0000 99.6957 0.0000 238.3575 0.5368 5.4403
4.7003 0.0000 99.6933 0.0000 236.3870 0.5396 4.9693
4.1204 0.0000 99.6958 0.0000 235.0376 0.5411 4.3723
3.6937 0.0000 99.7005 0.0000 239.6771 0.5421 4.0032
3.3660 0.0000 99.6942 0.0000 245.2071 0.5435 3.5816
3.1182 0.0000 99.6693 0.0000 252.4507 0.5447 3.2518
2.9499 0.0000 99.6391 0.0000 260.4962 0.5461 2.9745
2.8310 0.0000 99.6151 0.0000 266.9170 0.5481 2.8048
2.6808 0.0000 99.5895 0.0000 270.4792 0.5506 2.6524
2.5091 0.0000 99.5580 0.0000 273.0071 0.5528 2.8526
2.3471 0.0000 99.5259 0.0000 275.5249 0.5550 3.1641
2.3542 0.0000 99.5031 0.0000 275.4940 0.5579 3.4925
2.5317 0.0000 99.4590 0.0000 273.0079 0.5606 3.9603
2.7619 0.0000 99.4502 29.0281 274.5756 0.5635 3.4979
