-1.7676 0.0031 103.0719 171.5546 259.4269 0.5220 2.9997
0.6369 0.0004 103.0834 361.1297 237.4609 0.5586 3.1007
3.3404 0.0001 103.0454 521.7817 224.3270 0.5565 3.0142
4.5676 0.0000 102.9420 578.1919 230.8249 0.5415 2.3807
5.3375 0.0000 102.8270 568.3178 235.7304 0.5357 1.8049
5.9186 0.0000 102.7336 514.2460 234.2586 0.5337 1.4358
6.2714 0.0000 102.6610 397.8049 233.1751 0.5327 1.2673
6.3210 0.0000 102.6202 231.7588 233.7645 0.5337 1.2446
6.0824 0.0000 102.6126 59.7901 233.5581 0.5377 1.4181
5.7417 0.0000 102.6330 0.0004 233.8914 0.5438 1.9162
5.3811 0.0000 102.6456 0.0000 234.1769 0.5520 2.5472
4.9758 0.0000 102.6306 0.0000 233.4979 0.5636 3.3642
4.5133 0.0000 102.6037 0.0000 232.2622 0.5797 4.2385
3.9582 0.0000 102.5859 0.0000 231.1353 0.6001 4.8526
3.3523 0.0000 102.6001 0.0000 230.7004 0.6207 4.9590
2.7033 0.0000 102.5975 0.0000 230.3153 0.6350 4.8253
2.0640 0.0000 102.5728 0.0000 229.5899 0.6407 4.9444
1.4973 0.0000 102.5463 0.0000 229.6698 0.6390 5.1076
0.9439 0.0002 102.5241 0.0000 239.5363 0.6300 4.5807
0.3922 0.0024 102.5091 0.0000 258.3206 0.6144 3.8858
-0.0320 0.0051 102.4995 0.0000 268.7817 0.5984 3.7972
-0.1744 0.0037 102.4942 0.0000 273.8326 0.5897 3.7485
-0.0871 0.0019 102.4703 0.0055 274.4487 0.5885 3.8492
0.1791 0.0007 102.4350 36.1907 271.6594 0.5924 4.0576
