-1.0945 0.0002 98.7660 191.3603 243.1520 0.5212 4.0394
1.2195 0.0000 98.7767 409.4548 214.6102 0.5343 3.9201
4.1251 0.0000 98.7410 549.8427 218.7746 0.5125 3.8906
6.1230 0.0000 98.6566 627.1286 224.7583 0.4879 3.2096
7.2397 0.0000 98.5515 634.3863 228.8743 0.4856 2.4850
7.9628 0.0000 98.4606 573.4579 232.3191 0.4906 2.2008
8.3311 0.0000 98.3885 447.3307 236.0527 0.4980 2.3750
8.3030 0.0000 98.3621 278.9754 237.2376 0.5057 2.6675
7.7666 0.0000 98.3583 93.0206 238.0107 0.5183 3.2275
6.8423 0.0000 98.3707 0.8658 237.6415 0.5272 3.9846
5.8900 0.0000 98.3755 0.0000 236.8740 0.5309 4.2626
5.0787 0.0000 98.3687 0.0000 236.0168 0.5345 4.0561
4.4714 0.0000 98.3672 0.0000 235.3020 0.5380 3.5458
4.0443 0.0000 98.3667 0.0000 236.1382 0.5411 3.1761
3.7330 0.0000 98.3653 0.0000 238.9912 0.5439 2.9444
3.4612 0.0000 98.3456 0.0000 242.6964 0.5459 2.7938
3.2385 0.0000 98.3178 0.0000 250.3434 0.5469 2.7878
3.0603 0.0000 98.2866 0.0000 258.8523 0.5475 2.6824
2.8690 0.0000 98.2560 0.0000 267.1669 0.5475 2.2563
2.6745 0.0000 98.2327 0.0000 268.5915 0.5470 1.8899
2.5198 0.0000 98.2124 0.0000 267.7304 0.5460 2.1057
2.5089 0.0000 98.2017 0.0000 268.8475 0.5458 2.5151
2.5955 0.0000 98.1673 0.0000 260.2917 0.5462 3.2263
2.6976 0.0000 98.1378 38.6561 265.4280 0.5470 3.6144
