-1.6975 0.0002 102.6201 124.8972 252.0808 0.4982 4.2839
-0.0096 0.0000 102.6447 290.1952 234.9177 0.5098 4.0994
2.4802 0.0000 102.6220 451.9578 227.5461 0.5018 4.1105
4.5074 0.0000 102.5267 553.1123 227.0062 0.4785 3.7840
5.4918 0.0000 102.4009 578.3276 226.2833 0.4714 3.1519
6.1681 0.0000 102.2886 523.7801 229.3900 0.4684 2.7415
6.6014 0.0000 102.2000 409.2618 232.2415 0.4665 2.5668
6.7041 0.0000 102.1569 250.7957 234.2644 0.4667 2.6314
6.4654 0.0000 102.1380 80.9393 235.1955 0.4709 3.0098
6.0092 0.0000 102.1385 0.7315 235.1710 0.4743 3.8401
5.4256 0.0000 102.1409 0.0000 234.8142 0.4758 4.6893
4.7593 0.0000 102.1308 0.0000 234.0936 0.4790 5.1687
4.1176 0.0000 102.1296 0.0000 233.1208 0.4842 5.0776
3.5562 0.0000 102.1462 0.0000 232.4762 0.4913 4.8872
3.0368 0.0000 102.1315 0.0000 232.2500 0.5000 5.1052
2.5007 0.0000 102.1079 0.0000 234.9036 0.5105 4.9763
2.0063 0.0000 102.0984 0.0000 244.0652 0.5210 4.5433
1.5924 0.0000 102.0943 0.0000 251.1416 0.5302 4.4688
1.2408 0.0000 102.0737 0.0000 257.3038 0.5371 4.6535
0.9510 0.0000 102.0148 0.0000 259.5418 0.5422 5.1060
0.7189 0.0000 101.9629 0.0000 261.4771 0.5466 5.5446
0.5998 0.0000 101.9217 0.0000 269.2457 0.5521 5.7323
0.5562 0.0000 101.8774 0.0000 273.7899 0.5587 5.8823
0.5339 0.0001 101.8754 20.1138 272.8812 0.5683 5.4026
