-1.6974 0.0022 103.1164 171.8391 254.7707 0.5195 3.1133
0.9829 0.0003 103.1245 373.3819 225.3472 0.5514 3.1778
3.4495 0.0001 103.0873 512.4503 222.8667 0.5452 2.8228
4.5404 0.0000 102.9850 577.1097 227.1603 0.5358 2.2014
5.2776 0.0000 102.8676 575.5816 229.6184 0.5347 1.7371
5.8186 0.0000 102.7743 506.4360 232.7753 0.5359 1.3909
6.1190 0.0000 102.7025 384.3667 233.9859 0.5370 1.1915
6.0843 0.0000 102.6660 222.0470 233.7989 0.5399 1.1795
5.7663 0.0001 102.6584 55.3144 233.3072 0.5433 1.4431
5.3309 0.0001 102.6824 0.0000 234.8297 0.5479 2.0200
4.8503 0.0001 102.6959 0.0000 239.6585 0.5552 2.6029
4.3116 0.0001 102.6850 0.0000 238.1373 0.5654 3.3475
3.7119 0.0000 102.6625 0.0000 232.2915 0.5785 4.2248
3.0358 0.0000 102.6447 0.0000 229.1999 0.5926 4.9187
2.3489 0.0000 102.6545 0.0000 227.7744 0.6026 5.1187
1.7156 0.0000 102.6630 0.0000 226.6992 0.6063 4.8368
1.1842 0.0000 102.6402 0.0000 225.8952 0.6035 4.6856
0.7435 0.0000 102.6084 0.0000 225.8498 0.5955 4.6880
0.3667 0.0001 102.5907 0.0000 230.5760 0.5856 4.0384
0.0719 0.0014 102.5743 0.0000 240.7854 0.5766 3.2364
-0.1104 0.0024 102.5517 0.0000 246.8800 0.5688 3.0854
-0.0750 0.0019 102.5283 0.0000 256.4838 0.5646 3.1493
0.0669 0.0016 102.5036 0.0013 247.9790 0.5631 3.4592
0.2633 0.0011 102.4683 43.6137 250.0650 0.5640 3.7683
