-2.1684 0.0019 102.8336 167.0076 253.4370 0.4996 2.9261
0.3598 0.0001 102.8413 374.2056 222.5745 0.5298 3.1905
3.2792 0.0000 102.8034 497.3049 225.9420 0.5193 3.3140
4.5919 0.0000 102.7028 549.2242 235.5622 0.5045 2.7012
5.4032 0.0000 102.5894 576.2982 231.0637 0.5028 2.1270
6.0071 0.0000 102.4873 526.2308 229.4362 0.5048 1.8027
6.3926 0.0000 102.4110 407.2477 230.0620 0.5050 1.6857
6.4065 0.0000 102.3709 241.0568 230.9350 0.5071 1.7319
6.0746 0.0000 102.3618 66.7494 231.0700 0.5118 2.1105
5.5749 0.0000 102.3780 0.0251 230.6407 0.5161 2.8682
5.0514 0.0000 102.3877 0.0000 230.2755 0.5194 3.6231
4.5209 0.0000 102.3673 0.0000 229.7764 0.5235 4.3671
4.0188 0.0000 102.3396 0.0000 229.2001 0.5296 4.8742
3.5702 0.0000 102.3410 0.0000 228.8989 0.5395 4.8507
3.1552 0.0000 102.3587 0.0000 228.9816 0.5532 4.4666
2.6673 0.0000 102.3426 0.0000 229.3399 0.5683 4.3684
2.0918 0.0000 102.3069 0.0000 229.2232 0.5854 4.6322
1.4662 0.0000 102.2959 0.0000 229.3750 0.6037 4.4539
0.8688 0.0001 102.2918 0.0000 238.5184 0.6154 3.8000
0.2404 0.0038 102.2699 0.0000 263.0420 0.6120 3.6688
-0.4008 0.0147 102.2431 0.0000 286.5287 0.5955 3.8575
-0.7397 0.0109 102.2170 0.0000 290.4163 0.5823 4.0777
-0.8480 0.0083 102.1923 0.0000 289.8042 0.5775 4.4053
-0.7643 0.0051 102.1490 26.6778 287.4956 0.5778 4.5667
