-2.5355 0.0001 102.4976 155.1420 237.1914 0.4693 4.1441
-0.6472 0.0000 102.5202 312.8987 224.9846 0.4886 3.5514
2.2297 0.0000 102.4999 448.1357 225.9837 0.4623 3.2380
4.1434 0.0000 102.4052 545.4580 225.7389 0.4290 2.7262
4.9309 0.0000 102.2788 561.1789 225.4600 0.4265 2.2661
5.4607 0.0000 102.1774 505.8287 226.6477 0.4292 2.0293
5.7920 0.0000 102.0967 400.2333 225.5438 0.4313 1.9923
5.7878 0.0000 102.0543 239.5317 227.1734 0.4345 2.1195
5.4357 0.0000 102.0444 70.4687 228.0980 0.4394 2.6640
4.8623 0.0000 102.0456 0.1567 227.6675 0.4425 3.6017
4.2001 0.0000 102.0480 0.0000 226.9301 0.4444 4.4214
3.5014 0.0000 102.0348 0.0000 226.2681 0.4472 5.0663
2.8437 0.0000 102.0145 0.0000 225.9632 0.4510 5.3371
2.3009 0.0000 102.0281 0.0000 226.1626 0.4562 5.1434
1.8783 0.0000 102.0452 0.0000 226.5934 0.4635 5.0030
1.4896 0.0000 102.0108 0.0000 227.0635 0.4717 5.1073
1.1105 0.0000 101.9965 0.0000 229.2143 0.4798 4.7297
0.8082 0.0000 102.0020 0.0000 238.1850 0.4882 4.3396
0.5732 0.0000 101.9836 0.0000 243.6014 0.4975 4.3375
0.3750 0.0000 101.9304 0.0000 252.2045 0.5094 4.6340
0.1903 0.0000 101.8696 0.0000 251.0266 0.5260 5.1081
0.0254 0.0000 101.8263 0.0000 244.9967 0.5456 5.4370
-0.1868 0.0001 101.7928 0.0000 248.0344 0.5599 5.5578
-0.4988 0.0012 101.7583 27.0776 259.5083 0.5662 5.3484
