4.1165 0.0067 103.0381 190.3701 269.8451 0.6127 5.4678
4.4886 0.0049 103.0645 329.2428 266.7631 0.6036 5.0956
4.7805 0.0036 103.0335 464.4311 256.2651 0.6030 4.7190
5.0418 0.0028 102.9395 534.2158 254.0277 0.6027 4.2761
5.2352 0.0026 102.8461 534.1158 253.2072 0.6018 3.7998
5.3352 0.0023 102.7684 466.6542 254.0365 0.6000 3.4252
5.3234 0.0015 102.7158 346.7899 253.7031 0.5963 3.1689
5.2285 0.0014 102.6890 194.7984 252.6112 0.5918 3.0123
4.9833 0.0008 102.6873 43.0336 251.1779 0.5894 3.0306
4.6780 0.0003 102.7077 0.0000 249.1040 0.5888 3.2777
4.4397 0.0001 102.7341 0.0000 241.5547 0.5872 3.3528
4.2596 0.0001 102.7335 0.0000 233.8798 0.5868 3.4512
4.1682 0.0000 102.7092 0.0000 231.6591 0.5850 3.6619
4.1552 0.0000 102.6838 0.0000 230.3268 0.5860 3.8952
4.1960 0.0000 102.6643 0.0000 230.2435 0.5909 3.9447
4.1649 0.0000 102.6464 0.0000 230.7158 0.5962 3.7228
4.0507 0.0000 102.6316 0.0000 230.6911 0.6004 3.6250
3.9168 0.0000 102.6076 0.0000 230.5249 0.6038 3.8457
3.7786 0.0000 102.5580 0.0000 230.1314 0.6073 4.1901
3.6544 0.0000 102.5040 0.0000 229.7582 0.6119 4.3026
3.5600 0.0000 102.4975 0.0000 229.8700 0.6161 4.3560
3.5975 0.0000 102.5203 0.0000 230.8690 0.6199 4.4422
3.7349 0.0000 102.5285 0.2517 236.2666 0.6240 4.1671
3.9434 0.0000 102.5065 65.7257 244.8007 0.6294 3.7777
