-0.3135 0.0010 101.4257 158.7846 254.8386 0.5535 5.2269
1.5406 0.0001 101.4443 375.9023 219.6526 0.5615 4.8982
4.1661 0.0000 101.4130 519.4114 222.4293 0.5389 5.0117
6.1347 0.0000 101.3209 600.5138 228.8849 0.5011 4.7331
7.1918 0.0000 101.2098 612.7302 232.9119 0.4900 4.3277
7.8695 0.0000 101.1082 556.8160 236.6452 0.4883 4.2773
8.1432 0.0000 101.0309 433.9117 240.1999 0.4932 4.4170
8.0390 0.0000 100.9929 271.8423 242.1330 0.4996 4.6288
7.3956 0.0000 100.9802 94.9629 242.5008 0.5182 5.1124
6.3615 0.0000 100.9883 1.6896 240.7247 0.5343 5.9897
5.4420 0.0000 100.9979 0.0000 238.3666 0.5386 6.2834
4.7620 0.0000 101.0040 0.0000 236.4162 0.5418 5.7568
4.2615 0.0000 101.0078 0.0000 235.6735 0.5435 5.1866
3.8543 0.0000 101.0134 0.0000 241.7813 0.5446 4.7828
3.5091 0.0000 101.0027 0.0000 248.9582 0.5461 4.3040
3.2106 0.0000 100.9752 0.0000 255.5478 0.5472 3.9165
2.9689 0.0000 100.9489 0.0000 262.9942 0.5479 3.6278
2.7653 0.0000 100.9275 0.0000 268.3457 0.5491 3.5517
2.5356 0.0000 100.8983 0.0000 270.9968 0.5511 3.6525
2.2620 0.0000 100.8589 0.0000 275.2735 0.5540 3.9820
2.0015 0.0000 100.8228 0.0000 277.7289 0.5579 4.2107
1.8779 0.0000 100.7876 0.0000 278.6820 0.5630 4.4019
1.9392 0.0000 100.7449 0.0000 277.7298 0.5685 4.5378
2.1095 0.0000 100.7553 23.6116 277.0385 0.5733 3.6483
