-0.8346 0.0002 99.6516 180.1029 246.9541 0.5308 4.3291
1.4677 0.0000 99.6621 402.0170 215.6333 0.5407 4.1209
4.3594 0.0000 99.6278 544.2906 219.4222 0.5162 4.0879
6.3832 0.0000 99.5420 622.0051 225.6957 0.4868 3.4812
7.5040 0.0000 99.4341 630.7115 229.8851 0.4807 2.9053
8.1784 0.0000 99.3404 571.1813 233.3097 0.4848 2.8142
8.4625 0.0000 99.2675 445.6535 236.9466 0.4930 3.0812
8.3502 0.0000 99.2397 278.1743 238.4187 0.5016 3.3753
7.7226 0.0000 99.2327 93.8847 239.3670 0.5173 3.9434
6.7016 0.0000 99.2457 1.0553 238.9655 0.5286 4.7065
5.6926 0.0000 99.2499 0.0000 237.9215 0.5324 4.9191
4.8767 0.0000 99.2459 0.0000 236.6920 0.5358 4.5660
4.2984 0.0000 99.2449 0.0000 235.7383 0.5388 3.9183
3.9030 0.0000 99.2445 0.0000 237.3510 0.5414 3.4559
3.6271 0.0000 99.2398 0.0000 240.9752 0.5439 3.1142
3.4253 0.0000 99.2166 0.0000 246.4404 0.5460 2.8694
3.2809 0.0000 99.1863 0.0000 255.0077 0.5477 2.7305
3.1700 0.0000 99.1588 0.0000 262.2703 0.5492 2.5090
3.0098 0.0000 99.1332 0.0000 269.4395 0.5504 2.1023
2.8079 0.0000 99.1084 0.0000 269.4894 0.5510 1.9425
2.6282 0.0000 99.0815 0.0000 271.5337 0.5512 2.2839
2.6167 0.0000 99.0673 0.0000 271.7172 0.5520 2.7205
2.7599 0.0000 99.0266 0.0000 263.3232 0.5531 3.3869
2.9687 0.0000 99.0009 33.9662 270.3013 0.5546 3.4912
