-1.3684 0.0048 102.3322 164.4580 257.7225 0.5204 3.0134
0.4896 0.0003 102.3393 316.8598 250.5831 0.5389 3.2887
3.3771 0.0000 102.2961 477.0910 236.2087 0.5218 3.7514
5.2613 0.0000 102.1909 575.1228 234.8572 0.4924 3.3034
6.3288 0.0000 102.0672 594.9027 234.3138 0.4922 2.6963
7.0584 0.0000 101.9654 549.1400 231.8458 0.4971 2.3516
7.4840 0.0000 101.8914 428.1259 233.5944 0.5010 2.2801
7.5157 0.0000 101.8491 260.2714 234.6996 0.5056 2.4592
7.1141 0.0000 101.8400 79.4147 234.8975 0.5149 3.1071
6.4391 0.0000 101.8560 0.2219 234.3474 0.5221 4.2158
5.7494 0.0000 101.8606 0.0000 233.9482 0.5273 4.9505
5.0581 0.0000 101.8348 0.0000 233.6418 0.5335 5.4481
4.3653 0.0000 101.8195 0.0000 233.2538 0.5389 5.5130
3.7728 0.0000 101.8316 0.0000 232.8979 0.5427 5.0772
3.3450 0.0000 101.8435 0.0000 232.8896 0.5452 4.6752
2.9603 0.0000 101.8158 0.0000 233.0828 0.5462 4.5090
2.5961 0.0000 101.7875 0.0000 233.9194 0.5475 4.4285
2.2694 0.0000 101.7686 0.0000 239.0134 0.5507 4.0839
1.9446 0.0000 101.7497 0.0000 244.5606 0.5548 3.4087
1.6079 0.0000 101.7229 0.0000 254.6002 0.5597 3.0407
1.2915 0.0002 101.7116 0.0000 260.6951 0.5651 3.2859
1.0994 0.0013 101.6951 0.0000 265.9553 0.5705 3.9934
1.0256 0.0033 101.6686 0.0000 269.8146 0.5756 4.7702
1.0525 0.0014 101.6200 41.1404 256.4157 0.5799 5.4388
