0.0155 0.0060 102.7518 167.3962 270.2061 0.5740 2.9785
1.5886 0.0011 102.7647 334.9106 260.4753 0.5894 2.8190
3.6375 0.0000 102.7212 523.3290 232.0885 0.5865 2.7870
5.2077 0.0000 102.6134 568.9826 241.4070 0.5535 2.4214
6.1920 0.0000 102.4925 584.0237 239.9430 0.5359 2.0887
6.8351 0.0000 102.3938 526.5525 239.3279 0.5301 1.9894
7.1766 0.0000 102.3224 412.7695 236.6282 0.5286 2.0747
7.1966 0.0000 102.2889 243.4008 237.0972 0.5292 2.2086
6.8563 0.0000 102.2798 66.1337 236.7085 0.5338 2.6567
6.2795 0.0000 102.3007 0.0103 235.2816 0.5395 3.4257
5.7324 0.0000 102.3156 0.0000 233.9261 0.5447 3.8959
5.2713 0.0000 102.3021 0.0000 232.9964 0.5525 4.2250
4.8906 0.0000 102.2772 0.0000 232.5837 0.5655 4.4361
4.5204 0.0000 102.2627 0.0000 232.6669 0.5848 4.3564
4.1229 0.0000 102.2659 0.0000 233.0879 0.6073 3.9705
3.6130 0.0000 102.2540 0.0000 233.4724 0.6270 3.7138
3.0344 0.0000 102.2345 0.0000 233.1092 0.6426 3.6266
2.4987 0.0000 102.2140 0.0000 232.7301 0.6536 3.5721
2.0014 0.0001 102.1795 0.0000 234.7448 0.6596 3.4220
1.5149 0.0008 102.1457 0.0000 246.6890 0.6560 3.2289
1.0428 0.0032 102.1512 0.0000 269.4814 0.6431 3.2895
0.8434 0.0039 102.1739 0.0000 280.6176 0.6330 3.2431
0.8394 0.0060 102.1699 0.0416 282.3916 0.6293 3.1773
0.9867 0.0030 102.1363 42.3909 275.0332 0.6299 3.2159
