-0.5111 0.0008 102.2621 126.8099 263.4489 0.5392 4.6146
0.9784 0.0000 102.2847 321.9236 231.6897 0.5404 4.4912
3.0691 0.0000 102.2529 480.1284 227.2136 0.5195 4.6371
4.7831 0.0000 102.1576 575.3230 228.2934 0.4959 4.4231
5.7845 0.0000 102.0385 595.0795 229.3531 0.4918 3.9173
6.5265 0.0000 101.9252 542.4516 231.7227 0.4914 3.6437
6.9057 0.0000 101.8433 423.3922 235.2643 0.4949 3.6322
6.9433 0.0000 101.8009 262.1414 237.6825 0.4979 3.7100
6.5953 0.0000 101.7885 88.0857 238.7180 0.5072 4.0439
6.0530 0.0000 101.7906 1.1650 238.3209 0.5141 4.7730
5.5409 0.0000 101.7906 0.0000 237.4097 0.5135 5.1996
5.0269 0.0000 101.7879 0.0000 236.2603 0.5143 5.0413
4.5305 0.0000 101.7938 0.0000 235.1396 0.5177 4.4444
4.0577 0.0000 101.7976 0.0000 234.5080 0.5228 4.1418
3.5757 0.0000 101.7829 0.0000 236.4021 0.5300 4.0814
3.0926 0.0000 101.7597 0.0000 243.8405 0.5385 3.7730
2.6671 0.0000 101.7390 0.0000 253.3819 0.5456 3.3272
2.3120 0.0000 101.7234 0.0000 259.5716 0.5513 3.2225
1.9666 0.0000 101.6962 0.0000 263.9167 0.5564 3.5404
1.6013 0.0000 101.6551 0.0000 266.8168 0.5616 4.0680
1.2588 0.0000 101.6151 0.0000 272.4316 0.5666 4.4017
1.0476 0.0000 101.5785 0.0000 274.8747 0.5714 4.5245
0.9471 0.0000 101.5379 0.0000 276.1043 0.5761 4.7057
0.9662 0.0000 101.5416 23.0124 273.4789 0.5805 3.9091
