-1.1307 0.0002 102.7754 125.7102 256.2806 0.5187 4.5616
0.4779 0.0000 102.7980 287.0060 239.6335 0.5259 4.3862
2.6230 0.0000 102.7724 449.4711 232.2307 0.5144 4.3832
4.4907 0.0000 102.6770 562.3144 227.8023 0.4878 4.0403
5.5007 0.0000 102.5563 585.9303 227.2702 0.4807 3.4206
6.2291 0.0000 102.4414 532.9136 229.2740 0.4776 3.0120
6.6541 0.0000 102.3577 415.7013 232.3772 0.4779 2.8694
6.7903 0.0000 102.3098 255.0474 234.6704 0.4779 2.9166
6.5916 0.0000 102.2929 82.4976 235.9579 0.4818 3.2228
6.1913 0.0000 102.2934 0.7277 236.2539 0.4852 3.9673
5.6907 0.0000 102.2958 0.0000 236.2452 0.4868 4.7593
5.0972 0.0000 102.2831 0.0000 235.7389 0.4915 5.1943
4.5049 0.0000 102.2840 0.0000 234.8387 0.5004 5.0100
3.9700 0.0000 102.3006 0.0000 234.0517 0.5119 4.7849
3.4517 0.0000 102.2864 0.0000 233.4423 0.5246 5.1089
2.8933 0.0000 102.2582 0.0000 234.4190 0.5380 5.0924
2.3657 0.0000 102.2460 0.0000 245.3030 0.5492 4.6174
1.9330 0.0000 102.2444 0.0000 252.8149 0.5572 4.5114
1.5672 0.0000 102.2212 0.0000 258.7369 0.5624 4.7528
1.2553 0.0000 102.1723 0.0000 261.0261 0.5653 5.2465
1.0051 0.0000 102.1206 0.0000 265.5158 0.5667 5.7282
0.8793 0.0000 102.0824 0.0000 271.3513 0.5688 5.8801
0.8330 0.0000 102.0404 0.0000 274.8634 0.5727 6.0589
0.8045 0.0000 102.0282 23.2785 270.6479 0.5795 5.4860
