1.6466 0.0028 103.0397 201.3288 254.6740 0.6065 4.9177
3.3527 0.0004 103.0542 384.3029 240.9367 0.6077 4.6295
4.8646 0.0001 103.0090 541.8345 228.1468 0.5956 4.0991
5.8349 0.0001 102.9092 602.7716 231.8164 0.5840 3.5401
6.5552 0.0001 102.7958 587.6273 237.0621 0.5762 3.0041
7.0757 0.0000 102.7034 513.9581 239.8860 0.5717 2.6592
7.3105 0.0000 102.6391 395.6803 238.0284 0.5729 2.5314
7.2688 0.0000 102.6073 227.9671 237.6755 0.5761 2.4903
6.9692 0.0000 102.6046 54.9228 238.2641 0.5824 2.7060
6.5284 0.0001 102.6291 0.0000 239.5760 0.5927 3.2964
6.0577 0.0001 102.6525 0.0000 239.8321 0.6043 3.8127
5.5334 0.0000 102.6476 0.0000 236.3270 0.6161 4.3575
4.9912 0.0000 102.6273 0.0000 233.2349 0.6271 4.9107
4.5188 0.0000 102.6054 0.0000 231.8684 0.6357 5.2865
4.1960 0.0000 102.6007 0.0000 230.7783 0.6388 5.1669
3.8848 0.0000 102.5917 0.0000 230.3884 0.6359 4.8215
3.5618 0.0000 102.5733 0.0000 229.6143 0.6301 4.7424
3.2715 0.0000 102.5516 0.0000 229.0065 0.6247 4.8202
2.9934 0.0000 102.5076 0.0000 228.3981 0.6206 4.8177
2.7408 0.0000 102.4649 0.0000 227.9562 0.6187 4.6576
2.5039 0.0000 102.4637 0.0000 227.9129 0.6189 4.7145
2.4382 0.0000 102.4915 0.0000 231.6655 0.6194 4.8262
2.5416 0.0000 102.4981 0.1778 246.6445 0.6198 4.5927
2.7565 0.0000 102.4679 49.6776 255.3007 0.6208 4.3456
