1.0054 0.0002 101.4966 161.6915 249.8626 0.5956 6.4646
2.6516 0.0000 101.5302 352.3236 233.6154 0.5953 6.1624
4.7752 0.0000 101.5099 498.0285 234.7071 0.5831 5.7120
6.7427 0.0000 101.4335 583.6010 239.1719 0.5456 4.9370
8.1062 0.0000 101.3151 601.6435 243.2847 0.5188 4.3668
8.9775 0.0000 101.1948 553.4224 246.0927 0.5133 4.1297
9.4679 0.0000 101.1099 435.8231 248.3089 0.5159 4.0574
9.6102 0.0000 101.0566 279.9251 249.1438 0.5206 4.1620
9.2497 0.0000 101.0394 105.5139 249.4763 0.5340 4.3311
8.3737 0.0000 101.0501 3.7048 249.2765 0.5502 4.7865
7.3387 0.0000 101.0954 0.0000 249.0925 0.5623 5.0281
6.3885 0.0000 101.1166 0.0000 252.5776 0.5729 5.1430
5.6134 0.0000 101.1317 0.0000 264.9797 0.5816 4.9736
5.0412 0.0000 101.1489 0.0000 270.9375 0.5884 4.5798
4.6112 0.0000 101.1343 0.0000 274.3505 0.5915 4.6748
4.2924 0.0000 101.0993 0.0000 277.8922 0.5904 4.9579
4.1085 0.0000 101.0741 0.0000 281.3604 0.5868 4.9770
4.0457 0.0000 101.0453 0.0000 284.5059 0.5830 4.9374
4.0577 0.0000 101.0001 0.0000 287.1451 0.5807 4.9258
4.0657 0.0000 100.9512 0.0000 288.5229 0.5806 4.8188
4.0290 0.0000 100.8923 0.0000 288.4270 0.5819 5.0520
3.9023 0.0000 100.8307 0.0000 283.4865 0.5862 5.4961
3.6618 0.0000 100.8570 0.0000 263.9706 0.5949 4.5082
3.4343 0.0000 100.9048 27.5113 261.5984 0.6017 3.5133
