3.6149 0.0062 103.0438 191.2783 263.7977 0.6142 5.3146
4.2226 0.0036 103.0676 329.9702 261.8948 0.5996 4.8973
4.6932 0.0024 103.0341 483.3446 245.6325 0.5994 4.4791
5.1251 0.0017 102.9355 559.5106 242.7885 0.5986 4.0326
5.4511 0.0015 102.8368 561.4379 241.7206 0.5974 3.5803
5.6344 0.0012 102.7588 491.2158 243.1679 0.5963 3.2357
5.6595 0.0007 102.7036 365.7360 243.6185 0.5934 3.0176
5.5397 0.0007 102.6765 206.6892 242.8514 0.5891 2.9199
5.1787 0.0005 102.6751 46.1276 242.3770 0.5887 3.0998
4.6669 0.0003 102.6977 0.0000 242.8814 0.5913 3.5823
4.2156 0.0001 102.7241 0.0000 237.7918 0.5916 3.7421
3.8785 0.0001 102.7258 0.0000 233.1172 0.5897 3.8465
3.7157 0.0000 102.6992 0.0000 229.5641 0.5859 4.0611
3.6793 0.0000 102.6741 0.0000 227.9164 0.5836 4.2852
3.7225 0.0000 102.6572 0.0000 227.6737 0.5852 4.2373
3.6976 0.0000 102.6464 0.0000 228.0061 0.5882 3.8951
3.5677 0.0000 102.6319 0.0000 227.7222 0.5906 3.7571
3.4022 0.0000 102.6030 0.0000 227.4230 0.5927 3.9883
3.2339 0.0000 102.5534 0.0000 226.9202 0.5954 4.3215
3.0845 0.0000 102.5046 0.0000 226.5708 0.5997 4.3533
2.9534 0.0000 102.5033 0.0000 226.7818 0.6039 4.3942
2.9623 0.0000 102.5212 0.0000 228.1945 0.6078 4.4516
3.0993 0.0000 102.5243 0.1792 235.3684 0.6122 4.1293
3.3295 0.0000 102.4994 59.7106 245.1841 0.6184 3.7899
