3.0172 0.0058 103.0501 190.8226 258.8168 0.6131 5.1023
3.8866 0.0025 103.0714 330.0966 257.8306 0.5956 4.6694
4.5828 0.0013 103.0353 500.3277 236.1283 0.5952 4.2201
5.1878 0.0008 102.9328 581.1415 233.1319 0.5939 3.7662
5.6441 0.0005 102.8288 584.5249 232.0159 0.5925 3.3331
5.9142 0.0002 102.7498 511.8899 234.0756 0.5920 3.0118
5.9819 0.0001 102.6920 381.9477 235.1952 0.5900 2.8255
5.8466 0.0001 102.6643 216.9637 234.7693 0.5862 2.7770
5.3955 0.0002 102.6632 48.9693 235.0420 0.5876 3.0918
4.7208 0.0002 102.6873 0.0000 237.9961 0.5932 3.7792
4.0923 0.0002 102.7137 0.0000 235.4412 0.5955 4.0383
3.6112 0.0001 102.7168 0.0000 233.2830 0.5932 4.1825
3.3585 0.0001 102.6888 0.0000 228.4223 0.5884 4.4313
3.2654 0.0000 102.6642 0.0000 226.1199 0.5838 4.6697
3.2795 0.0000 102.6503 0.0000 225.6615 0.5824 4.5456
3.2417 0.0000 102.6459 0.0000 225.8009 0.5831 4.0962
3.0921 0.0000 102.6316 0.0000 225.2694 0.5835 3.9152
2.9017 0.0000 102.5987 0.0000 224.8442 0.5840 4.1481
2.7128 0.0000 102.5495 0.0000 224.2723 0.5856 4.4493
2.5437 0.0000 102.5061 0.0000 223.9721 0.5894 4.3848
2.3805 0.0000 102.5088 0.0000 224.3075 0.5932 4.4080
2.3654 0.0000 102.5219 0.0000 226.4476 0.5969 4.4365
2.5030 0.0000 102.5198 0.1128 235.0307 0.6014 4.0859
2.7510 0.0000 102.4921 54.0448 245.9412 0.6081 3.8068
