-1.2237 0.0017 101.1789 109.0989 267.9069 0.5238 3.7986
0.3645 0.0000 101.2021 287.0686 237.4893 0.5246 4.0873
2.4405 0.0000 101.1745 451.6480 230.0667 0.5176 4.2143
4.4193 0.0000 101.0875 545.9042 232.0473 0.4978 4.0623
5.5207 0.0000 100.9648 571.5437 233.0298 0.4929 3.4969
6.3289 0.0000 100.8517 525.5638 235.3519 0.4894 3.1929
6.7517 0.0000 100.7627 411.3881 238.8633 0.4892 3.1459
6.7741 0.0000 100.7241 257.5325 239.6931 0.4904 3.2598
6.3155 0.0000 100.7140 89.6107 239.0470 0.4970 3.7442
5.5514 0.0000 100.7145 1.7026 237.1268 0.5021 4.5390
4.8644 0.0000 100.7253 0.0000 234.9415 0.4997 4.6610
4.3195 0.0000 100.7296 0.0000 233.3016 0.4978 4.1787
3.8865 0.0000 100.7366 0.0000 232.7576 0.4973 3.6517
3.5224 0.0000 100.7310 0.0000 234.0770 0.4977 3.4479
3.1904 0.0000 100.7162 0.0000 240.0088 0.5001 3.3009
2.9281 0.0000 100.6928 0.0000 249.9895 0.5036 2.9266
2.7463 0.0000 100.6667 0.0000 258.3169 0.5077 2.5743
2.5985 0.0000 100.6568 0.0000 263.9428 0.5128 2.2501
2.4202 0.0000 100.6267 0.0000 267.6670 0.5187 2.1767
2.1842 0.0000 100.5781 0.0000 274.7136 0.5249 2.4291
1.9442 0.0000 100.5329 0.0000 278.6363 0.5312 2.7016
1.7299 0.0000 100.4851 0.0000 280.5004 0.5370 3.3118
1.4932 0.0000 100.4467 0.0000 279.6482 0.5429 3.9754
1.4607 0.0003 100.4769 16.9912 277.8992 0.5484 3.6926
