-2.4422 0.0001 102.5481 156.1027 240.0552 0.4751 4.1358
-0.4831 0.0000 102.5696 317.7008 224.8597 0.4943 3.6094
2.4011 0.0000 102.5468 454.1859 225.9188 0.4669 3.3532
4.2006 0.0000 102.4514 549.8214 225.7185 0.4361 2.8272
5.0029 0.0000 102.3262 567.5350 224.8765 0.4340 2.3344
5.5527 0.0000 102.2239 512.2909 225.9382 0.4372 2.0775
5.8978 0.0000 102.1437 402.6662 225.6946 0.4395 2.0302
5.8991 0.0000 102.1013 240.6408 227.4124 0.4429 2.1531
5.5513 0.0000 102.0922 70.5757 228.4063 0.4482 2.6798
4.9849 0.0000 102.0940 0.1531 228.1148 0.4518 3.6091
4.3318 0.0000 102.0975 0.0000 227.4628 0.4543 4.4315
3.6403 0.0000 102.0830 0.0000 226.8241 0.4578 5.0892
2.9813 0.0000 102.0634 0.0000 226.4574 0.4624 5.3712
2.4339 0.0000 102.0761 0.0000 226.5737 0.4683 5.1683
2.0068 0.0000 102.0930 0.0000 226.9602 0.4763 5.0074
1.6066 0.0000 102.0592 0.0000 227.4008 0.4852 5.1491
1.2037 0.0000 102.0424 0.0000 229.2657 0.4941 4.8522
0.8663 0.0000 102.0475 0.0000 237.4421 0.5034 4.4089
0.5993 0.0000 102.0323 0.0000 243.0970 0.5134 4.3402
0.3744 0.0000 101.9809 0.0000 251.0503 0.5255 4.5775
0.1639 0.0000 101.9240 0.0000 251.1841 0.5401 5.0145
-0.0335 0.0002 101.8809 0.0000 246.9155 0.5556 5.3715
-0.2931 0.0012 101.8470 0.0000 251.9922 0.5654 5.5214
-0.6101 0.0024 101.8116 26.6958 263.8783 0.5681 5.3178
