2.4308 0.0049 103.0527 192.4487 256.5889 0.6058 4.9124
3.5726 0.0019 103.0716 342.9360 253.1534 0.5951 4.5482
4.5378 0.0009 103.0337 512.1040 233.0072 0.5923 4.1008
5.2410 0.0005 102.9324 586.7862 232.0873 0.5906 3.6181
5.7750 0.0004 102.8246 586.1774 232.4473 0.5894 3.1531
6.1248 0.0002 102.7419 511.7592 235.2490 0.5884 2.8082
6.2458 0.0001 102.6824 384.6872 235.7893 0.5879 2.6182
6.1400 0.0001 102.6523 219.0091 235.5867 0.5865 2.5601
5.7410 0.0001 102.6512 50.2305 235.9184 0.5886 2.8361
5.1584 0.0002 102.6745 0.0000 239.7712 0.5947 3.5059
4.5911 0.0002 102.7004 0.0000 239.4777 0.5999 3.8789
4.0936 0.0001 102.7018 0.0000 236.2593 0.6019 4.1865
3.7206 0.0001 102.6750 0.0000 230.8857 0.6013 4.5734
3.4741 0.0000 102.6529 0.0000 227.7944 0.5992 4.8963
3.3604 0.0000 102.6415 0.0000 226.9182 0.5975 4.7890
3.2450 0.0000 102.6373 0.0000 226.7705 0.5957 4.3344
3.0675 0.0000 102.6225 0.0000 226.1789 0.5934 4.1544
2.8712 0.0000 102.5911 0.0000 225.7149 0.5920 4.3617
2.6772 0.0000 102.5432 0.0000 225.1829 0.5921 4.5699
2.4957 0.0000 102.5032 0.0000 224.9138 0.5942 4.4199
2.3144 0.0000 102.5040 0.0000 225.2830 0.5967 4.4410
2.2876 0.0000 102.5177 0.0000 228.2759 0.5992 4.4801
2.4208 0.0000 102.5147 0.1121 237.0502 0.6023 4.1781
2.6675 0.0000 102.4857 51.1817 249.4141 0.6074 3.9355
