-0.8490 0.0004 98.7034 179.6497 253.9159 0.5397 4.4717
1.4100 0.0000 98.7212 408.1543 215.0980 0.5606 4.1394
4.3114 0.0000 98.6895 546.9891 220.1589 0.5478 3.9592
6.4445 0.0000 98.6091 624.5930 227.0144 0.5163 3.2737
7.6800 0.0000 98.5060 632.8461 231.9196 0.5076 2.6545
8.4604 0.0000 98.4091 573.5099 236.1180 0.5087 2.5873
8.8186 0.0000 98.3394 446.0589 240.8497 0.5140 2.8543
8.7703 0.0000 98.3091 280.5451 242.1490 0.5182 3.1571
8.2243 0.0000 98.3037 97.3549 242.7031 0.5283 3.6332
7.2924 0.0000 98.3125 1.4422 241.6935 0.5346 4.2937
6.2663 0.0000 98.3224 0.0000 239.8772 0.5363 4.5138
5.3489 0.0000 98.3216 0.0000 237.9054 0.5387 4.1360
4.6667 0.0000 98.3248 0.0000 236.3812 0.5405 3.7044
4.1829 0.0000 98.3269 0.0000 242.3463 0.5418 3.4244
3.8348 0.0000 98.3239 0.0000 245.8652 0.5434 3.0866
3.5764 0.0000 98.3071 0.0000 254.4914 0.5448 2.9513
3.4049 0.0000 98.2768 0.0000 262.4817 0.5465 2.9396
3.2850 0.0000 98.2439 0.0000 269.0936 0.5488 2.9037
3.1528 0.0000 98.2183 0.0000 274.0317 0.5507 2.6712
3.0171 0.0000 98.1830 0.0000 274.0895 0.5516 2.7145
2.8505 0.0000 98.1583 0.0000 275.3469 0.5519 3.0439
2.7918 0.0000 98.1421 0.0000 273.6000 0.5527 3.4395
2.8221 0.0000 98.1069 0.0000 271.5469 0.5542 4.0130
2.8723 0.0000 98.1016 35.1426 269.0485 0.5563 3.7774
