0.3881 0.0005 100.7545 160.8322 246.2327 0.5669 6.3820
2.2192 0.0001 100.7881 347.3089 232.6870 0.5666 6.0871
4.4224 0.0000 100.7670 496.1511 232.2711 0.5602 5.4544
6.4550 0.0000 100.6906 580.9207 236.8927 0.5316 4.3101
7.9462 0.0000 100.5721 598.3894 241.5745 0.5103 3.7321
8.8945 0.0000 100.4519 549.9269 244.8608 0.5096 3.5491
9.4677 0.0000 100.3662 432.7961 247.4249 0.5148 3.4587
9.6484 0.0000 100.3128 277.1142 248.5382 0.5220 3.5022
9.2944 0.0000 100.2957 103.6231 248.8463 0.5344 3.7206
8.3584 0.0000 100.3051 3.4738 248.2950 0.5482 4.3632
7.2179 0.0000 100.3504 0.0000 247.5657 0.5578 4.7132
6.1946 0.0000 100.3780 0.0000 248.9577 0.5648 4.6865
5.3982 0.0000 100.3928 0.0000 260.9899 0.5689 4.5716
4.8287 0.0000 100.4072 0.0000 267.7590 0.5713 4.2534
4.4199 0.0000 100.3970 0.0000 270.9299 0.5708 4.2462
4.1419 0.0000 100.3631 0.0000 274.9778 0.5671 4.4043
4.0074 0.0000 100.3367 0.0000 278.0172 0.5624 4.4163
3.9974 0.0000 100.3079 0.0000 282.0327 0.5582 4.3520
4.0659 0.0000 100.2647 0.0000 285.1492 0.5555 4.3478
4.1201 0.0000 100.2138 0.0000 287.2743 0.5552 4.3041
4.1181 0.0000 100.1538 0.0000 288.2311 0.5564 4.6185
4.0176 0.0000 100.0898 0.0000 286.1730 0.5605 5.2198
3.7912 0.0000 100.1129 0.0000 275.6737 0.5675 4.4591
3.5728 0.0000 100.1662 25.0770 266.0423 0.5728 3.4765
