-0.6424 0.0020 100.2801 151.6148 250.6870 0.5374 5.9497
1.0861 0.0002 100.3072 348.4750 226.1794 0.5397 5.6511
3.2897 0.0000 100.2784 496.8319 226.4101 0.5336 5.3994
5.1990 0.0000 100.1959 581.9001 230.8845 0.5120 4.7066
6.5809 0.0000 100.0813 599.3415 234.8092 0.4963 4.0080
7.5215 0.0000 99.9690 546.9236 239.0473 0.4952 3.8038
8.0781 0.0000 99.8844 428.7704 242.5656 0.4986 3.7516
8.1890 0.0000 99.8410 271.7514 243.8464 0.5046 3.8806
7.6940 0.0000 99.8239 98.4051 243.4890 0.5186 4.4003
6.5860 0.0000 99.8324 2.4733 241.2232 0.5328 5.5047
5.4158 0.0000 99.8597 0.0000 238.3851 0.5374 5.8026
4.5128 0.0000 99.8848 0.0000 236.3921 0.5385 5.2513
3.8974 0.0000 99.8939 0.0000 240.0562 0.5358 4.8589
3.4987 0.0000 99.8969 0.0000 249.8955 0.5317 4.3616
3.2648 0.0000 99.8854 0.0000 255.9740 0.5273 3.9960
3.1454 0.0000 99.8529 0.0000 263.5667 0.5235 3.8629
3.1206 0.0000 99.8274 0.0000 268.2551 0.5217 3.8673
3.1418 0.0000 99.8015 0.0000 272.6891 0.5219 3.9458
3.1452 0.0000 99.7647 0.0000 276.8831 0.5235 4.1877
3.0586 0.0000 99.7145 0.0000 281.0308 0.5267 4.3976
2.8925 0.0000 99.6705 0.0000 282.8603 0.5312 4.5224
2.6688 0.0000 99.6185 0.0000 283.8487 0.5369 4.9284
2.4040 0.0000 99.6044 0.0000 283.0642 0.5432 4.7809
2.2989 0.0000 99.6512 22.7655 270.6743 0.5478 3.6438
