-0.8204 0.0017 101.9187 117.1502 268.0487 0.5328 4.0576
0.6938 0.0000 101.9412 311.9920 232.3376 0.5348 4.0623
2.8296 0.0000 101.9126 474.5319 226.3554 0.5181 4.3269
4.6031 0.0000 101.8173 566.0740 228.9922 0.4972 4.2233
5.6331 0.0000 101.6959 589.5050 229.4120 0.4926 3.7415
6.4061 0.0000 101.5795 536.4997 232.9628 0.4905 3.4796
6.8151 0.0000 101.4952 419.9880 236.5074 0.4923 3.4618
6.8585 0.0000 101.4551 260.7292 238.7869 0.4942 3.5458
6.4838 0.0000 101.4419 88.7855 239.3091 0.5017 3.9009
5.8751 0.0000 101.4455 1.3753 238.1848 0.5084 4.6316
5.3134 0.0000 101.4502 0.0000 236.4930 0.5075 4.9079
4.8072 0.0000 101.4512 0.0000 234.8242 0.5069 4.5130
4.3515 0.0000 101.4609 0.0000 233.6502 0.5075 3.8313
3.9242 0.0000 101.4587 0.0000 233.5141 0.5090 3.5331
3.4771 0.0000 101.4439 0.0000 236.6724 0.5126 3.3759
3.0327 0.0000 101.4200 0.0000 246.5176 0.5181 3.0145
2.6453 0.0000 101.3986 0.0000 255.2069 0.5240 2.6942
2.3066 0.0000 101.3823 0.0000 261.0568 0.5301 2.6662
1.9599 0.0000 101.3535 0.0000 264.4048 0.5367 2.9778
1.5840 0.0000 101.3070 0.0000 269.6015 0.5445 3.4900
1.2250 0.0000 101.2662 0.0000 274.4562 0.5532 3.7500
0.9788 0.0000 101.2272 0.0000 276.7478 0.5612 3.9394
0.8189 0.0000 101.1882 0.0000 277.2257 0.5684 4.1349
0.8030 0.0000 101.2056 20.5473 275.0060 0.5742 3.3156
