-2.1609 0.0017 103.0716 171.9281 252.4539 0.5039 3.0529
0.5228 0.0001 103.0781 376.0201 222.1462 0.5400 3.1679
3.2669 0.0000 103.0436 511.5563 221.7468 0.5329 2.9027
4.4299 0.0000 102.9414 573.8001 227.2698 0.5201 2.2265
5.1809 0.0000 102.8241 573.1222 229.8494 0.5179 1.7035
5.7307 0.0000 102.7285 508.7600 231.9056 0.5195 1.3483
6.0647 0.0000 102.6563 390.8574 231.9122 0.5202 1.1743
6.0585 0.0000 102.6166 227.9672 231.9653 0.5230 1.1876
5.7626 0.0000 102.6075 58.7534 231.4344 0.5268 1.4213
5.3703 0.0000 102.6297 0.0016 231.2628 0.5308 1.9344
4.9554 0.0000 102.6390 0.0000 233.4598 0.5370 2.5259
4.4904 0.0000 102.6254 0.0000 232.6274 0.5467 3.3057
3.9710 0.0000 102.5997 0.0000 229.8420 0.5610 4.1628
3.3681 0.0000 102.5854 0.0000 229.1911 0.5789 4.7501
2.7056 0.0000 102.5999 0.0000 228.4170 0.5960 4.8721
2.0281 0.0000 102.6044 0.0000 227.8627 0.6077 4.7365
1.3909 0.0000 102.5745 0.0000 227.3053 0.6126 4.8298
0.8068 0.0000 102.5494 0.0000 227.5413 0.6108 4.8133
0.2669 0.0001 102.5392 0.0000 236.6603 0.6031 4.0680
-0.2207 0.0032 102.5235 0.0000 254.4733 0.5903 3.4109
-0.5858 0.0073 102.4972 0.0000 266.7551 0.5756 3.3399
-0.6753 0.0051 102.4710 0.0000 272.0165 0.5675 3.4201
-0.6316 0.0038 102.4448 0.0000 265.1116 0.5645 3.7626
-0.4852 0.0029 102.4083 36.0781 265.4553 0.5645 4.0273
