-0.8937 0.0020 101.7611 114.7481 269.6038 0.5314 3.9002
0.6226 0.0000 101.7837 312.4345 231.6088 0.5335 3.9377
2.7835 0.0000 101.7557 475.5095 225.5212 0.5175 4.2480
4.5641 0.0000 101.6604 564.2634 229.1535 0.4977 4.1849
5.6005 0.0000 101.5384 588.5013 229.4919 0.4931 3.7168
6.3821 0.0000 101.4213 535.3154 233.4436 0.4908 3.4684
6.7973 0.0000 101.3364 419.4230 237.0136 0.4922 3.4585
6.8344 0.0000 101.2975 260.7273 239.2528 0.4940 3.5492
6.4387 0.0000 101.2843 89.3368 239.5822 0.5015 3.9170
5.7954 0.0000 101.2886 1.4654 238.1761 0.5085 4.6512
5.2130 0.0000 101.2946 0.0000 236.1788 0.5073 4.8592
4.7107 0.0000 101.2976 0.0000 234.3155 0.5061 4.3540
4.2717 0.0000 101.3085 0.0000 233.1172 0.5054 3.6229
3.8618 0.0000 101.3037 0.0000 233.1658 0.5053 3.3188
3.4293 0.0000 101.2890 0.0000 236.9575 0.5072 3.1024
3.0040 0.0000 101.2650 0.0000 247.9501 0.5113 2.7094
2.6370 0.0000 101.2430 0.0000 256.1583 0.5165 2.4297
2.3105 0.0000 101.2255 0.0000 261.8264 0.5225 2.4279
1.9671 0.0000 101.1960 0.0000 264.7997 0.5295 2.7453
1.5868 0.0000 101.1482 0.0000 270.7247 0.5381 3.2545
1.2186 0.0000 101.1080 0.0000 275.2617 0.5481 3.4787
0.9574 0.0000 101.0684 0.0000 277.3627 0.5574 3.6813
0.7771 0.0000 101.0300 0.0000 277.5048 0.5656 3.8718
0.7555 0.0000 101.0526 19.7009 275.7385 0.5717 3.0273
