-1.0886 0.0013 102.5062 108.7927 267.3458 0.5246 3.7220
0.5067 0.0000 102.5309 278.6162 239.8727 0.5270 3.8852
2.6716 0.0000 102.5034 451.6034 229.6241 0.5158 4.0824
4.6535 0.0000 102.4080 550.7990 229.9968 0.4940 3.9342
5.6929 0.0000 102.2820 578.1760 229.4053 0.4883 3.4101
6.4355 0.0000 102.1648 525.7366 233.0752 0.4846 3.0723
6.8568 0.0000 102.0759 412.6670 236.1886 0.4833 2.9442
6.9355 0.0000 102.0331 255.1138 238.3165 0.4832 2.9711
6.6504 0.0000 102.0192 85.3926 239.1903 0.4873 3.2871
6.1689 0.0000 102.0197 1.1912 238.5594 0.4908 4.0222
5.6556 0.0000 102.0221 0.0000 237.2805 0.4899 4.5096
5.1291 0.0000 102.0171 0.0000 235.6872 0.4904 4.4513
4.6175 0.0000 102.0258 0.0000 234.4384 0.4927 3.9854
4.1334 0.0000 102.0274 0.0000 233.7236 0.4963 3.7973
3.6202 0.0000 102.0127 0.0000 234.0267 0.5022 3.7925
3.1009 0.0000 101.9943 0.0000 242.6381 0.5103 3.3693
2.6472 0.0000 101.9749 0.0000 252.8386 0.5192 3.0373
2.2452 0.0000 101.9656 0.0000 258.8896 0.5287 2.9260
1.8540 0.0000 101.9402 0.0000 262.6212 0.5387 3.0731
1.4736 0.0000 101.8858 0.0000 267.2763 0.5489 3.5359
1.1336 0.0000 101.8390 0.0000 272.9953 0.5590 3.9128
0.9084 0.0000 101.7976 0.0000 276.5696 0.5673 4.2640
0.7597 0.0000 101.7533 0.0000 278.2228 0.5735 4.6469
0.6936 0.0001 101.7717 20.1412 273.8498 0.5792 4.1261
