-1.4832 0.0017 98.7034 201.1539 239.9992 0.5062 2.9953
0.6283 0.0001 98.7125 400.3545 221.1657 0.5209 3.1995
3.3059 0.0000 98.6757 545.3698 220.1967 0.5015 3.4014
5.3167 0.0000 98.5798 627.9537 222.9647 0.4772 2.8531
6.3873 0.0000 98.4716 632.5190 226.9297 0.4854 2.1528
7.1309 0.0000 98.3828 568.6813 230.4014 0.4960 1.7278
7.5777 0.0000 98.3161 443.5714 232.9797 0.5038 1.7485
7.6214 0.0000 98.2873 272.3300 234.5675 0.5105 2.0042
7.1571 0.0000 98.2851 85.8949 235.2289 0.5204 2.6035
6.2949 0.0000 98.3001 0.3763 233.7876 0.5276 3.4771
5.3628 0.0000 98.3116 0.0000 232.5547 0.5315 3.8401
4.5138 0.0000 98.2975 0.0000 231.8644 0.5344 3.8906
3.8143 0.0000 98.2890 0.0000 231.3654 0.5368 3.6702
3.3047 0.0000 98.2887 0.0000 231.1237 0.5390 3.3526
2.9396 0.0000 98.2923 0.0000 231.9523 0.5410 3.1448
2.5652 0.0000 98.2707 0.0000 232.7237 0.5415 2.9539
2.2193 0.0000 98.2495 0.0000 235.3445 0.5407 2.9123
1.9343 0.0000 98.2191 0.0000 241.6134 0.5395 2.8917
1.6772 0.0000 98.1781 0.0000 250.3132 0.5384 2.5053
1.4622 0.0000 98.1531 0.0000 261.3834 0.5378 1.9429
1.3232 0.0000 98.1479 0.0000 259.1298 0.5374 1.8285
1.3271 0.0000 98.1419 0.0000 258.4394 0.5381 2.1748
1.3571 0.0000 98.1237 0.0025 254.6577 0.5404 2.8063
1.3309 0.0004 98.0843 51.8497 247.5221 0.5426 3.5381
