-0.7634 0.0019 101.4544 123.6229 267.0272 0.5340 4.2433
0.7188 0.0000 101.4769 337.7739 225.2294 0.5367 4.1396
2.8885 0.0000 101.4476 489.8621 223.1265 0.5173 4.4479
4.5432 0.0000 101.3522 574.4281 227.8901 0.4984 4.3745
5.5623 0.0000 101.2333 594.3434 229.3773 0.4943 3.9150
6.3394 0.0000 101.1176 540.9612 233.0434 0.4934 3.6993
6.7464 0.0000 101.0358 423.0225 236.7708 0.4965 3.7453
6.7622 0.0000 100.9989 263.3983 239.0618 0.4998 3.8760
6.3179 0.0000 100.9839 90.7894 239.2378 0.5098 4.2792
5.6096 0.0000 100.9901 1.5157 237.7326 0.5188 5.0355
4.9979 0.0000 100.9964 0.0000 235.7331 0.5178 5.1946
4.4901 0.0000 101.0031 0.0000 233.9720 0.5162 4.5886
4.0570 0.0000 101.0128 0.0000 232.8192 0.5148 3.7931
3.6572 0.0000 101.0074 0.0000 233.1602 0.5139 3.4338
3.2543 0.0000 100.9926 0.0000 238.6227 0.5149 3.1249
2.8747 0.0000 100.9670 0.0000 249.9504 0.5180 2.7489
2.5519 0.0000 100.9448 0.0000 256.9894 0.5218 2.4642
2.2675 0.0000 100.9222 0.0000 262.2836 0.5258 2.5173
1.9593 0.0000 100.8909 0.0000 265.7856 0.5305 2.9638
1.5908 0.0000 100.8476 0.0000 270.6399 0.5368 3.5146
1.2165 0.0000 100.8107 0.0000 274.5079 0.5449 3.6808
0.9479 0.0000 100.7742 0.0000 276.6786 0.5535 3.7417
0.7752 0.0000 100.7376 0.0000 276.5853 0.5622 3.7597
0.7932 0.0000 100.7583 19.8110 276.5388 0.5685 2.7220
