1.5977 0.0000 101.9726 153.8152 258.4098 0.6242 6.1346
3.1112 0.0000 102.0052 338.1390 242.4683 0.6255 5.8286
5.1857 0.0000 101.9849 487.6633 242.1333 0.6126 5.5325
7.0983 0.0000 101.9091 581.0415 244.0800 0.5715 5.1084
8.4035 0.0000 101.7907 603.5820 246.4051 0.5369 4.6800
9.2409 0.0000 101.6714 559.9110 247.3378 0.5226 4.5354
9.6966 0.0000 101.5871 441.1690 249.3834 0.5194 4.5779
9.8005 0.0000 101.5337 284.7057 250.0765 0.5200 4.7786
9.4116 0.0000 101.5175 108.7439 250.5052 0.5333 4.8911
8.5700 0.0000 101.5331 4.0999 250.5217 0.5509 5.1066
7.5990 0.0000 101.5775 0.0000 250.6867 0.5627 5.2316
6.6761 0.0000 101.5910 0.0000 257.5144 0.5747 5.4652
5.9021 0.0000 101.6079 0.0000 268.8099 0.5867 5.2062
5.3196 0.0000 101.6246 0.0000 274.7877 0.5967 4.8526
4.8511 0.0000 101.6060 0.0000 277.8866 0.6033 5.0172
4.4710 0.0000 101.5701 0.0000 281.2999 0.6064 5.3316
4.2092 0.0000 101.5457 0.0000 284.8471 0.6066 5.3109
4.0552 0.0000 101.5169 0.0000 286.7847 0.6055 5.2715
3.9708 0.0000 101.4728 0.0000 288.3283 0.6049 5.2390
3.9022 0.0000 101.4279 0.0000 287.9831 0.6054 5.0788
3.8199 0.0000 101.3715 0.0000 286.0668 0.6062 5.2124
3.6889 0.0000 101.3125 0.0000 275.1998 0.6097 5.4442
3.4830 0.0000 101.3435 0.0000 253.7571 0.6183 4.2501
3.2945 0.0000 101.3865 30.7790 256.5970 0.6251 3.3284
