-1.8765 0.0002 102.6563 138.5891 249.7388 0.4946 4.4300
-0.0559 0.0000 102.6789 297.8754 234.7062 0.5111 4.1203
2.6227 0.0000 102.6542 451.6504 229.7052 0.4971 4.1361
4.4534 0.0000 102.5588 556.6689 227.1570 0.4709 3.6490
5.3912 0.0000 102.4333 583.6617 225.0551 0.4640 2.9990
6.0499 0.0000 102.3236 528.6093 227.0520 0.4631 2.6053
6.4746 0.0000 102.2383 411.4060 229.5492 0.4625 2.4505
6.5614 0.0000 102.1954 249.9174 231.6288 0.4638 2.5302
6.3020 0.0000 102.1824 77.9861 232.6825 0.4693 2.9311
5.8287 0.0000 102.1829 0.4427 232.7091 0.4744 3.7847
5.2434 0.0000 102.1853 0.0000 232.4731 0.4785 4.6922
4.5739 0.0000 102.1688 0.0000 232.1382 0.4852 5.3540
3.9066 0.0000 102.1607 0.0000 231.6499 0.4938 5.4759
3.3146 0.0000 102.1825 0.0000 231.2974 0.5030 5.2394
2.7938 0.0000 102.1759 0.0000 231.0631 0.5123 5.4078
2.2580 0.0000 102.1439 0.0000 231.2630 0.5212 5.5716
1.7486 0.0000 102.1326 0.0000 236.7227 0.5290 5.1326
1.3454 0.0000 102.1349 0.0000 245.5242 0.5351 4.8257
1.0394 0.0000 102.1168 0.0000 251.4735 0.5394 4.8823
0.8031 0.0000 102.0654 0.0000 256.6567 0.5430 5.2157
0.6209 0.0000 102.0142 0.0000 257.8236 0.5479 5.6544
0.5293 0.0000 101.9748 0.0000 262.7645 0.5561 5.9059
0.4666 0.0000 101.9331 0.0000 268.3973 0.5664 6.0694
0.3563 0.0002 101.9091 22.5651 271.2616 0.5770 5.7661
