-2.0016 0.0010 103.0932 175.7464 248.6809 0.5064 3.1301
0.6375 0.0000 103.0998 382.3208 217.4557 0.5376 3.1696
3.2542 0.0000 103.0662 506.2566 222.1434 0.5277 2.7312
4.3653 0.0000 102.9649 570.7809 226.8365 0.5163 2.0738
5.0996 0.0000 102.8467 573.1196 228.4961 0.5146 1.6048
5.6329 0.0000 102.7511 506.1695 231.4207 0.5165 1.2769
5.9401 0.0000 102.6798 385.4350 232.4030 0.5178 1.1044
5.9182 0.0000 102.6424 224.8915 231.8160 0.5205 1.1266
5.6171 0.0000 102.6333 57.4222 230.9687 0.5231 1.3887
5.2258 0.0000 102.6555 0.0007 231.1957 0.5259 1.9014
4.8129 0.0000 102.6638 0.0000 235.6180 0.5317 2.4453
4.3394 0.0000 102.6511 0.0000 234.3526 0.5417 3.1826
3.7842 0.0000 102.6277 0.0000 229.5525 0.5561 4.0346
3.1168 0.0000 102.6125 0.0000 228.6240 0.5732 4.6640
2.4010 0.0000 102.6247 0.0000 227.5939 0.5874 4.8234
1.7134 0.0000 102.6333 0.0000 226.8620 0.5961 4.6423
1.1108 0.0000 102.6057 0.0000 226.2980 0.5983 4.6225
0.5808 0.0000 102.5775 0.0000 226.0616 0.5950 4.5252
0.1463 0.0001 102.5695 0.0000 231.5749 0.5884 3.7510
-0.1970 0.0018 102.5483 0.0000 244.4622 0.5798 3.0878
-0.4470 0.0044 102.5188 0.0000 254.5066 0.5697 3.0277
-0.4755 0.0038 102.4895 0.0000 263.1792 0.5631 3.2079
-0.4240 0.0037 102.4632 0.0000 252.7542 0.5591 3.6204
-0.3220 0.0031 102.4277 39.6044 256.0203 0.5573 3.8855
