-0.5987 0.0006 101.8327 147.0376 258.9226 0.5368 4.6332
1.2341 0.0000 101.8474 344.4537 229.8328 0.5418 4.5295
3.6983 0.0000 101.8126 501.3224 227.2846 0.5151 4.5628
5.5805 0.0000 101.7152 595.8025 228.1804 0.4855 4.1397
6.6131 0.0000 101.5994 612.7578 229.3574 0.4837 3.6234
7.2921 0.0000 101.4951 556.3417 231.8184 0.4880 3.4262
7.6254 0.0000 101.4199 434.9415 234.6171 0.4943 3.5070
7.5929 0.0000 101.3818 269.2028 236.5934 0.4998 3.6614
7.1007 0.0000 101.3726 88.8733 237.8191 0.5131 4.1512
6.3285 0.0000 101.3773 0.8525 237.7747 0.5225 5.0240
5.5998 0.0000 101.3788 0.0000 237.3430 0.5244 5.5117
4.9618 0.0000 101.3670 0.0000 236.7256 0.5280 5.4776
4.4172 0.0000 101.3652 0.0000 236.0649 0.5340 4.9460
3.9556 0.0000 101.3734 0.0000 235.9766 0.5407 4.4561
3.5458 0.0000 101.3648 0.0000 237.4146 0.5467 4.2502
3.1602 0.0000 101.3387 0.0000 240.6910 0.5516 3.9702
2.8419 0.0000 101.3139 0.0000 250.1080 0.5552 3.5320
2.6108 0.0000 101.2944 0.0000 256.4978 0.5581 3.1150
2.3646 0.0000 101.2725 0.0000 263.6921 0.5607 2.9848
2.0665 0.0000 101.2402 0.0000 265.9586 0.5630 3.1908
1.7957 0.0000 101.2095 0.0000 268.8059 0.5647 3.6407
1.7141 0.0000 101.1868 0.0000 272.0025 0.5664 3.9917
1.8159 0.0000 101.1437 0.0000 268.5839 0.5678 4.4574
2.0362 0.0000 101.1181 31.5516 266.5878 0.5692 4.2845
