-1.7569 0.0004 102.7210 140.7617 253.3569 0.5023 4.4299
0.1274 0.0000 102.7436 295.6435 237.8650 0.5189 4.1781
2.7320 0.0000 102.7147 445.8607 233.1803 0.5029 4.2166
4.4446 0.0000 102.6194 556.2906 228.7183 0.4755 3.6594
5.3927 0.0000 102.4955 585.5102 225.8455 0.4680 3.0067
6.0635 0.0000 102.3857 531.5331 227.0493 0.4680 2.6150
6.4913 0.0000 102.3014 413.9018 229.1222 0.4674 2.4630
6.5882 0.0000 102.2586 251.0530 231.1953 0.4682 2.5426
6.3229 0.0000 102.2481 77.6479 232.3527 0.4742 2.9367
5.8535 0.0000 102.2486 0.3734 232.4286 0.4798 3.7864
5.3004 0.0000 102.2510 0.0000 232.2550 0.4851 4.6878
4.6719 0.0000 102.2319 0.0000 232.0637 0.4939 5.3873
4.0177 0.0000 102.2212 0.0000 231.8086 0.5052 5.5765
3.4122 0.0000 102.2430 0.0000 231.5917 0.5160 5.3247
2.8710 0.0000 102.2415 0.0000 231.3823 0.5259 5.4405
2.3187 0.0000 102.2070 0.0000 231.2387 0.5339 5.6881
1.7956 0.0000 102.1916 0.0000 234.7070 0.5399 5.2891
1.3887 0.0000 102.1964 0.0000 244.4897 0.5443 4.8442
1.0937 0.0000 102.1783 0.0000 250.3620 0.5473 4.8525
0.8639 0.0000 102.1320 0.0000 256.4356 0.5499 5.1515
0.6798 0.0000 102.0841 0.0000 258.6043 0.5545 5.6059
0.5753 0.0000 102.0472 0.0000 261.9515 0.5633 5.9112
0.4867 0.0000 102.0071 0.0000 267.3035 0.5745 6.1053
0.3306 0.0003 101.9738 24.0523 270.4484 0.5847 5.8868
