0.6103 0.0002 101.4442 177.2400 247.4120 0.5879 5.8908
2.5942 0.0000 101.4675 380.5994 224.4071 0.5955 5.3685
5.1597 0.0000 101.4399 519.3616 229.9226 0.5848 5.1729
7.3517 0.0000 101.3532 600.0316 236.9721 0.5277 4.8911
8.5264 0.0000 101.2421 612.7576 242.6177 0.4982 4.7249
9.1311 0.0000 101.1387 560.1958 245.3866 0.4927 4.8851
9.3473 0.0000 101.0640 439.6937 247.8952 0.4951 5.1248
9.2072 0.0000 101.0209 280.4083 248.2172 0.5004 5.4756
8.5022 0.0000 101.0104 103.0873 247.2828 0.5228 5.8378
7.3231 0.0000 101.0189 2.6666 244.4672 0.5456 6.6486
6.3396 0.0000 101.0388 0.0000 241.7188 0.5526 7.0373
5.5837 0.0000 101.0519 0.0000 240.3063 0.5571 6.7823
4.9614 0.0000 101.0488 0.0000 246.9783 0.5606 6.7011
4.4528 0.0000 101.0630 0.0000 256.9613 0.5656 6.1596
4.0781 0.0000 101.0550 0.0000 264.6623 0.5690 5.7668
3.8002 0.0000 101.0264 0.0000 271.2176 0.5698 5.6029
3.5855 0.0000 100.9967 0.0000 275.4185 0.5691 5.5149
3.3852 0.0000 100.9709 0.0000 279.1870 0.5691 5.3928
3.1816 0.0000 100.9426 0.0000 281.9730 0.5697 5.4626
2.9573 0.0000 100.8974 0.0000 284.2956 0.5716 5.5357
2.7624 0.0000 100.8599 0.0000 284.4756 0.5748 5.5282
2.6384 0.0000 100.8145 0.0000 282.5916 0.5799 5.8005
2.6167 0.0000 100.7845 0.0000 274.6772 0.5874 5.5663
2.6486 0.0000 100.8294 37.0438 250.8549 0.5933 4.2483
