-0.4228 0.0014 101.5703 144.0803 259.6088 0.5473 4.9743
1.2385 0.0001 101.5913 358.9151 222.3923 0.5522 4.7299
3.6078 0.0000 101.5596 505.9500 223.1074 0.5314 4.9116
5.4165 0.0000 101.4667 588.6853 228.7319 0.5019 4.7146
6.4512 0.0000 101.3525 603.9503 231.8030 0.4937 4.2773
7.1745 0.0000 101.2440 549.4741 235.3399 0.4924 4.1389
7.5151 0.0000 101.1643 429.0443 238.9197 0.4965 4.2233
7.4772 0.0000 101.1258 268.2269 240.9575 0.5014 4.3964
6.9459 0.0000 101.1118 93.2802 241.2413 0.5163 4.8364
6.0866 0.0000 101.1188 1.6452 239.6293 0.5291 5.6785
5.3248 0.0000 101.1262 0.0000 237.4931 0.5310 5.9491
4.7235 0.0000 101.1340 0.0000 235.6715 0.5322 5.4113
4.2459 0.0000 101.1399 0.0000 234.8444 0.5329 4.7740
3.8347 0.0000 101.1414 0.0000 238.9722 0.5334 4.3810
3.4610 0.0000 101.1283 0.0000 245.2192 0.5349 3.9755
3.1223 0.0000 101.1019 0.0000 253.7694 0.5371 3.6042
2.8392 0.0000 101.0780 0.0000 260.9249 0.5391 3.3251
2.5942 0.0000 101.0553 0.0000 266.0512 0.5413 3.3104
2.3264 0.0000 101.0248 0.0000 269.2937 0.5442 3.5808
2.0027 0.0000 100.9825 0.0000 273.5780 0.5484 4.0060
1.6761 0.0000 100.9464 0.0000 276.6538 0.5539 4.2011
1.4632 0.0000 100.9096 0.0000 278.0218 0.5604 4.3236
1.3974 0.0000 100.8706 0.0000 277.6509 0.5673 4.3693
1.4833 0.0000 100.8877 22.4278 275.8520 0.5728 3.3730
