-0.2629 0.0013 101.5496 157.5182 254.8665 0.5554 5.3938
1.5457 0.0001 101.5693 372.4616 220.3386 0.5624 5.0682
4.0755 0.0000 101.5369 516.1388 222.9927 0.5419 5.1822
6.0152 0.0000 101.4460 597.1992 229.4800 0.5051 4.9183
7.0714 0.0000 101.3349 609.7423 233.6284 0.4934 4.5013
7.7634 0.0000 101.2309 554.3240 237.3798 0.4912 4.4224
8.0641 0.0000 101.1524 432.6606 240.8463 0.4955 4.5333
7.9910 0.0000 101.1133 271.4894 242.6470 0.5014 4.7429
7.3883 0.0000 101.0993 95.3423 242.8538 0.5194 5.2180
6.3934 0.0000 101.1075 1.7989 240.9574 0.5351 6.1274
5.4997 0.0000 101.1174 0.0000 238.5174 0.5392 6.4482
4.8260 0.0000 101.1272 0.0000 236.5243 0.5424 5.9053
4.3244 0.0000 101.1312 0.0000 235.9464 0.5440 5.3751
3.9177 0.0000 101.1365 0.0000 243.1899 0.5448 4.9562
3.5790 0.0000 101.1246 0.0000 250.4829 0.5459 4.4577
3.2850 0.0000 101.0970 0.0000 257.3417 0.5466 4.0895
3.0436 0.0000 101.0719 0.0000 264.3378 0.5469 3.8539
2.8341 0.0000 101.0492 0.0000 269.2387 0.5477 3.8179
2.5989 0.0000 101.0187 0.0000 272.0918 0.5496 3.9615
2.3093 0.0000 100.9757 0.0000 276.5175 0.5526 4.2888
2.0174 0.0000 100.9396 0.0000 278.7058 0.5568 4.4855
1.8390 0.0000 100.9021 0.0000 279.5484 0.5625 4.6637
1.8396 0.0000 100.8619 0.0000 278.7764 0.5687 4.7187
1.9675 0.0000 100.8797 23.7376 275.6968 0.5741 3.7357
