-1.0117 0.0017 102.2402 105.9059 270.5956 0.5284 3.6347
0.5588 0.0000 102.2634 279.0482 240.3767 0.5293 3.8591
2.6984 0.0000 102.2357 454.9921 229.4418 0.5176 4.0919
4.6707 0.0000 102.1417 550.6667 230.9940 0.4958 3.9818
5.7256 0.0000 102.0159 579.2556 230.2593 0.4908 3.4773
6.4958 0.0000 101.8992 527.6575 233.9057 0.4872 3.1712
6.9093 0.0000 101.8099 414.0896 237.2054 0.4866 3.0785
6.9649 0.0000 101.7681 256.8350 239.1816 0.4869 3.1155
6.6317 0.0000 101.7577 87.0237 239.7795 0.4916 3.4502
6.0847 0.0000 101.7582 1.3514 238.7390 0.4957 4.1725
5.5446 0.0000 101.7619 0.0000 237.0363 0.4942 4.5058
5.0367 0.0000 101.7589 0.0000 235.2616 0.4937 4.2475
4.5679 0.0000 101.7691 0.0000 234.1028 0.4948 3.6788
4.1258 0.0000 101.7673 0.0000 233.7133 0.4969 3.4715
3.6491 0.0000 101.7525 0.0000 235.0118 0.5013 3.4093
3.1719 0.0000 101.7327 0.0000 244.7771 0.5078 2.9818
2.7629 0.0000 101.7104 0.0000 254.7914 0.5151 2.6481
2.4028 0.0000 101.7005 0.0000 260.9532 0.5236 2.4843
2.0386 0.0000 101.6742 0.0000 263.8270 0.5334 2.5621
1.6684 0.0000 101.6217 0.0000 270.1536 0.5440 2.9791
1.3322 0.0000 101.5769 0.0000 275.8036 0.5548 3.3193
1.0994 0.0000 101.5329 0.0000 277.9699 0.5633 3.7557
0.9240 0.0000 101.4907 0.0000 278.6697 0.5696 4.2507
0.8623 0.0001 101.5129 19.8842 274.6156 0.5748 3.7780
