-2.1036 0.0008 102.8931 170.9944 246.0208 0.4972 3.6258
0.2331 0.0000 102.9075 368.0699 217.7893 0.5204 3.5616
3.1268 0.0000 102.8728 485.7582 225.4918 0.4984 3.3634
4.4169 0.0000 102.7750 550.3316 231.6917 0.4816 2.6687
5.1970 0.0000 102.6590 575.2179 228.0127 0.4813 2.0927
5.7701 0.0000 102.5544 522.3156 227.4926 0.4855 1.7820
6.1345 0.0000 102.4788 403.1723 228.6725 0.4875 1.6916
6.1467 0.0000 102.4364 238.8304 229.5579 0.4908 1.7792
5.8253 0.0000 102.4273 66.3329 230.1711 0.4964 2.1949
5.3366 0.0000 102.4425 0.0396 230.1189 0.5015 2.9846
4.7938 0.0000 102.4487 0.0000 229.8947 0.5059 3.7570
4.2262 0.0000 102.4292 0.0000 229.3747 0.5107 4.5025
3.6824 0.0000 102.4053 0.0000 228.7215 0.5166 4.9898
3.2018 0.0000 102.4058 0.0000 228.4203 0.5254 4.9519
2.7914 0.0000 102.4276 0.0000 228.6147 0.5374 4.6164
2.3566 0.0000 102.4066 0.0000 229.0736 0.5503 4.6595
1.8487 0.0000 102.3696 0.0000 229.0865 0.5638 4.8330
1.2855 0.0000 102.3666 0.0000 230.7139 0.5784 4.4015
0.7541 0.0001 102.3650 0.0000 240.0458 0.5898 3.8839
0.2486 0.0022 102.3318 0.0000 255.6310 0.5942 3.8722
-0.2414 0.0075 102.2936 0.0000 269.7607 0.5897 4.1143
-0.6058 0.0056 102.2589 0.0000 276.0536 0.5821 4.4649
-0.9301 0.0068 102.2294 0.0000 280.2925 0.5737 4.7473
-1.0470 0.0066 102.1884 25.5120 285.4661 0.5664 4.6812
