-1.2582 0.0007 102.6072 116.3686 260.8004 0.5166 4.0329
0.3674 0.0000 102.6321 282.7582 238.4248 0.5222 4.0478
2.5928 0.0000 102.6060 449.5313 229.8288 0.5121 4.1488
4.5680 0.0000 102.5106 553.0508 228.6621 0.4893 3.9129
5.5888 0.0000 102.3858 578.4849 228.2863 0.4829 3.3378
6.3075 0.0000 102.2700 525.6431 231.4545 0.4794 2.9595
6.7360 0.0000 102.1823 411.7186 234.4613 0.4779 2.8082
6.8373 0.0000 102.1383 253.5965 236.5742 0.4779 2.8475
6.5880 0.0000 102.1213 83.5460 237.5548 0.4818 3.1768
6.1378 0.0000 102.1218 0.9811 237.3169 0.4850 3.9424
5.6138 0.0000 102.1242 0.0000 236.5913 0.4852 4.6032
5.0379 0.0000 102.1167 0.0000 235.4478 0.4873 4.8039
4.4715 0.0000 102.1212 0.0000 234.3201 0.4917 4.5061
3.9520 0.0000 102.1295 0.0000 233.5983 0.4979 4.3200
3.4327 0.0000 102.1148 0.0000 233.5751 0.5061 4.4363
2.9025 0.0000 102.0941 0.0000 239.1978 0.5162 4.1464
2.4268 0.0000 102.0788 0.0000 249.3249 0.5262 3.7681
2.0160 0.0000 102.0721 0.0000 255.7157 0.5356 3.6772
1.6399 0.0000 102.0480 0.0000 260.7525 0.5440 3.8684
1.2949 0.0000 101.9933 0.0000 263.8189 0.5513 4.3427
0.9972 0.0000 101.9437 0.0000 268.5123 0.5581 4.7610
0.8146 0.0000 101.9037 0.0000 273.8917 0.5644 5.0207
0.7110 0.0000 101.8591 0.0000 276.7110 0.5701 5.2869
0.6610 0.0001 101.8673 20.5752 273.0179 0.5769 4.7560
