0.0613 0.0096 102.0565 159.4093 271.5657 0.5683 2.4737
1.7494 0.0017 102.0641 331.2361 262.5063 0.5823 2.4209
3.8065 0.0000 102.0114 538.0178 228.0041 0.5812 2.5511
5.8145 0.0000 101.8980 604.3685 234.1873 0.5429 2.3856
6.9898 0.0000 101.7736 609.9468 236.3091 0.5336 2.1325
7.7559 0.0000 101.6712 548.5125 237.2057 0.5344 2.0287
8.1740 0.0000 101.5979 421.8305 239.1763 0.5362 2.1431
8.2208 0.0000 101.5671 250.7201 240.0412 0.5377 2.3419
7.8101 0.0000 101.5605 70.9087 239.8459 0.5433 2.9261
7.0378 0.0000 101.5829 0.0375 241.1843 0.5488 3.8560
6.2022 0.0000 101.6013 0.0000 236.2322 0.5523 4.3205
5.4164 0.0000 101.5969 0.0000 234.5124 0.5573 4.4470
4.7912 0.0000 101.5774 0.0000 233.2910 0.5655 4.2506
4.3456 0.0000 101.5661 0.0000 232.8569 0.5778 3.6937
3.9762 0.0000 101.5644 0.0000 232.9157 0.5943 2.9584
3.5065 0.0000 101.5525 0.0000 233.1461 0.6101 2.4530
2.9479 0.0000 101.5338 0.0000 232.7133 0.6240 2.1195
2.3984 0.0000 101.5175 0.0000 232.3499 0.6351 1.9769
1.8506 0.0001 101.4733 0.0000 234.9961 0.6427 2.0144
1.2827 0.0007 101.4333 0.0000 248.3991 0.6434 2.1895
0.7150 0.0028 101.4432 0.0000 278.7295 0.6336 2.6043
0.3493 0.0056 101.4747 0.0000 285.9544 0.6221 2.6395
0.0924 0.0166 101.4781 0.0555 291.6995 0.6135 2.4006
0.1093 0.0106 101.4498 39.1983 287.7706 0.6124 2.2206
