0.0036 0.0065 102.5929 165.2205 269.1159 0.5697 2.7417
1.6017 0.0014 102.6041 332.6988 261.0306 0.5853 2.5985
3.5955 0.0000 102.5587 524.3766 231.6054 0.5846 2.6727
5.2642 0.0000 102.4505 572.6803 240.6214 0.5495 2.3818
6.2779 0.0000 102.3279 590.2020 238.7833 0.5346 2.0731
6.9437 0.0000 102.2290 533.2405 238.1241 0.5306 1.9741
7.2995 0.0000 102.1564 415.7339 236.8152 0.5296 2.0721
7.3239 0.0000 102.1228 246.0668 237.3291 0.5302 2.2338
6.9508 0.0000 102.1136 67.9948 236.9286 0.5348 2.7384
6.2930 0.0000 102.1350 0.0166 235.3880 0.5400 3.5806
5.6480 0.0000 102.1503 0.0000 233.8273 0.5438 4.0482
5.1084 0.0000 102.1388 0.0000 232.7144 0.5493 4.2987
4.7050 0.0000 102.1144 0.0000 232.1778 0.5588 4.3585
4.3744 0.0000 102.1024 0.0000 232.2788 0.5743 4.0883
4.0312 0.0000 102.1044 0.0000 232.7792 0.5947 3.5699
3.5560 0.0000 102.0925 0.0000 233.2461 0.6147 3.2721
2.9884 0.0000 102.0717 0.0000 232.9678 0.6327 3.1572
2.4384 0.0000 102.0515 0.0000 232.6655 0.6472 3.0962
1.9108 0.0001 102.0162 0.0000 234.4691 0.6571 2.9854
1.3791 0.0009 101.9821 0.0000 247.7431 0.6563 2.8960
0.8382 0.0038 101.9893 0.0000 278.2086 0.6422 3.0537
0.5715 0.0054 102.0127 0.0000 289.5621 0.6297 2.9902
0.4943 0.0099 102.0089 0.0311 289.1828 0.6247 2.8949
0.6144 0.0051 101.9769 39.4275 281.8492 0.6254 2.9036
