-0.0271 0.0016 101.7779 160.4466 252.9659 0.5643 5.8545
1.7526 0.0001 101.8000 369.5630 221.8268 0.5700 5.4931
4.1398 0.0000 101.7657 512.5295 224.9126 0.5549 5.5491
6.0846 0.0000 101.6779 593.3776 231.5988 0.5155 5.2903
7.1552 0.0000 101.5676 605.9143 236.3760 0.5004 4.8861
7.8552 0.0000 101.4602 551.5702 240.0275 0.4967 4.7964
8.1859 0.0000 101.3803 432.0336 243.1983 0.4998 4.8753
8.1546 0.0000 101.3385 272.5544 244.5409 0.5047 5.1042
7.6044 0.0000 101.3228 97.2701 244.3334 0.5226 5.5545
6.6426 0.0000 101.3313 2.1126 242.0867 0.5390 6.5252
5.7671 0.0000 101.3426 0.0000 239.4238 0.5431 6.9272
5.0811 0.0000 101.3597 0.0000 237.3812 0.5469 6.4016
4.5546 0.0000 101.3624 0.0000 237.9143 0.5488 6.0298
4.1329 0.0000 101.3695 0.0000 248.2262 0.5499 5.5665
3.8039 0.0000 101.3561 0.0000 255.8065 0.5507 5.0305
3.5237 0.0000 101.3283 0.0000 262.7618 0.5507 4.7214
3.2893 0.0000 101.3046 0.0000 268.6445 0.5499 4.6035
3.0727 0.0000 101.2792 0.0000 272.5590 0.5499 4.6198
2.8344 0.0000 101.2470 0.0000 275.7591 0.5510 4.8044
2.5278 0.0000 101.1969 0.0000 280.1251 0.5538 5.0805
2.1946 0.0000 101.1609 0.0000 281.5053 0.5581 5.2005
1.9284 0.0000 101.1181 0.0000 281.6742 0.5644 5.3792
1.8305 0.0000 101.0829 0.0000 280.6186 0.5721 5.2670
1.8784 0.0000 101.1173 26.1250 269.9323 0.5784 4.0813
