1.6369 0.0032 103.0367 200.7409 256.0750 0.6103 4.9574
3.3683 0.0004 103.0512 384.0833 241.9724 0.6118 4.6522
4.9568 0.0001 103.0045 542.7498 228.4624 0.5980 4.1014
5.9811 0.0001 102.9041 602.9818 232.5860 0.5830 3.5366
6.7268 0.0000 102.7907 587.7696 237.9254 0.5731 3.0051
7.2621 0.0000 102.6967 514.4259 240.6671 0.5681 2.6771
7.5065 0.0000 102.6320 396.9562 238.5497 0.5688 2.5704
7.4686 0.0000 102.6012 229.3329 238.1168 0.5722 2.5428
7.1697 0.0000 102.5980 55.7177 238.4942 0.5793 2.7786
6.7106 0.0000 102.6225 0.0000 239.0034 0.5909 3.3870
6.2126 0.0000 102.6459 0.0000 238.5580 0.6034 3.9107
5.6592 0.0000 102.6400 0.0000 235.9501 0.6158 4.4540
5.0994 0.0000 102.6217 0.0000 233.5645 0.6277 4.9902
4.6119 0.0000 102.5982 0.0000 232.2192 0.6378 5.3374
4.2781 0.0000 102.5950 0.0000 231.2133 0.6420 5.2010
3.9454 0.0000 102.5848 0.0000 230.8288 0.6397 4.8787
3.5945 0.0000 102.5661 0.0000 229.9838 0.6341 4.8090
3.2890 0.0000 102.5460 0.0000 229.3412 0.6283 4.8504
3.0017 0.0000 102.5030 0.0000 228.7347 0.6236 4.8155
2.7399 0.0000 102.4586 0.0000 228.2901 0.6213 4.6708
2.4988 0.0000 102.4575 0.0000 228.1618 0.6211 4.7206
2.4320 0.0000 102.4875 0.0000 232.3663 0.6213 4.8369
2.5313 0.0000 102.4967 0.1928 248.5059 0.6216 4.6093
2.7337 0.0000 102.4664 50.7576 254.7894 0.6224 4.3662
