2.2378 0.0033 102.9916 210.3937 257.5444 0.6415 5.2645
3.6137 0.0003 103.0062 389.7972 245.6227 0.6418 4.7534
5.1546 0.0000 102.9538 544.9633 233.6590 0.6299 4.2363
6.2966 0.0000 102.8551 609.9869 236.3166 0.6094 3.7473
7.1556 0.0000 102.7418 602.5444 239.6224 0.5929 3.2654
7.7368 0.0000 102.6456 531.9349 241.3998 0.5814 2.9660
8.0487 0.0000 102.5791 406.4717 241.5426 0.5744 2.8578
8.1014 0.0000 102.5476 235.1399 241.9291 0.5727 2.8118
7.8942 0.0000 102.5448 58.5561 242.1758 0.5814 2.9968
7.5090 0.0000 102.5648 0.0001 241.6774 0.6015 3.5267
7.0750 0.0000 102.5850 0.0000 240.7342 0.6248 3.9973
6.6107 0.0000 102.5801 0.0000 239.7790 0.6484 4.4024
6.1385 0.0000 102.5602 0.0000 238.7751 0.6702 4.7194
5.7154 0.0000 102.5402 0.0000 237.7516 0.6899 4.8594
5.4458 0.0000 102.5311 0.0000 237.1200 0.7017 4.5966
5.1204 0.0000 102.5192 0.0000 236.8855 0.7063 4.2675
4.7064 0.0000 102.4986 0.0000 235.9898 0.7060 4.1407
4.3312 0.0000 102.4865 0.0000 235.2723 0.7000 4.0109
3.9891 0.0001 102.4449 0.0000 237.7577 0.6899 3.9608
3.6696 0.0004 102.3945 0.0000 240.7794 0.6789 3.9824
3.3841 0.0003 102.3876 0.0000 241.8522 0.6718 4.1050
3.2971 0.0001 102.4289 0.0000 246.5797 0.6656 4.3717
3.3400 0.0001 102.4525 0.3453 256.5414 0.6602 4.3013
3.4612 0.0000 102.4281 64.0483 252.1719 0.6566 4.0654
