-0.8786 0.0001 99.8686 181.6138 243.3337 0.5250 4.2497
1.4769 0.0000 99.8762 400.4708 215.6991 0.5303 4.0844
4.3470 0.0000 99.8406 544.3211 218.9977 0.5017 4.0781
6.3373 0.0000 99.7541 621.7872 225.0008 0.4734 3.4682
7.4170 0.0000 99.6446 630.4391 229.0572 0.4697 2.9164
8.0534 0.0000 99.5513 570.6782 232.2383 0.4760 2.8391
8.3130 0.0000 99.4780 446.7040 235.2293 0.4858 3.1264
8.1779 0.0000 99.4515 277.9536 236.8460 0.4961 3.4326
7.5283 0.0000 99.4433 92.7829 237.9359 0.5132 4.0465
6.4773 0.0000 99.4588 0.9079 237.7840 0.5256 4.8567
5.4482 0.0000 99.4612 0.0000 237.0412 0.5299 5.0678
4.6330 0.0000 99.4568 0.0000 236.0729 0.5336 4.7290
4.0714 0.0000 99.4534 0.0000 235.3064 0.5368 4.0096
3.7093 0.0000 99.4517 0.0000 235.6661 0.5395 3.4508
3.4799 0.0000 99.4458 0.0000 238.7225 0.5420 3.1067
3.3300 0.0000 99.4198 0.0000 243.5080 0.5441 2.8407
3.2304 0.0000 99.3895 0.0000 251.9870 0.5457 2.6742
3.1544 0.0000 99.3628 0.0000 259.3267 0.5470 2.3558
3.0097 0.0000 99.3372 0.0000 268.0501 0.5481 1.8373
2.7987 0.0000 99.3157 0.0000 267.7948 0.5487 1.5660
2.6115 0.0000 99.2884 0.0000 270.2300 0.5488 1.9064
2.6088 0.0000 99.2763 0.0000 270.8589 0.5498 2.3960
2.7851 0.0000 99.2350 0.0000 259.3970 0.5509 3.1281
3.0540 0.0000 99.2018 35.4931 268.0406 0.5521 3.4017
