2.9488 0.0008 103.0397 219.7959 244.5564 0.6201 5.5599
4.1443 0.0003 103.0543 400.7936 234.6837 0.6053 5.0547
5.0200 0.0001 103.0161 544.0164 228.7737 0.5982 4.5403
5.6653 0.0001 102.9203 605.2967 230.7882 0.5996 4.0155
6.2187 0.0001 102.8095 596.8163 233.2901 0.5989 3.4404
6.6338 0.0001 102.7229 512.6419 238.7642 0.5955 3.0210
6.7842 0.0001 102.6639 392.0727 237.0291 0.5973 2.8195
6.7109 0.0001 102.6304 223.5002 236.7159 0.5996 2.7321
6.3977 0.0001 102.6292 51.6824 237.9399 0.6032 2.9019
5.9840 0.0002 102.6537 0.0000 241.8850 0.6097 3.4529
5.5781 0.0001 102.6797 0.0000 244.1245 0.6178 3.8837
5.1434 0.0001 102.6816 0.0000 237.3892 0.6240 4.3141
4.7047 0.0000 102.6553 0.0000 232.4734 0.6270 4.7484
4.4007 0.0000 102.6366 0.0000 230.9013 0.6273 5.0313
4.2751 0.0000 102.6236 0.0000 229.4382 0.6241 4.8618
4.1582 0.0000 102.6124 0.0000 229.2097 0.6185 4.4550
3.9907 0.0000 102.5969 0.0000 228.7767 0.6132 4.4066
3.7611 0.0000 102.5720 0.0000 228.3646 0.6115 4.6097
3.4857 0.0000 102.5236 0.0000 227.6840 0.6110 4.7866
3.2270 0.0000 102.4790 0.0000 227.1613 0.6114 4.7228
2.9867 0.0000 102.4753 0.0000 227.0382 0.6132 4.8361
2.9072 0.0000 102.5035 0.0000 227.9217 0.6154 4.9939
3.0036 0.0000 102.5103 0.2009 238.0215 0.6169 4.7211
3.2461 0.0000 102.4826 49.2634 256.1205 0.6190 4.3476
