-2.1549 0.0022 102.8064 167.1616 254.7761 0.5006 2.7196
0.3752 0.0001 102.8133 373.1001 225.5312 0.5325 3.0371
3.3072 0.0000 102.7738 495.6566 227.6275 0.5237 3.2605
4.6306 0.0000 102.6743 548.3891 236.7596 0.5094 2.6797
5.4528 0.0000 102.5597 578.2485 231.5053 0.5073 2.1159
6.0682 0.0000 102.4590 526.4934 230.3298 0.5087 1.7942
6.4591 0.0000 102.3818 408.2719 230.5096 0.5085 1.6723
6.4767 0.0000 102.3432 241.7672 231.3120 0.5103 1.7117
6.1426 0.0000 102.3341 66.9179 231.3366 0.5147 2.0904
5.6318 0.0000 102.3509 0.0204 230.7724 0.5187 2.8541
5.1038 0.0000 102.3613 0.0000 230.2996 0.5218 3.6029
4.5747 0.0000 102.3411 0.0000 229.7464 0.5257 4.3320
4.0810 0.0000 102.3127 0.0000 229.1990 0.5319 4.8318
3.6462 0.0000 102.3136 0.0000 228.9171 0.5420 4.8140
3.2398 0.0000 102.3308 0.0000 229.0170 0.5560 4.4278
2.7527 0.0000 102.3157 0.0000 229.3650 0.5712 4.2917
2.1786 0.0000 102.2821 0.0000 229.2400 0.5884 4.5425
1.5608 0.0000 102.2673 0.0000 229.1321 0.6068 4.4223
0.9636 0.0001 102.2607 0.0000 237.6352 0.6188 3.7621
0.3415 0.0032 102.2408 0.0000 261.1391 0.6169 3.5758
-0.2961 0.0128 102.2176 0.0000 285.0043 0.6021 3.7702
-0.6532 0.0106 102.1950 0.0000 292.0488 0.5881 3.9981
-0.7404 0.0088 102.1726 0.0000 292.7488 0.5827 4.3270
-0.5897 0.0043 102.1298 27.1691 288.5665 0.5850 4.5280
