0.1523 0.0008 100.7417 163.0369 245.5148 0.5634 6.8640
1.8410 0.0001 100.7727 351.4157 230.3585 0.5632 6.4881
3.9974 0.0000 100.7481 499.1025 230.7457 0.5566 5.9818
5.9815 0.0000 100.6691 583.7925 235.3650 0.5301 5.0734
7.5222 0.0000 100.5507 600.3307 240.1793 0.5053 4.2987
8.5241 0.0000 100.4330 550.4449 243.8741 0.5027 4.0262
9.1278 0.0000 100.3463 432.6867 246.6689 0.5060 3.9012
9.3175 0.0000 100.2955 276.4785 247.7506 0.5126 3.9981
8.8941 0.0000 100.2784 102.6495 247.6484 0.5273 4.4150
7.7564 0.0000 100.2870 3.1695 245.9476 0.5456 5.4103
6.4269 0.0000 100.3298 0.0000 244.0266 0.5576 5.7857
5.3423 0.0000 100.3599 0.0000 243.4453 0.5640 5.6273
4.5800 0.0000 100.3697 0.0000 254.4568 0.5644 5.4616
4.1051 0.0000 100.3814 0.0000 263.3809 0.5626 4.9109
3.8428 0.0000 100.3720 0.0000 267.4789 0.5582 4.7687
3.7253 0.0000 100.3364 0.0000 272.6239 0.5522 4.8969
3.7298 0.0000 100.3066 0.0000 276.0948 0.5477 4.9692
3.8161 0.0000 100.2804 0.0000 280.4124 0.5457 4.9722
3.9245 0.0000 100.2364 0.0000 284.0679 0.5455 5.0891
3.9715 0.0000 100.1863 0.0000 286.5941 0.5475 5.0780
3.9294 0.0000 100.1331 0.0000 287.4099 0.5511 5.2462
3.7672 0.0000 100.0726 0.0000 286.8500 0.5565 5.7777
3.4640 0.0000 100.0829 0.0000 277.3526 0.5633 5.2054
3.2343 0.0000 100.1404 27.5033 261.0148 0.5677 4.0519
