-1.7325 0.0002 102.6288 121.7021 252.6484 0.4977 4.0927
-0.0295 0.0000 102.6565 285.9567 234.6783 0.5080 3.9955
2.3863 0.0000 102.6320 444.5883 228.0990 0.5022 4.0005
4.4865 0.0000 102.5366 545.7429 227.6211 0.4809 3.6953
5.4817 0.0000 102.4102 570.3650 227.5463 0.4739 3.0735
6.1483 0.0000 102.2960 518.0995 230.5395 0.4705 2.6594
6.5859 0.0000 102.2069 405.8065 233.2005 0.4675 2.4637
6.6884 0.0000 102.1645 249.0754 235.0832 0.4675 2.5230
6.4495 0.0000 102.1425 80.8923 235.9469 0.4712 2.9113
6.0014 0.0000 102.1430 0.8217 235.8782 0.4738 3.7608
5.4340 0.0000 102.1454 0.0000 235.4613 0.4746 4.6101
4.7867 0.0000 102.1372 0.0000 234.5598 0.4770 5.0680
4.1444 0.0000 102.1376 0.0000 233.4846 0.4808 4.9905
3.5709 0.0000 102.1505 0.0000 232.8339 0.4866 4.8504
3.0363 0.0000 102.1367 0.0000 232.7974 0.4943 4.9736
2.5115 0.0000 102.1185 0.0000 237.3936 0.5041 4.6689
2.0462 0.0000 102.1074 0.0000 246.4334 0.5144 4.2995
1.6441 0.0000 102.1007 0.0000 252.4985 0.5242 4.2457
1.2923 0.0000 102.0775 0.0000 259.0363 0.5322 4.4662
0.9871 0.0000 102.0170 0.0000 260.4789 0.5387 4.9391
0.7256 0.0000 101.9642 0.0000 262.7804 0.5447 5.3670
0.5657 0.0000 101.9247 0.0000 270.8034 0.5518 5.5646
0.4844 0.0000 101.8787 0.0000 274.9246 0.5591 5.6912
0.4357 0.0002 101.8859 18.8854 273.4930 0.5682 5.1989
