-1.1709 0.0044 103.0990 168.4717 259.0337 0.5377 3.2750
1.2876 0.0008 103.1096 349.7656 240.3724 0.5648 3.3044
3.6222 0.0001 103.0699 515.9376 224.3981 0.5592 3.0175
4.7377 0.0001 102.9677 582.5374 228.1736 0.5505 2.4234
5.4906 0.0000 102.8504 578.9718 231.0417 0.5498 1.9424
6.0412 0.0000 102.7571 508.2769 234.2065 0.5504 1.5791
6.3380 0.0000 102.6879 386.4158 235.0258 0.5515 1.3778
6.3072 0.0000 102.6507 222.5037 235.4455 0.5543 1.3482
5.9901 0.0001 102.6456 54.7366 235.1526 0.5585 1.6247
5.5280 0.0002 102.6672 0.0000 239.2652 0.5654 2.3065
4.9904 0.0002 102.6858 0.0000 243.3047 0.5748 2.9761
4.3869 0.0001 102.6774 0.0000 241.7486 0.5851 3.7374
3.7348 0.0000 102.6542 0.0000 236.0702 0.5956 4.5775
3.0702 0.0000 102.6364 0.0000 229.9320 0.6049 5.2218
2.4794 0.0000 102.6443 0.0000 228.3903 0.6116 5.3238
1.9698 0.0000 102.6496 0.0000 227.3371 0.6130 4.9535
1.5358 0.0000 102.6286 0.0000 226.4705 0.6095 4.7725
1.1885 0.0000 102.5975 0.0000 226.5296 0.6024 4.8570
0.8629 0.0001 102.5688 0.0000 231.8719 0.5934 4.4328
0.5457 0.0016 102.5539 0.0000 240.7808 0.5844 3.7027
0.3006 0.0025 102.5397 0.0000 246.1325 0.5763 3.5475
0.2777 0.0016 102.5245 0.0000 253.8016 0.5721 3.5127
0.4055 0.0011 102.5023 0.0057 253.1382 0.5714 3.6232
0.6344 0.0006 102.4670 42.0910 256.1058 0.5739 3.8479
