-2.1849 0.0024 102.9703 168.8967 256.5011 0.5044 2.8739
0.3804 0.0001 102.9783 370.4790 228.2072 0.5416 3.0798
3.2623 0.0000 102.9415 511.9007 223.9844 0.5370 3.1232
4.5218 0.0000 102.8393 566.1865 231.9795 0.5220 2.4799
5.3019 0.0000 102.7247 572.1735 232.8983 0.5184 1.8966
5.8864 0.0000 102.6278 518.1005 231.9488 0.5187 1.5373
6.2581 0.0000 102.5533 401.8959 231.2449 0.5180 1.3851
6.2882 0.0000 102.5121 235.7806 231.9960 0.5198 1.3958
6.0019 0.0000 102.5029 62.8773 231.9003 0.5242 1.6474
5.5897 0.0000 102.5224 0.0078 231.2615 0.5291 2.2285
5.1635 0.0000 102.5328 0.0000 230.7824 0.5344 2.8972
4.7167 0.0000 102.5154 0.0000 230.4240 0.5421 3.6865
4.2618 0.0000 102.4870 0.0000 230.1074 0.5541 4.4206
3.7764 0.0000 102.4775 0.0000 229.9025 0.5712 4.7720
3.2459 0.0000 102.4948 0.0000 229.7379 0.5909 4.6918
2.6357 0.0000 102.4878 0.0000 229.6968 0.6076 4.6038
1.9832 0.0000 102.4564 0.0000 229.2768 0.6197 4.8461
1.3409 0.0000 102.4366 0.0000 229.5588 0.6269 4.8833
0.7027 0.0002 102.4251 0.0000 240.9399 0.6253 4.2192
0.0540 0.0038 102.4106 0.0000 265.0201 0.6124 3.7215
-0.4989 0.0108 102.3908 0.0000 282.8960 0.5936 3.7323
-0.7320 0.0077 102.3726 0.0000 286.3847 0.5818 3.7791
-0.7284 0.0052 102.3475 0.0002 284.6486 0.5790 4.0314
-0.5328 0.0029 102.3086 30.9281 280.5399 0.5816 4.2644
