-0.4088 0.0017 100.6937 157.3425 248.2976 0.5454 6.3568
1.3559 0.0002 100.7208 353.1156 226.0888 0.5469 6.0364
3.5854 0.0000 100.6904 500.9856 226.6510 0.5399 5.7503
5.5119 0.0000 100.6077 584.7445 231.6914 0.5165 5.0222
6.9087 0.0000 100.4928 600.1881 236.3317 0.4997 4.2900
7.8604 0.0000 100.3794 547.9834 240.4502 0.4983 4.0456
8.4264 0.0000 100.2939 429.9110 243.7937 0.5017 3.9572
8.5576 0.0000 100.2480 272.6001 245.1896 0.5081 4.0765
8.0869 0.0000 100.2309 98.9146 245.0351 0.5229 4.5865
6.9828 0.0000 100.2394 2.5514 242.8653 0.5383 5.7322
5.7824 0.0000 100.2676 0.0000 240.1090 0.5444 6.1261
4.8353 0.0000 100.2952 0.0000 238.1391 0.5468 5.6643
4.1804 0.0000 100.3036 0.0000 242.8200 0.5446 5.3590
3.7577 0.0000 100.3089 0.0000 253.2232 0.5408 4.8336
3.5110 0.0000 100.2983 0.0000 258.7858 0.5360 4.4530
3.3746 0.0000 100.2658 0.0000 265.6466 0.5313 4.3450
3.3298 0.0000 100.2394 0.0000 270.0948 0.5288 4.3713
3.3342 0.0000 100.2135 0.0000 274.5174 0.5285 4.4376
3.3270 0.0000 100.1758 0.0000 278.4730 0.5295 4.6521
3.2346 0.0000 100.1239 0.0000 282.4082 0.5323 4.8331
3.0617 0.0000 100.0791 0.0000 284.0215 0.5367 4.9921
2.8326 0.0000 100.0263 0.0000 284.6562 0.5427 5.4090
2.5839 0.0000 100.0141 0.0000 284.1157 0.5492 5.1682
2.4752 0.0000 100.0635 24.5330 268.2109 0.5538 3.9906
