-1.3895 0.0053 101.9268 167.7423 257.3147 0.5188 2.8102
0.4583 0.0003 101.9334 326.2200 249.4143 0.5375 3.1032
3.3484 0.0000 101.8906 485.7080 234.6475 0.5211 3.5932
5.2835 0.0000 101.7848 580.8768 234.2463 0.4909 3.1597
6.3506 0.0000 101.6634 597.3633 234.4229 0.4922 2.5630
7.0803 0.0000 101.5635 551.3627 231.8755 0.4983 2.2213
7.5035 0.0000 101.4911 429.4794 233.8045 0.5030 2.1699
7.5273 0.0000 101.4501 261.0067 234.8929 0.5079 2.3609
7.1027 0.0000 101.4419 79.5062 235.0007 0.5170 3.0334
6.3646 0.0000 101.4584 0.2132 234.2476 0.5239 4.1545
5.5957 0.0000 101.4648 0.0000 233.5583 0.5281 4.8312
4.8556 0.0000 101.4407 0.0000 233.0440 0.5328 5.2376
4.1706 0.0000 101.4252 0.0000 232.5633 0.5368 5.2491
3.6173 0.0000 101.4346 0.0000 232.2416 0.5397 4.8120
3.2247 0.0000 101.4463 0.0000 232.3312 0.5420 4.3977
2.8621 0.0000 101.4188 0.0000 232.7563 0.5431 4.1819
2.5124 0.0000 101.3925 0.0000 233.6457 0.5446 4.0912
2.1951 0.0000 101.3702 0.0000 237.9827 0.5479 3.8255
1.8710 0.0000 101.3473 0.0000 243.2881 0.5526 3.1755
1.5353 0.0000 101.3224 0.0000 252.6031 0.5583 2.7260
1.2274 0.0001 101.3141 0.0000 260.2512 0.5644 2.8810
1.0348 0.0017 101.3016 0.0000 266.1519 0.5701 3.5393
0.9323 0.0046 101.2762 0.0001 268.8630 0.5745 4.3440
0.9244 0.0020 101.2288 42.6533 257.0627 0.5779 5.0819
