3.5827 0.0008 103.0240 227.2977 247.0024 0.6270 5.9247
4.5742 0.0002 103.0414 407.2956 236.9741 0.6159 5.4354
5.3283 0.0001 103.0035 547.0706 231.3760 0.6097 4.9588
5.8857 0.0001 102.9088 608.7638 232.8450 0.6108 4.4675
6.3391 0.0001 102.8042 600.1727 234.8871 0.6103 3.9030
6.6739 0.0001 102.7192 518.4849 239.0729 0.6072 3.4820
6.7842 0.0001 102.6616 393.0373 238.4488 0.6074 3.2720
6.6986 0.0001 102.6312 224.9785 237.4478 0.6083 3.1723
6.4095 0.0000 102.6285 51.7059 238.2509 0.6118 3.2830
6.0344 0.0001 102.6537 0.0000 240.2933 0.6185 3.7113
5.6777 0.0001 102.6794 0.0000 241.1775 0.6254 4.0334
5.3099 0.0000 102.6812 0.0000 236.7615 0.6304 4.3732
4.9650 0.0000 102.6571 0.0000 233.5177 0.6327 4.7085
4.7437 0.0000 102.6353 0.0000 232.1697 0.6333 4.9198
4.6712 0.0000 102.6195 0.0000 231.1015 0.6325 4.7892
4.5658 0.0000 102.6048 0.0000 230.9894 0.6300 4.4912
4.3917 0.0000 102.5872 0.0000 230.5806 0.6272 4.4858
4.1803 0.0000 102.5647 0.0000 230.2038 0.6268 4.6542
3.9394 0.0000 102.5183 0.0000 229.6630 0.6273 4.7985
3.7163 0.0000 102.4676 0.0000 229.2100 0.6287 4.7865
3.5158 0.0000 102.4585 0.0000 229.0687 0.6310 4.8922
3.4624 0.0000 102.4912 0.0000 229.5606 0.6333 5.0866
3.5465 0.0000 102.5057 0.3145 238.6423 0.6349 4.8839
3.7557 0.0000 102.4834 54.2868 255.4250 0.6371 4.4863
