0.3112 0.0066 102.8890 167.3306 273.6887 0.5878 3.1676
2.0002 0.0007 102.9024 343.3767 258.7222 0.6044 2.8839
4.2080 0.0000 102.8454 531.1692 231.2204 0.6069 2.7339
5.9283 0.0000 102.7342 598.8767 235.6714 0.5699 2.4076
7.1756 0.0000 102.6084 604.4943 236.7330 0.5439 2.0868
7.9360 0.0000 102.5011 539.0477 238.4477 0.5363 1.9920
8.3705 0.0000 102.4283 413.4378 239.7247 0.5341 2.0704
8.4391 0.0000 102.4000 242.2899 240.6194 0.5347 2.2133
8.1280 0.0000 102.3909 64.7663 240.4525 0.5400 2.6675
7.5415 0.0000 102.4153 0.0054 239.1480 0.5482 3.4777
6.9230 0.0000 102.4336 0.0000 237.6662 0.5574 4.0297
6.3633 0.0000 102.4284 0.0000 236.4369 0.5709 4.3849
5.8524 0.0000 102.4017 0.0000 235.5853 0.5920 4.5513
5.3701 0.0000 102.3847 0.0000 235.2177 0.6234 4.4289
4.9111 0.0000 102.3865 0.0000 235.2267 0.6602 3.9300
4.3631 0.0000 102.3746 0.0000 235.3366 0.6895 3.5088
3.7282 0.0000 102.3590 0.0000 234.7665 0.7077 3.2208
3.1346 0.0000 102.3471 0.0000 234.1206 0.7150 2.9786
2.5597 0.0006 102.3057 0.0000 248.9940 0.7066 2.9617
1.9244 0.0021 102.2633 0.0000 268.4865 0.6829 2.9852
1.4355 0.0022 102.2684 0.0000 282.4397 0.6621 3.0794
1.2784 0.0020 102.3084 0.0000 286.6276 0.6508 3.0227
1.2713 0.0034 102.3182 0.1214 278.4951 0.6454 2.9329
1.3998 0.0018 102.2842 51.7589 268.8909 0.6427 2.8879
