5.2567 0.0003 102.9717 261.9908 244.8876 0.6550 6.9194
5.7077 0.0001 103.0008 431.4406 242.2292 0.6502 6.4889
6.1425 0.0001 102.9637 560.2472 238.4773 0.6468 6.1759
6.5351 0.0001 102.8757 621.2175 238.9813 0.6488 5.7601
6.8045 0.0000 102.7798 612.2207 240.0547 0.6505 5.2156
6.9633 0.0000 102.7002 534.0607 242.2861 0.6509 4.7918
7.0009 0.0000 102.6422 402.6276 242.4670 0.6504 4.5739
6.9138 0.0000 102.6157 231.5687 241.4870 0.6500 4.4505
6.6855 0.0000 102.6145 53.5805 241.4614 0.6552 4.4358
6.3972 0.0000 102.6454 0.0000 240.9418 0.6639 4.6113
6.1533 0.0000 102.6644 0.0000 240.2289 0.6702 4.7243
5.9610 0.0000 102.6673 0.0000 239.2190 0.6742 4.8608
5.8470 0.0000 102.6475 0.0000 238.4804 0.6760 4.9254
5.8293 0.0000 102.6226 0.0000 237.9361 0.6772 4.9128
5.8669 0.0000 102.5939 0.0000 237.6499 0.6826 4.8043
5.7910 0.0000 102.5675 0.0000 237.8155 0.6875 4.7315
5.6237 0.0000 102.5516 0.0000 237.4076 0.6897 4.8694
5.4532 0.0000 102.5274 0.0000 237.0926 0.6920 4.9907
5.2706 0.0000 102.4931 0.0000 236.7665 0.6942 5.0280
5.1079 0.0000 102.4333 0.0000 236.3661 0.6972 5.0394
4.9935 0.0000 102.4073 0.0000 236.2070 0.7004 5.0883
5.0064 0.0000 102.4499 0.0000 236.5133 0.7024 5.3614
5.0685 0.0000 102.4807 0.6813 241.7791 0.7027 5.4220
5.1925 0.0000 102.4753 62.4001 260.3635 0.7029 5.0686
