0.5060 0.0004 100.7610 159.7298 246.5917 0.5687 6.1410
2.4083 0.0000 100.7958 345.2555 233.8513 0.5683 5.8867
4.6350 0.0000 100.7764 494.6754 233.0338 0.5621 5.1907
6.6918 0.0000 100.7013 579.4848 237.6566 0.5324 3.9285
8.1582 0.0000 100.5829 597.4188 242.2720 0.5128 3.4488
9.0797 0.0000 100.4613 549.6679 245.3541 0.5130 3.3106
9.6377 0.0000 100.3761 432.8507 247.8029 0.5191 3.2374
9.8138 0.0000 100.3214 277.4321 248.9319 0.5267 3.2542
9.4946 0.0000 100.3043 104.1100 249.4453 0.5380 3.3735
8.6593 0.0000 100.3141 3.6259 249.4687 0.5495 3.8396
7.6134 0.0000 100.3608 0.0000 249.3352 0.5579 4.1769
6.6208 0.0000 100.3871 0.0000 251.7140 0.5653 4.2161
5.8072 0.0000 100.4043 0.0000 264.2565 0.5711 4.1267
5.1905 0.0000 100.4201 0.0000 269.9481 0.5757 3.9246
4.7085 0.0000 100.4094 0.0000 272.6554 0.5770 3.9849
4.3502 0.0000 100.3765 0.0000 276.1547 0.5746 4.1580
4.1462 0.0000 100.3517 0.0000 278.9783 0.5697 4.1398
4.0880 0.0000 100.3217 0.0000 282.8429 0.5644 4.0419
4.1365 0.0000 100.2789 0.0000 285.6898 0.5606 3.9771
4.1944 0.0000 100.2276 0.0000 287.6144 0.5591 3.9171
4.2124 0.0000 100.1641 0.0000 288.6418 0.5591 4.3046
4.1428 0.0000 100.0983 0.0000 285.8345 0.5625 4.9408
3.9549 0.0000 100.1278 0.0000 274.8343 0.5696 4.0860
3.7420 0.0000 100.1791 23.8638 268.5560 0.5753 3.1887
