-1.7700 0.0014 102.8373 155.0526 253.2563 0.5071 4.0226
0.2582 0.0001 102.8573 321.9229 235.0188 0.5258 3.9870
3.0119 0.0000 102.8231 448.9280 235.8377 0.5081 4.0344
4.5469 0.0000 102.7251 548.9648 233.5024 0.4853 3.3453
5.4884 0.0000 102.6053 585.9298 227.8097 0.4808 2.6776
6.1678 0.0000 102.4959 533.8547 227.7685 0.4831 2.3040
6.6117 0.0000 102.4131 415.0718 229.5185 0.4837 2.1653
6.6995 0.0000 102.3707 249.8328 231.2339 0.4862 2.2629
6.4267 0.0000 102.3616 74.7414 232.2548 0.4932 2.7012
5.9616 0.0000 102.3695 0.2067 232.3873 0.5008 3.6327
5.4022 0.0000 102.3719 0.0000 232.3314 0.5076 4.6081
4.7570 0.0000 102.3515 0.0000 231.9688 0.5154 5.4400
4.0812 0.0000 102.3340 0.0000 231.4992 0.5235 5.7886
3.4742 0.0000 102.3487 0.0000 231.1752 0.5310 5.5323
2.9795 0.0000 102.3625 0.0000 231.0811 0.5377 5.3279
2.5038 0.0000 102.3292 0.0000 231.0241 0.5427 5.4889
2.0238 0.0000 102.3009 0.0000 231.7066 0.5470 5.3127
1.5769 0.0000 102.3044 0.0000 237.9120 0.5530 4.6918
1.1955 0.0000 102.2943 0.0000 245.6342 0.5600 4.3919
0.8816 0.0000 102.2549 0.0000 253.0502 0.5678 4.5901
0.5968 0.0000 102.2161 0.0000 257.1215 0.5766 5.0201
0.3519 0.0003 102.1827 0.0000 264.8872 0.5834 5.4963
0.0843 0.0017 102.1471 0.0000 273.1256 0.5863 5.8053
-0.0709 0.0024 102.1052 24.9485 279.3358 0.5881 5.7325
