-1.8113 0.0001 102.6185 129.8185 249.1014 0.4926 4.4706
-0.1116 0.0000 102.6411 294.8442 234.1597 0.5068 4.1623
2.4950 0.0000 102.6202 456.4736 226.8219 0.4981 4.1425
4.5027 0.0000 102.5249 556.4490 226.5208 0.4731 3.7690
5.4678 0.0000 102.3994 582.4895 225.1530 0.4660 3.1191
6.1397 0.0000 102.2892 526.8003 228.0453 0.4634 2.7098
6.5664 0.0000 102.2009 410.6419 230.9487 0.4625 2.5476
6.6646 0.0000 102.1576 250.9117 233.0261 0.4631 2.6249
6.4245 0.0000 102.1408 80.0530 233.9842 0.4676 3.0166
5.9578 0.0000 102.1413 0.5944 234.0211 0.4716 3.8552
5.3493 0.0000 102.1437 0.0000 233.7886 0.4740 4.7499
4.6507 0.0000 102.1310 0.0000 233.3129 0.4780 5.3206
3.9899 0.0000 102.1272 0.0000 232.4842 0.4843 5.2902
3.4230 0.0000 102.1485 0.0000 231.8813 0.4924 5.0691
2.9119 0.0000 102.1342 0.0000 231.4969 0.5017 5.3605
2.3673 0.0000 102.1061 0.0000 232.1193 0.5122 5.3918
1.8507 0.0000 102.0986 0.0000 240.9186 0.5226 4.9047
1.4320 0.0000 102.0971 0.0000 248.8889 0.5309 4.8065
1.0923 0.0000 102.0786 0.0000 255.0562 0.5363 4.9624
0.8311 0.0000 102.0203 0.0000 258.0242 0.5400 5.3908
0.6374 0.0000 101.9683 0.0000 258.6169 0.5432 5.8375
0.5593 0.0000 101.9255 0.0000 266.5399 0.5478 6.0032
0.5493 0.0000 101.8833 0.0000 271.7065 0.5547 6.1337
0.5420 0.0000 101.8713 20.9319 272.2202 0.5653 5.6873
