2.8196 0.0012 103.0352 218.9160 245.6534 0.6220 5.5899
4.1423 0.0003 103.0497 402.6701 234.3675 0.6095 5.0919
5.1365 0.0001 103.0086 545.0917 228.9134 0.6000 4.5477
5.8426 0.0001 102.9127 606.4510 231.1619 0.5985 4.0183
6.4210 0.0001 102.8019 596.8787 234.1094 0.5962 3.4409
6.8604 0.0001 102.7137 513.7656 239.2693 0.5923 3.0261
7.0270 0.0001 102.6533 393.0446 237.6944 0.5937 2.8366
6.9590 0.0001 102.6213 224.8740 237.1973 0.5962 2.7559
6.6492 0.0000 102.6200 52.4763 238.1981 0.6011 2.9375
6.2151 0.0001 102.6445 0.0000 241.1803 0.6097 3.5070
5.7680 0.0001 102.6705 0.0000 242.5464 0.6193 3.9621
5.2858 0.0000 102.6709 0.0000 236.9923 0.6267 4.4163
4.8146 0.0000 102.6476 0.0000 232.7990 0.6307 4.8555
4.4849 0.0000 102.6273 0.0000 231.2081 0.6318 5.1268
4.3443 0.0000 102.6159 0.0000 229.8212 0.6290 4.9445
4.2042 0.0000 102.6045 0.0000 229.5502 0.6234 4.5554
4.0093 0.0000 102.5876 0.0000 229.0102 0.6179 4.5120
3.7702 0.0000 102.5643 0.0000 228.5393 0.6154 4.6774
3.4942 0.0000 102.5175 0.0000 227.8806 0.6143 4.8063
3.2316 0.0000 102.4712 0.0000 227.3792 0.6143 4.7513
2.9847 0.0000 102.4675 0.0000 227.2231 0.6156 4.8630
2.8982 0.0000 102.4974 0.0000 228.1345 0.6171 5.0323
2.9846 0.0000 102.5074 0.2193 240.2629 0.6181 4.7728
3.2120 0.0000 102.4797 50.2064 255.6731 0.6200 4.4079
