-1.1692 0.0027 101.9308 165.0909 253.7539 0.5229 3.5781
0.7047 0.0001 101.9388 322.6652 243.7250 0.5366 3.7532
3.4522 0.0000 101.8976 487.7624 232.8985 0.5140 4.0454
5.3597 0.0000 101.7953 587.9133 230.9970 0.4849 3.5839
6.4304 0.0000 101.6730 605.1814 231.6827 0.4860 2.9668
7.1449 0.0000 101.5718 553.9518 231.4876 0.4921 2.6459
7.5564 0.0000 101.4992 433.0559 233.3872 0.4971 2.6265
7.5788 0.0000 101.4587 265.4646 234.6825 0.5020 2.8239
7.1404 0.0000 101.4503 83.4575 235.1394 0.5130 3.4446
6.4314 0.0000 101.4638 0.3722 234.8219 0.5209 4.4691
5.7569 0.0000 101.4669 0.0000 234.7079 0.5260 5.0881
5.1160 0.0000 101.4413 0.0000 234.7398 0.5331 5.4401
4.4656 0.0000 101.4305 0.0000 234.5832 0.5404 5.3392
3.8973 0.0000 101.4429 0.0000 234.3051 0.5461 4.8777
3.4775 0.0000 101.4480 0.0000 234.2895 0.5494 4.6039
3.0974 0.0000 101.4202 0.0000 234.7893 0.5505 4.4898
2.7653 0.0000 101.3921 0.0000 238.0280 0.5509 4.3673
2.4975 0.0000 101.3726 0.0000 244.6047 0.5519 3.9732
2.2352 0.0000 101.3533 0.0000 251.8737 0.5529 3.3654
1.9500 0.0000 101.3243 0.0000 261.2206 0.5541 3.0668
1.6919 0.0000 101.3088 0.0000 262.0086 0.5555 3.3373
1.5963 0.0000 101.2898 0.0000 264.9394 0.5582 3.9991
1.6699 0.0000 101.2602 0.0000 265.2142 0.5628 4.7528
1.8106 0.0000 101.2130 42.9982 249.0015 0.5671 5.3451
