2.0287 0.0058 103.0688 182.0322 260.2829 0.5966 4.4854
3.2253 0.0020 103.0884 332.8674 254.4150 0.5910 4.1751
4.2385 0.0016 103.0512 498.0000 235.3053 0.5871 3.7621
4.9000 0.0011 102.9516 561.3110 238.3840 0.5824 3.3082
5.3600 0.0009 102.8455 567.9799 236.3979 0.5806 2.8982
5.6538 0.0006 102.7637 497.9500 238.3459 0.5796 2.5778
5.7438 0.0004 102.7035 372.8105 239.4846 0.5783 2.3744
5.6237 0.0003 102.6741 211.0609 239.3560 0.5761 2.3068
5.2324 0.0003 102.6730 47.9613 239.8871 0.5775 2.6063
4.6604 0.0003 102.6939 0.0000 242.0473 0.5828 3.2884
4.0983 0.0003 102.7189 0.0000 240.9196 0.5868 3.6388
3.6065 0.0002 102.7181 0.0000 239.1342 0.5880 3.9222
3.2327 0.0001 102.6940 0.0000 233.2336 0.5869 4.3140
2.9681 0.0000 102.6712 0.0000 227.6521 0.5845 4.6730
2.8376 0.0000 102.6609 0.0000 226.8631 0.5834 4.6103
2.7278 0.0000 102.6585 0.0000 226.5582 0.5825 4.1177
2.5777 0.0000 102.6457 0.0000 225.8651 0.5805 3.8227
2.4404 0.0000 102.6118 0.0000 225.3642 0.5788 4.0142
2.3184 0.0000 102.5652 0.0000 225.0262 0.5789 4.2169
2.1902 0.0000 102.5296 0.0000 225.1506 0.5810 3.9912
2.0509 0.0000 102.5282 0.0000 226.4893 0.5826 3.9350
2.0624 0.0000 102.5312 0.0000 231.2033 0.5842 3.9094
2.2157 0.0000 102.5203 0.0610 238.9374 0.5870 3.6594
2.4458 0.0000 102.4914 54.7298 243.4298 0.5920 3.5645
