-1.3148 0.0002 97.9881 199.5065 241.5420 0.5135 3.8710
0.9927 0.0000 98.0004 416.4982 213.2523 0.5297 3.7840
3.9297 0.0000 97.9647 554.8627 217.9932 0.5104 3.7728
5.9289 0.0000 97.8816 631.2108 224.0346 0.4878 3.0578
7.0269 0.0000 97.7784 637.1046 228.1508 0.4895 2.2278
7.8015 0.0000 97.6901 575.0135 231.7667 0.4941 1.7548
8.2335 0.0000 97.6182 448.9571 235.3144 0.5007 1.8059
8.2796 0.0000 97.5918 279.6154 236.6233 0.5080 2.0815
7.8242 0.0000 97.5898 92.6768 237.2561 0.5183 2.6225
6.9817 0.0000 97.6006 0.7613 236.6961 0.5259 3.4080
6.0607 0.0000 97.6080 0.0000 235.9217 0.5302 3.8142
5.2258 0.0000 97.6008 0.0000 235.2168 0.5339 3.7515
4.5622 0.0000 97.6006 0.0000 234.6036 0.5371 3.3635
4.0698 0.0000 97.6024 0.0000 235.0248 0.5400 3.0753
3.6860 0.0000 97.6028 0.0000 237.9073 0.5426 2.9139
3.3195 0.0000 97.5864 0.0000 239.5126 0.5439 2.7855
3.0009 0.0000 97.5611 0.0000 246.2595 0.5439 2.8222
2.7466 0.0000 97.5281 0.0000 256.8986 0.5432 2.8112
2.5229 0.0000 97.4903 0.0000 265.1539 0.5423 2.4684
2.3368 0.0000 97.4677 0.0000 268.7825 0.5413 2.0097
2.2071 0.0000 97.4518 0.0000 264.6628 0.5400 2.1477
2.2018 0.0000 97.4434 0.0000 266.7579 0.5396 2.5025
2.2511 0.0000 97.4134 0.0000 259.2433 0.5398 3.1610
2.2691 0.0000 97.3845 41.3766 262.7967 0.5404 3.6358
