3.1125 0.0056 103.0600 189.4345 259.5547 0.6100 4.9425
3.8207 0.0023 103.0822 333.8590 255.3168 0.5956 4.5274
4.3951 0.0023 103.0483 489.4210 239.4484 0.5937 4.1022
4.8567 0.0017 102.9494 550.3921 242.4982 0.5890 3.6683
5.1742 0.0014 102.8485 560.2961 238.8048 0.5858 3.2604
5.3440 0.0008 102.7725 491.8905 240.0314 0.5842 2.9493
5.3554 0.0005 102.7148 368.2315 240.4764 0.5812 2.7453
5.2058 0.0004 102.6880 207.3944 240.0783 0.5768 2.6680
4.7937 0.0004 102.6868 45.9930 240.9072 0.5771 2.9284
4.2108 0.0003 102.7089 0.0000 239.8781 0.5807 3.5071
3.7034 0.0003 102.7331 0.0000 234.9322 0.5812 3.6667
3.3369 0.0001 102.7342 0.0000 233.4215 0.5783 3.7453
3.1674 0.0000 102.7082 0.0000 229.0602 0.5742 3.9717
3.1289 0.0000 102.6829 0.0000 226.4638 0.5712 4.2283
3.1774 0.0000 102.6667 0.0000 226.3630 0.5719 4.1531
3.1671 0.0000 102.6611 0.0000 226.5668 0.5743 3.7151
3.0481 0.0000 102.6490 0.0000 226.0196 0.5754 3.4876
2.8990 0.0000 102.6151 0.0000 225.5588 0.5760 3.7348
2.7554 0.0000 102.5659 0.0000 225.0722 0.5781 4.1003
2.6259 0.0000 102.5226 0.0000 224.9056 0.5822 4.0763
2.5000 0.0000 102.5238 0.0000 225.9445 0.5859 4.0733
2.5150 0.0000 102.5327 0.0000 228.2948 0.5893 4.0589
2.6662 0.0000 102.5254 0.0863 238.0247 0.5935 3.7174
2.8985 0.0000 102.4998 58.5741 241.3705 0.5997 3.5032
