-0.9226 0.0019 102.4800 143.5651 262.7847 0.5304 4.2045
0.8577 0.0001 102.4928 311.3069 242.8414 0.5408 4.2881
3.3463 0.0000 102.4548 476.2860 234.3414 0.5185 4.4110
5.2214 0.0000 102.3520 582.2971 231.1226 0.4893 3.9569
6.2786 0.0000 102.2313 604.3623 230.2993 0.4891 3.3682
6.9928 0.0000 102.1242 550.7591 231.2939 0.4940 3.0490
7.4082 0.0000 102.0497 431.0847 233.3184 0.4980 3.0040
7.4592 0.0000 102.0073 264.8853 234.8861 0.5010 3.1348
7.0651 0.0000 101.9982 84.3739 235.8522 0.5108 3.6659
6.4228 0.0000 102.0035 0.4938 235.9476 0.5177 4.6612
5.7986 0.0000 102.0059 0.0000 236.0295 0.5209 5.3666
5.1875 0.0000 101.9832 0.0000 236.0225 0.5272 5.7151
4.5769 0.0000 101.9755 0.0000 235.7874 0.5363 5.5153
4.0246 0.0000 101.9902 0.0000 235.4192 0.5450 5.0137
3.5547 0.0000 101.9891 0.0000 235.1393 0.5511 4.8296
3.1008 0.0000 101.9608 0.0000 235.2250 0.5547 4.6932
2.7092 0.0000 101.9360 0.0000 241.9502 0.5570 4.3428
2.4224 0.0000 101.9200 0.0000 248.4687 0.5591 3.8107
2.1501 0.0000 101.9026 0.0000 256.3364 0.5610 3.4962
1.8396 0.0000 101.8679 0.0000 262.2107 0.5627 3.5732
1.5544 0.0000 101.8439 0.0000 263.6029 0.5641 4.0543
1.4478 0.0000 101.8228 0.0000 268.0449 0.5660 4.5724
1.5158 0.0000 101.7858 0.0000 268.0319 0.5687 5.1231
1.6901 0.0000 101.7453 36.7969 256.9270 0.5712 5.3125
