-1.0287 0.0018 102.5641 142.3869 262.7948 0.5281 4.2054
0.7850 0.0001 102.5785 307.0813 243.7488 0.5394 4.2802
3.2571 0.0000 102.5410 467.8208 235.4918 0.5195 4.3985
5.0823 0.0000 102.4393 575.6490 231.8070 0.4910 3.9068
6.1355 0.0000 102.3191 600.9971 230.0910 0.4889 3.2982
6.8542 0.0000 102.2115 548.0023 230.8301 0.4928 2.9587
7.2791 0.0000 102.1343 428.8347 232.7080 0.4956 2.8883
7.3498 0.0000 102.0919 262.9503 234.3258 0.4979 3.0107
6.9865 0.0000 102.0828 83.2400 235.3268 0.5069 3.5131
6.3864 0.0000 102.0876 0.4602 235.4447 0.5137 4.4837
5.7853 0.0000 102.0900 0.0000 235.5210 0.5176 5.2385
5.1781 0.0000 102.0678 0.0000 235.5001 0.5248 5.6762
4.5591 0.0000 102.0585 0.0000 235.2637 0.5346 5.5698
3.9889 0.0000 102.0743 0.0000 234.9136 0.5440 5.1165
3.4945 0.0000 102.0748 0.0000 234.6174 0.5507 4.9768
3.0102 0.0000 102.0454 0.0000 234.5755 0.5547 4.9162
2.5825 0.0000 102.0206 0.0000 240.1970 0.5572 4.5807
2.2605 0.0000 102.0089 0.0000 247.4048 0.5595 4.0426
1.9735 0.0000 101.9920 0.0000 255.1008 0.5614 3.7643
1.6710 0.0000 101.9557 0.0000 260.9447 0.5630 3.8885
1.3956 0.0000 101.9296 0.0000 262.9210 0.5649 4.3746
1.2804 0.0000 101.9058 0.0000 267.3946 0.5678 4.8701
1.3061 0.0000 101.8694 0.0000 268.5631 0.5715 5.3665
1.4188 0.0002 101.8283 34.4749 260.3799 0.5751 5.5006
