-0.6415 0.0067 101.0210 170.5875 262.8355 0.5400 2.2942
1.1906 0.0012 101.0280 348.0498 251.0466 0.5566 2.4853
3.3322 0.0000 100.9831 533.5541 226.5833 0.5528 2.7753
5.3751 0.0000 100.8748 609.2750 229.8712 0.5159 2.5106
6.5316 0.0000 100.7529 614.9314 232.7957 0.5135 2.1032
7.2848 0.0000 100.6552 554.1289 234.1464 0.5194 1.8582
7.7123 0.0000 100.5854 428.2555 236.2708 0.5240 1.8985
7.7628 0.0000 100.5519 257.3296 237.3769 0.5277 2.1047
7.3435 0.0000 100.5465 75.5058 237.4543 0.5345 2.7203
6.5371 0.0000 100.5669 0.1040 236.5562 0.5398 3.6996
5.6253 0.0000 100.5821 0.0000 233.8530 0.5426 4.1618
4.7317 0.0000 100.5741 0.0000 232.2669 0.5449 4.2973
4.0085 0.0000 100.5582 0.0000 231.1589 0.5480 4.1318
3.5059 0.0000 100.5520 0.0000 230.7788 0.5526 3.6277
3.1289 0.0000 100.5559 0.0000 230.9243 0.5598 3.0287
2.6920 0.0000 100.5404 0.0000 231.2131 0.5673 2.6178
2.2029 0.0000 100.5190 0.0000 231.1007 0.5750 2.3813
1.7392 0.0000 100.4976 0.0000 232.1085 0.5823 2.3135
1.2845 0.0000 100.4551 0.0000 233.7459 0.5893 2.2123
0.8384 0.0003 100.4213 0.0000 247.9297 0.5929 2.1393
0.4098 0.0022 100.4296 0.0000 271.9191 0.5875 2.3579
0.1765 0.0044 100.4436 0.0000 274.8173 0.5814 2.4640
0.0143 0.0110 100.4388 0.0131 278.4419 0.5798 2.5135
-0.0177 0.0068 100.4047 44.1903 270.0625 0.5824 2.7232
