0.2504 0.0050 103.0526 176.1181 268.4165 0.5870 3.9186
2.2132 0.0005 103.0671 350.5740 254.3287 0.6028 3.8811
4.3375 0.0001 103.0210 536.0111 227.3671 0.5896 3.4097
5.6572 0.0000 102.9140 594.3153 233.6014 0.5631 2.8059
6.5786 0.0000 102.7968 573.9190 241.1915 0.5466 2.3500
7.1848 0.0000 102.6990 512.0451 241.2484 0.5414 2.1383
7.4975 0.0000 102.6320 399.9078 237.8368 0.5424 2.1201
7.4890 0.0000 102.5985 231.8999 238.0521 0.5463 2.1519
7.1960 0.0000 102.5925 58.1980 238.1640 0.5531 2.4334
6.7605 0.0000 102.6170 0.0000 237.8518 0.5627 3.0448
6.3097 0.0000 102.6366 0.0000 237.3096 0.5748 3.5984
5.7921 0.0000 102.6257 0.0000 235.5774 0.5911 4.2037
5.1969 0.0000 102.6058 0.0000 233.7360 0.6122 4.8710
4.5498 0.0000 102.5823 0.0000 232.8153 0.6333 5.3669
3.9713 0.0000 102.5868 0.0000 232.1524 0.6470 5.3375
3.4192 0.0000 102.5788 0.0000 231.7256 0.6493 5.0626
2.9165 0.0000 102.5617 0.0000 230.7438 0.6443 4.9386
2.5399 0.0000 102.5416 0.0000 230.0199 0.6359 4.9069
2.2372 0.0000 102.4997 0.0000 229.4261 0.6277 4.7702
1.9885 0.0000 102.4631 0.0000 229.0027 0.6231 4.4645
1.7761 0.0000 102.4657 0.0000 229.0153 0.6219 4.4265
1.7596 0.0000 102.4908 0.0000 238.0754 0.6224 4.4290
1.9082 0.0000 102.4896 0.0978 254.1464 0.6230 4.2092
2.1188 0.0000 102.4555 48.7554 254.8059 0.6230 4.1228
