-1.4758 0.0044 100.2935 181.8327 253.1176 0.5114 2.4739
0.4589 0.0003 100.3001 361.9881 238.5211 0.5295 2.8390
3.0720 0.0000 100.2621 516.6527 227.8003 0.5165 3.2596
5.1058 0.0000 100.1585 608.1459 227.3338 0.4860 2.8225
6.2291 0.0000 100.0424 616.4303 230.0584 0.4898 2.2232
6.9656 0.0000 99.9482 559.0251 231.0838 0.4996 1.8594
7.4028 0.0000 99.8806 434.7255 233.3766 0.5065 1.8396
7.4395 0.0000 99.8453 264.4183 234.6499 0.5123 2.0500
7.0032 0.0000 99.8419 80.7318 234.7759 0.5213 2.7006
6.1837 0.0000 99.8584 0.2100 233.7358 0.5278 3.7211
5.2679 0.0000 99.8683 0.0000 232.3629 0.5311 4.2022
4.3837 0.0000 99.8516 0.0000 231.3711 0.5335 4.4014
3.6374 0.0000 99.8374 0.0000 230.6351 0.5352 4.3180
3.0987 0.0000 99.8385 0.0000 230.3334 0.5368 3.9421
2.7327 0.0000 99.8480 0.0000 230.4915 0.5388 3.5724
2.3709 0.0000 99.8244 0.0000 231.2759 0.5397 3.2855
2.0115 0.0000 99.8015 0.0000 232.0047 0.5402 3.1529
1.6919 0.0000 99.7748 0.0000 234.9233 0.5415 3.0576
1.3749 0.0000 99.7398 0.0000 239.9849 0.5436 2.6008
1.0759 0.0000 99.7144 0.0000 252.7342 0.5466 2.1022
0.8441 0.0000 99.7126 0.0000 259.3902 0.5501 2.0559
0.7516 0.0009 99.7061 0.0000 259.2421 0.5541 2.4853
0.6810 0.0026 99.6885 0.0014 260.8623 0.5585 3.1537
0.6123 0.0019 99.6446 50.1353 250.5855 0.5619 3.9281
