1.0277 0.0029 103.0514 192.6659 255.1549 0.5861 4.4372
2.8873 0.0007 103.0663 372.4773 241.7199 0.5938 4.3154
4.4415 0.0002 103.0225 534.8838 227.0814 0.5856 3.8530
5.3773 0.0001 102.9226 599.3553 229.6711 0.5798 3.3033
6.0830 0.0001 102.8083 582.6777 235.4891 0.5763 2.7774
6.5970 0.0001 102.7191 512.9251 237.3299 0.5738 2.4092
6.8350 0.0000 102.6536 391.9689 236.6574 0.5758 2.2377
6.7919 0.0000 102.6195 224.7226 236.5728 0.5789 2.1705
6.4897 0.0000 102.6184 53.4562 237.4648 0.5833 2.3478
6.0837 0.0001 102.6425 0.0000 240.5489 0.5907 2.9128
5.6563 0.0001 102.6651 0.0000 242.2866 0.6013 3.4490
5.1747 0.0000 102.6605 0.0000 237.5225 0.6130 4.0512
4.6391 0.0000 102.6363 0.0000 232.6362 0.6237 4.7189
4.1385 0.0000 102.6182 0.0000 230.8345 0.6307 5.2410
3.7644 0.0000 102.6119 0.0000 229.6236 0.6321 5.2045
3.4433 0.0000 102.6088 0.0000 229.1120 0.6280 4.7954
3.1510 0.0000 102.5906 0.0000 228.4006 0.6216 4.6530
2.8955 0.0000 102.5641 0.0000 227.8156 0.6158 4.8000
2.6610 0.0000 102.5188 0.0000 227.2640 0.6121 4.8248
2.4518 0.0000 102.4831 0.0000 226.9141 0.6111 4.5533
2.2358 0.0000 102.4832 0.0000 227.2694 0.6115 4.5986
2.1832 0.0000 102.5014 0.0000 230.9420 0.6121 4.6644
2.3057 0.0000 102.4981 0.1089 243.9024 0.6127 4.4313
2.5502 0.0000 102.4665 46.2131 256.1102 0.6143 4.2434
