-0.3077 0.0005 102.3590 131.1434 262.3431 0.5439 4.8516
1.1596 0.0000 102.3816 331.6521 230.0643 0.5440 4.6821
3.2643 0.0000 102.3475 488.2560 226.3834 0.5198 4.7981
4.9471 0.0000 102.2522 580.7107 228.1410 0.4954 4.5520
5.9298 0.0000 102.1337 598.7424 229.5859 0.4920 4.0540
6.6534 0.0000 102.0227 546.1466 231.5523 0.4931 3.7990
7.0086 0.0000 101.9413 425.7945 235.1297 0.4978 3.8089
7.0205 0.0000 101.8993 263.5978 237.6140 0.5018 3.8875
6.6560 0.0000 101.8886 88.4564 238.8492 0.5128 4.2205
6.1193 0.0000 101.8901 1.1283 238.6636 0.5204 4.9526
5.6232 0.0000 101.8870 0.0000 237.9340 0.5195 5.3957
5.1127 0.0000 101.8839 0.0000 236.9030 0.5202 5.2609
4.6080 0.0000 101.8885 0.0000 235.7670 0.5237 4.6454
4.1197 0.0000 101.8933 0.0000 234.8893 0.5291 4.3321
3.6231 0.0000 101.8785 0.0000 236.4421 0.5368 4.2466
3.1301 0.0000 101.8571 0.0000 243.9644 0.5455 3.9055
2.7012 0.0000 101.8354 0.0000 253.5518 0.5525 3.4010
2.3495 0.0000 101.8179 0.0000 259.7654 0.5577 3.2459
2.0069 0.0000 101.7914 0.0000 264.2222 0.5624 3.5527
1.6394 0.0000 101.7532 0.0000 266.3227 0.5671 4.0812
1.2922 0.0000 101.7158 0.0000 272.2620 0.5715 4.4261
1.0867 0.0000 101.6797 0.0000 274.2352 0.5756 4.5331
1.0077 0.0000 101.6385 0.0000 275.5651 0.5794 4.7301
1.0513 0.0000 101.6387 23.9806 273.3528 0.5830 3.9428
