1.0740 0.0051 103.0108 185.1271 268.0871 0.6115 4.1361
2.6472 0.0004 103.0254 362.0361 253.7138 0.6216 3.7719
4.6296 0.0000 102.9713 537.0246 231.9944 0.6165 3.4041
6.0730 0.0000 102.8649 602.8277 235.9010 0.5866 2.9611
7.1512 0.0000 102.7451 599.5127 238.7317 0.5631 2.5610
7.8273 0.0000 102.6423 531.8904 240.4445 0.5533 2.3839
8.2042 0.0000 102.5730 408.7406 240.3938 0.5492 2.3828
8.2617 0.0000 102.5432 237.7328 241.0707 0.5493 2.4370
8.0063 0.0000 102.5366 61.1352 241.0773 0.5561 2.7553
7.5405 0.0000 102.5593 0.0002 240.1419 0.5694 3.4153
7.0425 0.0000 102.5784 0.0000 238.9749 0.5850 3.9388
6.5486 0.0000 102.5724 0.0000 237.9247 0.6040 4.3619
6.0457 0.0000 102.5487 0.0000 237.0444 0.6275 4.6822
5.5462 0.0000 102.5287 0.0000 236.3592 0.6561 4.7830
5.1194 0.0000 102.5272 0.0000 236.0232 0.6833 4.4616
4.6348 0.0000 102.5153 0.0000 235.9131 0.7012 4.1011
4.0834 0.0000 102.4986 0.0000 235.1291 0.7094 3.8904
3.5919 0.0000 102.4865 0.0000 234.4031 0.7084 3.6963
3.1362 0.0004 102.4449 0.0000 243.8143 0.6969 3.6459
2.6663 0.0013 102.3994 0.0000 254.9424 0.6776 3.6126
2.3079 0.0010 102.3991 0.0000 259.2010 0.6639 3.6676
2.2213 0.0004 102.4393 0.0000 263.8706 0.6566 3.7445
2.2771 0.0002 102.4542 0.2141 265.2142 0.6522 3.6584
2.4184 0.0001 102.4232 58.0661 258.0845 0.6491 3.5441
