-1.1948 0.0008 102.8372 128.6589 262.0837 0.5227 4.5269
0.5877 0.0000 102.8598 283.1869 245.2907 0.5334 4.4408
2.7769 0.0000 102.8274 439.9379 237.0781 0.5215 4.4694
4.5109 0.0000 102.7320 556.6267 231.3497 0.4935 3.9707
5.5426 0.0000 102.6130 588.3842 228.3253 0.4846 3.3204
6.2791 0.0000 102.5012 536.3394 229.1591 0.4831 2.9050
6.7168 0.0000 102.4147 419.3665 231.0832 0.4821 2.7512
6.8666 0.0000 102.3699 256.4442 233.1953 0.4808 2.8180
6.6339 0.0000 102.3582 81.2765 234.4963 0.4858 3.1579
6.2029 0.0000 102.3587 0.5296 234.7688 0.4905 3.9470
5.7074 0.0000 102.3611 0.0000 234.7981 0.4948 4.7845
5.1447 0.0000 102.3433 0.0000 234.6613 0.5040 5.3667
4.5496 0.0000 102.3359 0.0000 234.2871 0.5173 5.3891
3.9678 0.0000 102.3557 0.0000 233.8687 0.5307 5.1302
3.3972 0.0000 102.3516 0.0000 233.3843 0.5428 5.3601
2.7891 0.0000 102.3184 0.0000 233.3399 0.5526 5.5412
2.2202 0.0000 102.2994 0.0000 238.9941 0.5595 5.1465
1.7736 0.0000 102.3029 0.0000 249.3173 0.5641 4.7716
1.4350 0.0000 102.2829 0.0000 255.3470 0.5663 4.8752
1.1613 0.0000 102.2380 0.0000 259.2114 0.5665 5.2869
0.9368 0.0000 102.1957 0.0000 263.5896 0.5667 5.7997
0.8159 0.0000 102.1595 0.0000 268.2414 0.5698 6.0652
0.7554 0.0000 102.1222 0.0000 271.6954 0.5761 6.2802
0.6784 0.0000 102.0899 25.0103 269.9656 0.5848 5.9570
