-2.1647 0.0001 102.5847 144.0685 245.9405 0.4841 4.3453
-0.2930 0.0000 102.6080 302.0667 231.6818 0.5026 3.9311
2.4874 0.0000 102.5845 450.6179 228.5313 0.4862 3.8655
4.3660 0.0000 102.4892 553.1672 226.4896 0.4575 3.3542
5.2531 0.0000 102.3627 576.5911 225.0386 0.4519 2.7474
5.8726 0.0000 102.2549 523.2653 226.3000 0.4521 2.3981
6.2721 0.0000 102.1717 408.0110 228.1001 0.4524 2.2728
6.3253 0.0000 102.1293 246.5087 230.0872 0.4546 2.3685
6.0347 0.0000 102.1176 75.4953 231.0768 0.4601 2.8217
5.5284 0.0000 102.1181 0.3339 230.9513 0.4650 3.7189
4.9174 0.0000 102.1205 0.0000 230.5688 0.4689 4.6279
4.2325 0.0000 102.1035 0.0000 230.1872 0.4749 5.3252
3.5508 0.0000 102.0921 0.0000 229.8176 0.4822 5.5370
2.9542 0.0000 102.1128 0.0000 229.6412 0.4900 5.3155
2.4517 0.0000 102.1133 0.0000 229.6012 0.4983 5.3773
1.9543 0.0000 102.0801 0.0000 229.7535 0.5064 5.5417
1.4814 0.0000 102.0684 0.0000 234.0171 0.5134 5.1139
1.1117 0.0000 102.0719 0.0000 242.7037 0.5196 4.7562
0.8378 0.0000 102.0536 0.0000 248.3753 0.5252 4.7749
0.6264 0.0000 102.0023 0.0000 255.1882 0.5313 5.0753
0.4555 0.0000 101.9479 0.0000 254.7994 0.5399 5.5082
0.3478 0.0000 101.9078 0.0000 256.2985 0.5522 5.7908
0.2394 0.0000 101.8679 0.0000 262.0045 0.5647 5.9354
0.0592 0.0005 101.8397 23.6989 267.8972 0.5748 5.6911
