-1.1958 0.0022 100.7994 114.4102 267.0231 0.5225 3.9312
0.3762 0.0001 100.8230 301.1638 234.3189 0.5244 4.0561
2.4863 0.0000 100.7964 464.0779 228.0899 0.5160 4.1784
4.3944 0.0000 100.7086 555.9358 230.6281 0.4970 3.9577
5.5327 0.0000 100.5880 581.8768 231.2574 0.4904 3.4179
6.3583 0.0000 100.4750 532.3027 234.5862 0.4880 3.1883
6.8016 0.0000 100.3882 416.7111 238.2978 0.4889 3.1808
6.8305 0.0000 100.3505 261.0501 239.4943 0.4911 3.2973
6.3597 0.0000 100.3389 91.1742 239.0155 0.4987 3.7636
5.5464 0.0000 100.3419 1.7544 237.0635 0.5055 4.5721
4.8027 0.0000 100.3544 0.0000 234.6764 0.5038 4.6656
4.2269 0.0000 100.3605 0.0000 232.8442 0.5017 4.0781
3.7877 0.0000 100.3698 0.0000 232.2446 0.5003 3.4473
3.4272 0.0000 100.3643 0.0000 234.6671 0.4993 3.1782
3.1012 0.0000 100.3496 0.0000 240.2276 0.5004 2.9924
2.8381 0.0000 100.3239 0.0000 250.6097 0.5030 2.6471
2.6557 0.0000 100.2994 0.0000 258.4870 0.5068 2.3743
2.5102 0.0000 100.2845 0.0000 263.9214 0.5117 2.2190
2.3349 0.0000 100.2541 0.0000 267.5616 0.5177 2.3104
2.0979 0.0000 100.2064 0.0000 274.2346 0.5246 2.6312
1.8471 0.0000 100.1638 0.0000 278.0740 0.5319 2.8322
1.6240 0.0000 100.1170 0.0000 279.9002 0.5383 3.3103
1.3816 0.0000 100.0826 0.0000 279.0561 0.5445 3.7822
1.3370 0.0000 100.1124 17.7599 277.5592 0.5497 3.2221
