-1.4725 0.0037 100.1567 185.3714 248.9521 0.5103 2.6591
0.4986 0.0002 100.1632 365.4961 235.5934 0.5272 2.9769
3.1628 0.0000 100.1253 518.9301 226.7248 0.5108 3.3501
5.1710 0.0000 100.0229 609.4750 226.8064 0.4815 2.8815
6.2690 0.0000 99.9083 618.0229 229.5232 0.4864 2.2653
6.9925 0.0000 99.8150 560.3345 230.7763 0.4967 1.9158
7.4235 0.0000 99.7474 436.2576 233.0664 0.5037 1.9264
7.4485 0.0000 99.7131 266.0645 234.3438 0.5097 2.1568
6.9845 0.0000 99.7097 81.9785 234.4797 0.5194 2.8106
6.1374 0.0000 99.7262 0.2494 233.4738 0.5264 3.8048
5.2280 0.0000 99.7356 0.0000 232.2794 0.5300 4.2457
4.3863 0.0000 99.7177 0.0000 231.5076 0.5329 4.4114
3.6824 0.0000 99.7039 0.0000 230.9445 0.5353 4.2964
3.1758 0.0000 99.7053 0.0000 230.7315 0.5373 3.9259
2.8357 0.0000 99.7135 0.0000 230.9299 0.5395 3.6060
2.4953 0.0000 99.6890 0.0000 231.9963 0.5405 3.3760
2.1639 0.0000 99.6658 0.0000 233.1684 0.5408 3.2884
1.8722 0.0000 99.6386 0.0000 236.7493 0.5418 3.1793
1.5826 0.0000 99.6048 0.0000 243.0882 0.5435 2.6697
1.3086 0.0000 99.5800 0.0000 254.8911 0.5458 2.1306
1.0971 0.0000 99.5760 0.0000 259.7532 0.5485 2.0545
1.0272 0.0007 99.5678 0.0000 260.4756 0.5519 2.5005
0.9963 0.0021 99.5484 0.0011 260.1456 0.5558 3.2211
0.9671 0.0015 99.5041 49.8999 249.6068 0.5589 4.0304
