-0.6726 0.0004 99.7528 170.5898 255.0841 0.5456 4.6958
1.4653 0.0000 99.7712 398.2401 215.7427 0.5634 4.2787
4.3824 0.0000 99.7433 538.4761 220.3142 0.5439 4.2017
6.5462 0.0000 99.6563 617.5094 227.2703 0.5040 3.6964
7.7048 0.0000 99.5501 627.0578 232.0052 0.4961 3.2866
8.4180 0.0000 99.4527 568.7429 236.4242 0.4971 3.3859
8.6778 0.0000 99.3834 442.8074 240.3836 0.5032 3.6785
8.5317 0.0000 99.3492 277.6079 242.5973 0.5086 3.9637
7.8424 0.0000 99.3402 97.0991 243.1149 0.5234 4.4612
6.7401 0.0000 99.3489 1.5995 241.3959 0.5348 5.2008
5.6319 0.0000 99.3630 0.0000 238.8537 0.5378 5.4056
4.7420 0.0000 99.3626 0.0000 236.5261 0.5401 4.9128
4.1093 0.0000 99.3660 0.0000 234.9175 0.5406 4.3966
3.6516 0.0000 99.3720 0.0000 241.7100 0.5407 4.0682
3.3137 0.0000 99.3653 0.0000 246.9197 0.5413 3.6335
3.0725 0.0000 99.3417 0.0000 255.8872 0.5417 3.3415
2.9269 0.0000 99.3114 0.0000 263.3729 0.5431 3.0982
2.8357 0.0000 99.2852 0.0000 269.2966 0.5456 2.9642
2.7211 0.0000 99.2596 0.0000 272.3246 0.5486 2.8584
2.5895 0.0000 99.2232 0.0000 274.9656 0.5512 3.1425
2.4317 0.0000 99.1915 0.0000 277.4286 0.5539 3.4399
2.4192 0.0000 99.1680 0.0000 276.5203 0.5572 3.7760
2.5604 0.0000 99.1262 0.0000 276.1782 0.5605 4.2145
2.7486 0.0000 99.1264 30.5162 272.1923 0.5637 3.6003
