-1.9452 0.0027 102.7739 163.4004 255.8884 0.5053 2.9188
0.3597 0.0002 102.7841 348.3715 234.8516 0.5316 3.2449
3.2724 0.0000 102.7441 464.8228 235.9429 0.5202 3.5920
4.7168 0.0000 102.6453 543.7933 238.4907 0.5035 2.9820
5.6429 0.0000 102.5273 586.8153 230.4452 0.5008 2.3733
6.3243 0.0000 102.4227 533.7841 230.1153 0.5025 2.0345
6.7677 0.0000 102.3418 415.5077 230.7628 0.5026 1.9017
6.8216 0.0000 102.3037 248.6517 231.8450 0.5051 1.9774
6.5080 0.0000 102.2946 71.9044 232.1991 0.5109 2.4327
5.9915 0.0000 102.3081 0.0848 231.8490 0.5170 3.3685
5.4149 0.0000 102.3152 0.0000 231.5155 0.5217 4.2827
4.7889 0.0000 102.2948 0.0000 230.8922 0.5261 5.0816
4.1694 0.0000 102.2696 0.0000 230.2692 0.5306 5.4807
3.6493 0.0000 102.2784 0.0000 229.8905 0.5365 5.2553
3.2322 0.0000 102.2959 0.0000 229.9291 0.5440 4.8056
2.7919 0.0000 102.2729 0.0000 230.1640 0.5521 4.7099
2.2995 0.0000 102.2419 0.0000 229.9457 0.5627 4.7649
1.7883 0.0000 102.2313 0.0000 231.5966 0.5767 4.3886
1.3026 0.0000 102.2224 0.0000 239.0032 0.5898 3.7966
0.8373 0.0008 102.1953 0.0000 253.2522 0.5982 3.7777
0.3451 0.0045 102.1710 0.0000 269.0363 0.6005 4.1388
-0.0146 0.0055 102.1471 0.0000 280.5750 0.5978 4.6049
-0.2191 0.0065 102.1219 0.0000 288.1899 0.5955 5.0066
-0.1588 0.0029 102.0786 26.3526 288.0929 0.5986 5.1950
