0.2068 0.0067 103.0743 171.0070 260.9688 0.5736 3.7631
2.0885 0.0018 103.0899 322.1815 258.6806 0.5858 3.6928
3.9898 0.0003 103.0466 516.3520 227.8199 0.5789 3.3114
5.0607 0.0002 102.9434 585.0467 230.6629 0.5733 2.7875
5.8132 0.0001 102.8273 584.2498 232.1576 0.5729 2.3343
6.3472 0.0001 102.7362 510.3408 235.6710 0.5728 1.9825
6.6020 0.0001 102.6713 385.0321 236.8871 0.5745 1.7857
6.5526 0.0000 102.6380 220.5177 237.5398 0.5765 1.7271
6.2299 0.0001 102.6368 52.6190 236.7761 0.5798 2.0124
5.7455 0.0002 102.6553 0.0000 244.0938 0.5882 2.7980
5.1657 0.0003 102.6809 0.0000 248.9039 0.5999 3.5039
4.5011 0.0002 102.6770 0.0000 246.4122 0.6109 4.2093
3.7715 0.0001 102.6553 0.0000 238.6217 0.6182 4.9620
3.0798 0.0000 102.6364 0.0000 230.0364 0.6193 5.5548
2.5893 0.0000 102.6353 0.0000 228.2650 0.6163 5.5328
2.2574 0.0000 102.6380 0.0000 227.1969 0.6093 4.9936
2.0030 0.0000 102.6230 0.0000 226.2038 0.6011 4.6671
1.8435 0.0000 102.5901 0.0000 225.5612 0.5943 4.7851
1.7325 0.0000 102.5472 0.0000 225.3662 0.5905 4.7174
1.5907 0.0000 102.5224 0.0000 225.5371 0.5893 4.2020
1.4098 0.0000 102.5201 0.0000 226.5283 0.5876 4.1075
1.3984 0.0000 102.5204 0.0000 234.7814 0.5860 4.0624
1.5504 0.0000 102.5055 0.0322 241.8611 0.5863 3.9006
1.7888 0.0000 102.4714 44.6624 252.9531 0.5896 3.9137
