-2.2572 0.0030 103.0976 168.3785 258.7025 0.5062 2.9391
0.4281 0.0002 103.1053 362.5600 233.1161 0.5503 3.1093
3.2904 0.0001 103.0694 520.2048 222.1724 0.5489 3.0438
4.5058 0.0000 102.9660 584.0125 226.9687 0.5344 2.3409
5.2754 0.0000 102.8485 573.0036 232.3779 0.5307 1.7491
5.8469 0.0000 102.7551 509.0678 233.9670 0.5309 1.3466
6.2116 0.0000 102.6820 395.7494 232.1817 0.5304 1.1529
6.2381 0.0000 102.6399 229.9349 232.9794 0.5332 1.1393
5.9732 0.0000 102.6310 59.0056 232.7262 0.5383 1.2924
5.6155 0.0000 102.6544 0.0001 232.2356 0.5444 1.7575
5.2318 0.0000 102.6652 0.0000 231.8691 0.5523 2.3911
4.7983 0.0000 102.6521 0.0000 231.5238 0.5636 3.2458
4.3243 0.0000 102.6239 0.0000 231.0596 0.5801 4.1964
3.7717 0.0000 102.6061 0.0000 230.5082 0.6015 4.8838
3.1277 0.0000 102.6229 0.0000 229.9087 0.6234 5.0883
2.4263 0.0000 102.6252 0.0000 229.3613 0.6380 4.9989
1.7387 0.0000 102.5963 0.0000 228.6519 0.6424 5.1697
1.1134 0.0000 102.5702 0.0000 229.5969 0.6369 5.3302
0.4592 0.0002 102.5519 0.0000 243.2417 0.6221 4.6524
-0.1707 0.0040 102.5451 0.0000 264.1882 0.6028 3.8426
-0.5997 0.0064 102.5273 0.0000 274.8162 0.5854 3.7005
-0.7240 0.0040 102.5106 0.0000 278.3910 0.5773 3.6152
-0.6528 0.0023 102.4846 0.0006 277.1358 0.5762 3.8252
-0.3908 0.0011 102.4493 34.0786 273.5935 0.5799 4.1089
