-0.5438 0.0005 100.0099 170.0523 254.6303 0.5499 4.8593
1.5583 0.0000 100.0291 395.0306 216.6868 0.5664 4.4324
4.4193 0.0000 100.0010 535.3091 221.2488 0.5479 4.3566
6.5754 0.0000 99.9138 614.5961 228.2223 0.5065 3.8876
7.7282 0.0000 99.8070 624.5616 233.0448 0.4968 3.5032
8.4327 0.0000 99.7085 566.9157 237.3354 0.4970 3.6030
8.6920 0.0000 99.6383 441.7920 241.1444 0.5026 3.8802
8.5508 0.0000 99.6029 277.4076 243.2078 0.5079 4.1665
7.8656 0.0000 99.5932 97.5767 243.5656 0.5234 4.6512
6.7630 0.0000 99.6017 1.7162 241.6867 0.5359 5.4131
5.6755 0.0000 99.6163 0.0000 239.0611 0.5392 5.6441
4.8067 0.0000 99.6180 0.0000 236.7624 0.5416 5.1572
4.1809 0.0000 99.6210 0.0000 235.7703 0.5423 4.6828
3.7207 0.0000 99.6278 0.0000 243.1977 0.5426 4.3339
3.3796 0.0000 99.6205 0.0000 248.7948 0.5433 3.8886
3.1327 0.0000 99.5962 0.0000 257.6000 0.5437 3.5987
2.9768 0.0000 99.5664 0.0000 264.7174 0.5448 3.3688
2.8704 0.0000 99.5404 0.0000 270.3158 0.5470 3.2465
2.7421 0.0000 99.5143 0.0000 273.2228 0.5498 3.1811
2.5935 0.0000 99.4760 0.0000 276.0612 0.5525 3.4664
2.4210 0.0000 99.4435 0.0000 278.3342 0.5555 3.7299
2.3841 0.0000 99.4171 0.0000 277.4093 0.5591 4.0481
2.5009 0.0000 99.3761 0.0000 276.8682 0.5631 4.4017
2.6720 0.0000 99.3823 30.5725 270.6487 0.5667 3.6782
