-1.9433 0.0001 102.5793 128.1923 248.4644 0.4877 4.3687
-0.2285 0.0000 102.6035 293.2429 233.3787 0.5020 4.0667
2.3976 0.0000 102.5828 454.4197 226.0691 0.4953 4.0265
4.4909 0.0000 102.4875 551.9683 226.5528 0.4708 3.6656
5.4511 0.0000 102.3610 577.1888 225.6299 0.4639 3.0240
6.1103 0.0000 102.2507 523.2306 228.3263 0.4611 2.6202
6.5346 0.0000 102.1619 408.2325 231.1272 0.4597 2.4524
6.6232 0.0000 102.1195 249.4861 233.0999 0.4603 2.5342
6.3732 0.0000 102.1014 79.6937 233.9611 0.4646 2.9489
5.8960 0.0000 102.1019 0.6174 233.9072 0.4683 3.8134
5.2766 0.0000 102.1043 0.0000 233.5849 0.4703 4.7162
4.5716 0.0000 102.0922 0.0000 233.0257 0.4736 5.2868
3.9020 0.0000 102.0888 0.0000 232.1681 0.4786 5.2785
3.3259 0.0000 102.1090 0.0000 231.5875 0.4854 5.0835
2.8092 0.0000 102.0955 0.0000 231.3161 0.4936 5.3276
2.2717 0.0000 102.0697 0.0000 232.7175 0.5034 5.2782
1.7709 0.0000 102.0624 0.0000 241.4610 0.5135 4.8084
1.3625 0.0000 102.0595 0.0000 248.9650 0.5221 4.7295
1.0294 0.0000 102.0402 0.0000 255.1911 0.5283 4.8908
0.7720 0.0000 101.9797 0.0000 258.1323 0.5331 5.3260
0.5754 0.0000 101.9269 0.0000 257.9656 0.5375 5.7633
0.4862 0.0000 101.8839 0.0000 265.8386 0.5434 5.9350
0.4645 0.0000 101.8414 0.0000 271.1016 0.5510 6.0469
0.4511 0.0000 101.8335 20.2302 271.9774 0.5622 5.6115
