-1.7224 0.0004 102.7110 138.2992 252.9844 0.5021 4.4441
0.1189 0.0000 102.7335 294.9611 237.4889 0.5178 4.1899
2.6932 0.0000 102.7060 447.5164 232.2693 0.5030 4.2178
4.4554 0.0000 102.6106 556.7133 228.3643 0.4760 3.6994
5.4099 0.0000 102.4867 585.1354 225.8481 0.4686 3.0493
6.0847 0.0000 102.3766 530.9941 227.3304 0.4680 2.6541
6.5122 0.0000 102.2918 413.5871 229.5828 0.4674 2.5014
6.6119 0.0000 102.2485 251.3005 231.6711 0.4682 2.5785
6.3543 0.0000 102.2368 78.2919 232.8106 0.4738 2.9664
5.8899 0.0000 102.2373 0.4265 232.8960 0.4791 3.8076
5.3330 0.0000 102.2396 0.0000 232.7255 0.4837 4.7008
4.6974 0.0000 102.2219 0.0000 232.4753 0.4917 5.3655
4.0465 0.0000 102.2129 0.0000 232.1007 0.5021 5.5006
3.4508 0.0000 102.2343 0.0000 231.7943 0.5126 5.2546
2.9152 0.0000 102.2302 0.0000 231.5349 0.5226 5.4077
2.3635 0.0000 102.1970 0.0000 231.5681 0.5313 5.6089
1.8410 0.0000 102.1828 0.0000 236.2416 0.5382 5.1931
1.4308 0.0000 102.1863 0.0000 245.6313 0.5434 4.8170
1.1251 0.0000 102.1679 0.0000 251.5462 0.5469 4.8605
0.8856 0.0000 102.1198 0.0000 256.9535 0.5496 5.1897
0.6958 0.0000 102.0711 0.0000 259.0667 0.5538 5.6449
0.5934 0.0000 102.0333 0.0000 263.1899 0.5616 5.9214
0.5182 0.0000 101.9928 0.0000 268.3945 0.5717 6.1060
0.3904 0.0003 101.9637 23.5847 270.6980 0.5818 5.8335
