-0.6529 0.0064 101.2541 169.2712 263.3545 0.5403 2.2938
1.1671 0.0012 101.2611 343.4973 252.7931 0.5578 2.4716
3.3063 0.0000 101.2171 527.8207 227.9775 0.5549 2.7807
5.2957 0.0000 101.1094 602.2354 231.2998 0.5172 2.5009
6.4388 0.0000 100.9869 610.4302 233.4192 0.5130 2.0891
7.1752 0.0000 100.8893 551.4562 234.1461 0.5181 1.8523
7.5918 0.0000 100.8192 426.6651 235.9173 0.5223 1.8930
7.6359 0.0000 100.7845 256.1197 236.9025 0.5257 2.0973
7.2150 0.0000 100.7787 74.8235 236.7716 0.5325 2.7192
6.4110 0.0000 100.7992 0.0909 235.3012 0.5378 3.7150
5.5143 0.0000 100.8136 0.0000 233.4136 0.5406 4.1919
4.6533 0.0000 100.8046 0.0000 231.9151 0.5429 4.3490
3.9714 0.0000 100.7870 0.0000 230.9178 0.5461 4.2177
3.5036 0.0000 100.7811 0.0000 230.6436 0.5511 3.7371
3.1498 0.0000 100.7863 0.0000 230.8815 0.5590 3.1498
2.7274 0.0000 100.7705 0.0000 231.2657 0.5675 2.7693
2.2449 0.0000 100.7482 0.0000 231.1144 0.5765 2.5650
1.7816 0.0000 100.7264 0.0000 231.9385 0.5853 2.4934
1.3252 0.0000 100.6862 0.0000 233.1602 0.5936 2.3444
0.8732 0.0004 100.6539 0.0000 247.0615 0.5976 2.2306
0.4315 0.0024 100.6616 0.0000 273.5540 0.5917 2.4146
0.2009 0.0047 100.6745 0.0000 278.0527 0.5856 2.5103
0.0569 0.0106 100.6677 0.0096 279.8495 0.5846 2.6120
0.0417 0.0061 100.6328 43.1557 271.2053 0.5874 2.8766
