-1.4279 0.0079 102.0758 162.7052 265.6368 0.5204 2.1842
0.3317 0.0005 102.0829 331.5377 254.7088 0.5430 2.5295
3.2163 0.0000 102.0405 484.8839 236.4026 0.5345 3.1428
5.1512 0.0000 101.9305 570.5034 238.6169 0.5029 2.7549
6.1912 0.0000 101.8121 588.3938 237.3194 0.5033 2.2228
6.9237 0.0000 101.7121 546.3965 232.7861 0.5081 1.8905
7.3454 0.0000 101.6396 424.4129 234.4814 0.5120 1.8202
7.3712 0.0000 101.5986 255.2995 235.3956 0.5160 1.9769
6.9709 0.0000 101.5904 74.9839 235.2868 0.5225 2.6618
6.2096 0.0000 101.6069 0.0905 234.1343 0.5276 3.8553
5.3418 0.0000 101.6174 0.0000 232.7547 0.5295 4.5888
4.5136 0.0000 101.5980 0.0000 231.5052 0.5304 4.9943
3.8482 0.0000 101.5779 0.0000 230.6068 0.5308 5.0553
3.3646 0.0000 101.5821 0.0000 230.2766 0.5323 4.6343
3.0084 0.0000 101.5973 0.0000 230.5715 0.5358 4.0812
2.6461 0.0000 101.5715 0.0000 230.9816 0.5398 3.7115
2.2522 0.0000 101.5492 0.0000 231.0164 0.5450 3.5580
1.8664 0.0000 101.5234 0.0000 232.1295 0.5529 3.4144
1.4575 0.0000 101.4959 0.0000 235.1621 0.5632 2.8756
1.0390 0.0001 101.4740 0.0000 242.7940 0.5745 2.4106
0.6440 0.0005 101.4713 0.0000 260.6842 0.5847 2.5048
0.3311 0.0039 101.4687 0.0000 271.3326 0.5919 3.0353
0.0296 0.0104 101.4454 0.0008 275.6294 0.5941 3.7688
-0.1149 0.0045 101.4027 39.2907 272.5186 0.5950 4.4595
