-1.3532 0.0026 99.8905 120.4926 263.6262 0.5163 4.1499
0.2378 0.0001 99.9154 310.7484 231.7948 0.5192 4.1757
2.3338 0.0000 99.8901 468.0305 227.7170 0.5142 4.1737
4.2395 0.0000 99.8062 559.6699 230.0504 0.4967 3.8082
5.4599 0.0000 99.6885 585.0355 231.1509 0.4880 3.2378
6.3201 0.0000 99.5781 535.3732 234.6700 0.4865 3.0669
6.7948 0.0000 99.4929 418.7555 238.5716 0.4881 3.0928
6.8225 0.0000 99.4568 263.7391 239.3889 0.4913 3.2371
6.2917 0.0000 99.4435 93.4790 238.4711 0.5003 3.7626
5.3299 0.0000 99.4482 1.9725 236.1481 0.5083 4.6385
4.4425 0.0000 99.4661 0.0000 233.4283 0.5068 4.6513
3.7956 0.0000 99.4767 0.0000 231.5470 0.5041 3.9408
3.3473 0.0000 99.4861 0.0000 231.3056 0.5014 3.3076
3.0170 0.0000 99.4803 0.0000 236.0298 0.4989 3.0021
2.7670 0.0000 99.4655 0.0000 243.0804 0.4984 2.7747
2.6170 0.0000 99.4370 0.0000 253.2698 0.4994 2.4846
2.5602 0.0000 99.4125 0.0000 260.1741 0.5017 2.2747
2.5382 0.0000 99.3944 0.0000 265.1992 0.5052 2.1712
2.4785 0.0000 99.3625 0.0000 269.5291 0.5098 2.2966
2.3335 0.0000 99.3163 0.0000 275.7489 0.5151 2.5704
2.1466 0.0000 99.2740 0.0000 278.8967 0.5207 2.6966
1.9382 0.0000 99.2249 0.0000 280.8263 0.5259 3.1941
1.6554 0.0000 99.1961 0.0000 279.4295 0.5313 3.6286
1.5956 0.0000 99.2300 16.8000 278.7620 0.5362 2.9863
