-2.1600 0.0002 102.6537 154.0528 245.3066 0.4879 4.2607
-0.1862 0.0000 102.6759 314.2688 229.1896 0.5077 3.8785
2.6715 0.0000 102.6490 451.8063 229.8427 0.4845 3.8113
4.3372 0.0000 102.5536 553.2173 227.4087 0.4569 3.2148
5.1934 0.0000 102.4284 578.7217 224.7798 0.4527 2.6172
5.7982 0.0000 102.3213 523.8639 225.8359 0.4548 2.2868
6.1930 0.0000 102.2403 408.0774 227.2172 0.4559 2.1774
6.2347 0.0000 102.1979 244.9827 229.1471 0.4589 2.2743
5.9293 0.0000 102.1888 73.1658 230.2253 0.4652 2.7303
5.4182 0.0000 102.1914 0.2135 230.1419 0.4708 3.6301
4.8189 0.0000 102.1941 0.0000 229.7580 0.4757 4.5284
4.1535 0.0000 102.1756 0.0000 229.3536 0.4826 5.2681
3.4831 0.0000 102.1600 0.0000 229.0711 0.4906 5.5730
2.8982 0.0000 102.1776 0.0000 229.0204 0.4986 5.3424
2.4229 0.0000 102.1863 0.0000 229.1444 0.5069 5.2615
1.9643 0.0000 102.1511 0.0000 229.2326 0.5146 5.4936
1.5102 0.0000 102.1335 0.0000 230.9681 0.5212 5.1718
1.1324 0.0000 102.1393 0.0000 239.2509 0.5278 4.6578
0.8434 0.0000 102.1242 0.0000 245.1966 0.5345 4.5640
0.6114 0.0000 102.0783 0.0000 253.0689 0.5424 4.7830
0.4105 0.0000 102.0254 0.0000 254.4976 0.5525 5.2010
0.2424 0.0001 101.9872 0.0000 255.7402 0.5648 5.5635
0.0393 0.0009 101.9485 0.0000 262.1861 0.5753 5.7495
-0.2121 0.0017 101.9123 24.7398 270.3452 0.5813 5.5710
