1.9537 0.0065 103.0636 180.8061 260.6492 0.5971 4.5197
3.1712 0.0023 103.0832 323.3660 258.8859 0.5910 4.2211
4.2879 0.0012 103.0450 501.1351 234.0500 0.5882 3.8068
5.0371 0.0008 102.9428 574.5604 234.2085 0.5846 3.3389
5.5704 0.0006 102.8351 579.2763 233.1020 0.5835 2.9168
5.9120 0.0003 102.7523 507.1813 235.5012 0.5832 2.5923
6.0328 0.0002 102.6920 379.2573 236.8693 0.5822 2.3972
5.9216 0.0001 102.6626 215.6547 236.8490 0.5801 2.3424
5.5153 0.0002 102.6615 49.4721 236.7897 0.5819 2.6571
4.9058 0.0002 102.6829 0.0000 240.8568 0.5882 3.3873
4.2915 0.0002 102.7089 0.0000 240.6434 0.5933 3.7938
3.7459 0.0002 102.7091 0.0000 238.8262 0.5951 4.1206
3.3281 0.0001 102.6840 0.0000 232.7299 0.5940 4.5401
3.0249 0.0000 102.6611 0.0000 227.3750 0.5910 4.9076
2.8640 0.0000 102.6519 0.0000 226.4789 0.5890 4.8298
2.7314 0.0000 102.6505 0.0000 226.1523 0.5873 4.3349
2.5576 0.0000 102.6367 0.0000 225.4315 0.5849 4.0667
2.3984 0.0000 102.6028 0.0000 224.9232 0.5828 4.2564
2.2601 0.0000 102.5562 0.0000 224.5444 0.5827 4.4312
2.1173 0.0000 102.5205 0.0000 224.5325 0.5848 4.1879
1.9614 0.0000 102.5208 0.0000 225.3889 0.5864 4.1453
1.9597 0.0000 102.5260 0.0000 230.1960 0.5881 4.1278
2.1087 0.0000 102.5171 0.0694 237.7360 0.5911 3.8577
2.3485 0.0000 102.4872 51.9212 246.4447 0.5966 3.7242
