1.6060 0.0000 101.6893 149.0878 258.7672 0.6271 5.4814
3.3488 0.0000 101.7254 334.5163 243.4033 0.6243 5.5281
5.4624 0.0000 101.7083 484.4452 242.6625 0.6097 5.1868
7.2255 0.0000 101.6344 584.2131 241.5888 0.5782 4.5558
8.4709 0.0000 101.5160 605.8270 244.2021 0.5556 3.9694
9.3944 0.0000 101.3932 559.8321 246.5455 0.5421 3.6371
9.9479 0.0000 101.3037 442.3849 248.9301 0.5377 3.5242
10.0885 0.0000 101.2454 286.1788 250.4244 0.5377 3.5856
9.8228 0.0000 101.2308 110.5809 252.4008 0.5447 3.5260
9.2561 0.0000 101.2500 4.7680 254.6030 0.5510 3.3234
8.5469 0.0000 101.2978 0.0000 256.1701 0.5526 3.2647
7.7287 0.0000 101.3094 0.0000 268.8672 0.5595 3.5340
6.9345 0.0000 101.3450 0.0000 277.7287 0.5725 3.1858
6.2585 0.0000 101.3565 0.0000 280.7698 0.5838 3.0295
5.6208 0.0000 101.3312 0.0000 281.7247 0.5922 3.4063
5.0174 0.0000 101.2954 0.0000 284.8074 0.5994 3.9174
4.5541 0.0000 101.2811 0.0000 286.9725 0.6044 4.0088
4.2570 0.0000 101.2473 0.0000 288.2315 0.6050 4.1110
4.0871 0.0000 101.2082 0.0000 288.7863 0.6048 4.0254
3.9939 0.0000 101.1582 0.0000 287.8132 0.6041 3.9144
3.9267 0.0000 101.0899 0.0000 285.6793 0.6024 4.3045
3.8159 0.0000 101.0328 0.0000 266.1627 0.6049 4.4888
3.6785 0.0000 101.0892 0.0000 251.1989 0.6137 2.8856
3.5519 0.0000 101.1152 25.5605 264.6466 0.6203 2.2880
