-1.7084 0.0038 102.6373 162.2794 257.6869 0.5120 2.9761
0.3894 0.0002 102.6470 331.7971 242.8562 0.5346 3.2849
3.2824 0.0000 102.6064 463.8860 237.3964 0.5217 3.6861
4.9036 0.0000 102.5043 554.7784 237.3795 0.4997 3.1184
5.8970 0.0000 102.3845 589.5045 232.0599 0.4975 2.4996
6.6070 0.0000 102.2800 540.0663 230.6696 0.5003 2.1500
7.0546 0.0000 102.2012 420.6576 231.8666 0.5017 2.0325
7.1105 0.0000 102.1612 253.4176 232.9968 0.5050 2.1489
6.7778 0.0000 102.1520 75.0514 233.3533 0.5121 2.6797
6.2134 0.0000 102.1654 0.1385 232.9661 0.5190 3.7045
5.5879 0.0000 102.1713 0.0000 232.6154 0.5242 4.5927
4.9172 0.0000 102.1494 0.0000 232.0608 0.5292 5.3113
4.2463 0.0000 102.1280 0.0000 231.4842 0.5339 5.5954
3.6779 0.0000 102.1388 0.0000 231.0942 0.5385 5.2787
3.2420 0.0000 102.1546 0.0000 231.0880 0.5434 4.8440
2.8167 0.0000 102.1291 0.0000 231.2562 0.5477 4.7272
2.3731 0.0000 102.0999 0.0000 231.2810 0.5535 4.6918
1.9403 0.0000 102.0872 0.0000 234.3118 0.5623 4.2865
1.5273 0.0000 102.0740 0.0000 241.1206 0.5717 3.6810
1.1281 0.0003 102.0458 0.0000 252.3282 0.5799 3.5607
0.7226 0.0019 102.0262 0.0000 263.6534 0.5862 3.8946
0.4313 0.0032 102.0053 0.0000 272.6667 0.5898 4.4701
0.2388 0.0049 101.9783 0.0000 279.7311 0.5915 5.0183
0.2405 0.0023 101.9336 31.2987 277.2077 0.5949 5.3805
