-0.0146 0.0016 101.7227 160.2103 252.0230 0.5639 6.0303
1.7452 0.0002 101.7460 366.1603 222.8811 0.5685 5.6706
4.0743 0.0000 101.7119 509.8176 225.6063 0.5552 5.6708
6.0103 0.0000 101.6253 591.0786 232.0790 0.5178 5.3505
7.1290 0.0000 101.5142 604.0794 236.9266 0.5017 4.8986
7.8673 0.0000 101.4050 550.3355 240.5947 0.4980 4.7769
8.2386 0.0000 101.3238 431.4619 243.7159 0.5010 4.8206
8.2414 0.0000 101.2807 272.6407 244.9924 0.5059 5.0340
7.7174 0.0000 101.2644 97.8076 244.7356 0.5233 5.4848
6.7477 0.0000 101.2729 2.2384 242.4672 0.5398 6.4888
5.8339 0.0000 101.2870 0.0000 239.7945 0.5444 6.9068
5.1109 0.0000 101.3070 0.0000 237.7987 0.5483 6.4033
4.5620 0.0000 101.3104 0.0000 239.2788 0.5497 6.0684
4.1368 0.0000 101.3176 0.0000 249.9942 0.5502 5.5862
3.8192 0.0000 101.3043 0.0000 257.2880 0.5502 5.0724
3.5588 0.0000 101.2757 0.0000 264.1811 0.5494 4.8061
3.3492 0.0000 101.2519 0.0000 269.6629 0.5481 4.7278
3.1601 0.0000 101.2260 0.0000 273.4744 0.5479 4.7601
2.9522 0.0000 101.1925 0.0000 276.8275 0.5488 4.9600
2.6714 0.0000 101.1409 0.0000 281.1098 0.5516 5.2126
2.3524 0.0000 101.1034 0.0000 282.3837 0.5560 5.3255
2.0739 0.0000 101.0580 0.0000 282.5176 0.5624 5.5349
1.9335 0.0000 101.0274 0.0000 281.2409 0.5703 5.3588
1.9412 0.0000 101.0670 26.2597 268.5974 0.5765 4.1346
