-2.1610 0.0016 102.8731 167.8031 251.4635 0.4991 3.2105
0.3219 0.0000 102.8834 374.4116 219.9543 0.5279 3.3765
3.2366 0.0000 102.8470 497.0097 224.8565 0.5148 3.3764
4.5382 0.0000 102.7461 550.2118 234.2331 0.4993 2.7191
5.3351 0.0000 102.6330 574.7200 230.4318 0.4979 2.1283
5.9279 0.0000 102.5297 525.4120 228.6388 0.5006 1.7995
6.3090 0.0000 102.4537 405.9380 229.6352 0.5012 1.6858
6.3245 0.0000 102.4120 240.0327 230.6355 0.5038 1.7388
6.0026 0.0000 102.4029 66.4625 230.9329 0.5090 2.1133
5.5214 0.0000 102.4191 0.0312 230.6562 0.5138 2.8671
5.0038 0.0000 102.4275 0.0000 230.3865 0.5178 3.6395
4.4684 0.0000 102.4071 0.0000 229.9253 0.5225 4.4096
3.9544 0.0000 102.3806 0.0000 229.3341 0.5289 4.9363
3.4880 0.0000 102.3818 0.0000 229.0255 0.5389 4.9250
3.0628 0.0000 102.4008 0.0000 229.1003 0.5524 4.5667
2.5799 0.0000 102.3825 0.0000 229.4531 0.5667 4.5272
2.0131 0.0000 102.3451 0.0000 229.3310 0.5825 4.7755
1.3910 0.0000 102.3383 0.0000 229.9313 0.5991 4.5171
0.7988 0.0001 102.3358 0.0000 239.6832 0.6097 3.8988
0.1864 0.0039 102.3113 0.0000 263.2476 0.6063 3.8085
-0.4217 0.0142 102.2804 0.0000 283.9632 0.5911 3.9929
-0.7495 0.0097 102.2513 0.0000 286.8800 0.5795 4.2180
-0.9048 0.0073 102.2238 0.0000 286.2993 0.5745 4.5246
-0.8883 0.0056 102.1805 26.2181 286.4772 0.5723 4.6116
