3.8575 0.0072 103.0451 185.3486 269.5437 0.6116 5.2830
4.2947 0.0051 103.0711 320.3326 266.8629 0.6003 4.8972
4.6383 0.0039 103.0393 461.0530 254.0651 0.5996 4.5006
4.9506 0.0030 102.9436 530.9590 252.3992 0.5978 4.0585
5.1736 0.0027 102.8481 533.5353 250.9017 0.5960 3.6045
5.2855 0.0023 102.7718 466.8147 251.7612 0.5944 3.2505
5.2778 0.0015 102.7179 346.8261 251.8297 0.5906 3.0064
5.1695 0.0014 102.6915 194.4493 251.1366 0.5858 2.8680
4.8749 0.0009 102.6901 42.9208 250.2119 0.5839 2.9579
4.4771 0.0004 102.7110 0.0000 248.6519 0.5843 3.3050
4.1475 0.0002 102.7367 0.0000 241.2195 0.5828 3.3957
3.9094 0.0001 102.7368 0.0000 234.2304 0.5812 3.4721
3.8058 0.0000 102.7122 0.0000 230.6248 0.5784 3.6768
3.7991 0.0000 102.6864 0.0000 229.0835 0.5780 3.9135
3.8526 0.0000 102.6678 0.0000 229.0289 0.5818 3.9314
3.8352 0.0000 102.6532 0.0000 229.4122 0.5866 3.6502
3.7225 0.0000 102.6393 0.0000 229.2551 0.5902 3.5133
3.5841 0.0000 102.6123 0.0000 228.9935 0.5930 3.7514
3.4444 0.0000 102.5630 0.0000 228.5367 0.5963 4.1209
3.3197 0.0000 102.5114 0.0000 228.1907 0.6010 4.2128
3.2186 0.0000 102.5080 0.0000 228.4900 0.6052 4.2530
3.2514 0.0000 102.5262 0.0000 229.8610 0.6090 4.3013
3.3952 0.0000 102.5299 0.1942 236.5195 0.6133 3.9885
3.6122 0.0000 102.5064 63.9684 243.3373 0.6193 3.6385
