-0.9863 0.0025 99.4120 147.4145 250.9035 0.5246 5.6831
0.7311 0.0002 99.4404 340.3985 227.4872 0.5274 5.3919
2.8877 0.0000 99.4145 490.1291 227.0548 0.5253 5.0480
4.8173 0.0000 99.3347 578.0856 230.2588 0.5074 4.2423
6.2753 0.0000 99.2203 598.4518 233.4507 0.4911 3.5150
7.2529 0.0000 99.1097 546.2076 237.9033 0.4909 3.3522
7.8434 0.0000 99.0254 427.9313 241.6503 0.4943 3.3163
7.9572 0.0000 98.9838 271.8091 242.6371 0.5006 3.4418
7.4315 0.0000 98.9667 98.8691 241.9857 0.5135 3.9941
6.2469 0.0000 98.9752 2.5343 239.5615 0.5267 5.1049
4.9999 0.0000 99.0061 0.0000 236.5490 0.5302 5.2984
4.0662 0.0000 99.0307 0.0000 234.5487 0.5298 4.6708
3.4575 0.0000 99.0411 0.0000 238.1087 0.5259 4.2335
3.0859 0.0000 99.0424 0.0000 248.2927 0.5208 3.7526
2.8976 0.0000 99.0306 0.0000 254.6253 0.5159 3.4415
2.8508 0.0000 98.9969 0.0000 262.5100 0.5121 3.3366
2.9157 0.0000 98.9716 0.0000 267.1873 0.5105 3.3549
3.0305 0.0000 98.9458 0.0000 271.6875 0.5111 3.4425
3.1226 0.0000 98.9092 0.0000 276.4391 0.5131 3.6827
3.1160 0.0000 98.8606 0.0000 280.5593 0.5164 3.8677
3.0177 0.0000 98.8156 0.0000 282.5867 0.5204 3.9553
2.8241 0.0000 98.7610 0.0000 283.9342 0.5250 4.4369
2.5134 0.0000 98.7503 0.0000 282.7590 0.5301 4.4019
2.3775 0.0000 98.7979 20.8722 272.6506 0.5340 3.3345
