2.0386 0.0031 103.0204 208.3070 254.3521 0.6252 5.3389
3.7390 0.0003 103.0350 395.3594 239.5376 0.6241 4.9198
5.2862 0.0000 102.9846 546.1774 229.8796 0.6079 4.3223
6.3155 0.0000 102.8859 607.3491 233.5865 0.5917 3.7745
7.0603 0.0000 102.7736 594.1496 238.2897 0.5803 3.2312
7.6065 0.0000 102.6784 518.8686 241.3897 0.5735 2.8880
7.8582 0.0000 102.6129 399.0085 239.9398 0.5725 2.7762
7.8321 0.0000 102.5843 231.1866 239.3008 0.5751 2.7410
7.5489 0.0000 102.5815 56.4301 239.4724 0.5839 2.9748
7.0721 0.0000 102.6052 0.0000 238.9958 0.5995 3.5914
6.5303 0.0000 102.6292 0.0000 237.5583 0.6152 4.1172
5.9355 0.0000 102.6233 0.0000 236.2115 0.6294 4.6340
5.3700 0.0000 102.6082 0.0000 234.7490 0.6416 5.0909
4.9131 0.0000 102.5834 0.0000 233.3383 0.6513 5.3391
4.6426 0.0000 102.5791 0.0000 232.3928 0.6550 5.1349
4.3459 0.0000 102.5672 0.0000 232.0222 0.6531 4.8226
3.9942 0.0000 102.5466 0.0000 231.1012 0.6481 4.7674
3.6826 0.0000 102.5297 0.0000 230.4134 0.6422 4.7572
3.3849 0.0000 102.4881 0.0000 230.3170 0.6370 4.7004
3.1024 0.0001 102.4387 0.0000 230.4376 0.6333 4.6420
2.8395 0.0001 102.4356 0.0000 230.3936 0.6319 4.7231
2.7507 0.0000 102.4710 0.0000 233.6116 0.6303 4.9050
2.8186 0.0000 102.4889 0.2640 250.6733 0.6293 4.7120
2.9891 0.0000 102.4607 54.6703 253.7904 0.6292 4.4337
