0.9040 0.0000 101.5623 174.6783 249.1577 0.5977 5.9962
2.8262 0.0000 101.5869 369.8820 229.7755 0.6057 5.4736
5.3072 0.0000 101.5610 510.1020 234.2902 0.5964 5.2085
7.4815 0.0000 101.4759 594.4177 240.2721 0.5416 4.8918
8.7188 0.0000 101.3635 607.1248 245.8283 0.5073 4.7112
9.3644 0.0000 101.2574 559.7218 247.3857 0.4989 4.8665
9.6146 0.0000 101.1814 440.6195 249.1438 0.4998 5.1108
9.5156 0.0000 101.1370 281.8268 249.3778 0.5039 5.4627
8.8545 0.0000 101.1252 104.4918 248.4700 0.5253 5.7981
7.6983 0.0000 101.1349 2.9109 245.9063 0.5488 6.5340
6.6705 0.0000 101.1599 0.0000 243.5651 0.5585 6.8923
5.8604 0.0000 101.1731 0.0000 242.9400 0.5652 6.7638
5.2041 0.0000 101.1715 0.0000 251.5537 0.5703 6.6926
4.6819 0.0000 101.1875 0.0000 260.9784 0.5761 6.1608
4.2996 0.0000 101.1794 0.0000 268.2424 0.5800 5.8733
4.0243 0.0000 101.1495 0.0000 273.7764 0.5807 5.7910
3.8273 0.0000 101.1193 0.0000 278.1741 0.5794 5.7039
3.6563 0.0000 101.0934 0.0000 281.6085 0.5787 5.5603
3.4889 0.0000 101.0614 0.0000 284.0357 0.5786 5.6019
3.3050 0.0000 101.0171 0.0000 285.6439 0.5800 5.6139
3.1417 0.0000 100.9779 0.0000 284.9286 0.5827 5.5964
3.0273 0.0000 100.9293 0.0000 282.8164 0.5877 5.8867
2.9583 0.0000 100.9087 0.0000 269.1878 0.5953 5.5246
2.9166 0.0000 100.9568 37.6914 249.6166 0.6015 4.2373
