-1.8106 0.0006 102.7534 146.9048 252.9354 0.5027 4.3329
0.1468 0.0000 102.7756 304.2721 236.4632 0.5207 4.1188
2.8278 0.0000 102.7446 446.1380 234.1440 0.5027 4.1563
4.4517 0.0000 102.6488 553.9542 229.9950 0.4762 3.5347
5.3845 0.0000 102.5258 585.6692 226.1137 0.4697 2.8781
6.0491 0.0000 102.4164 532.0601 226.8583 0.4707 2.4963
6.4783 0.0000 102.3330 413.9189 228.7327 0.4706 2.3499
6.5672 0.0000 102.2906 250.0757 230.7178 0.4720 2.4352
6.2918 0.0000 102.2814 76.1497 231.8605 0.4785 2.8454
5.8171 0.0000 102.2840 0.2855 231.9398 0.4848 3.7205
5.2628 0.0000 102.2864 0.0000 231.7787 0.4909 4.6446
4.6345 0.0000 102.2659 0.0000 231.5809 0.5002 5.4028
3.9749 0.0000 102.2523 0.0000 231.3641 0.5112 5.6769
3.3661 0.0000 102.2725 0.0000 231.1978 0.5214 5.4219
2.8380 0.0000 102.2769 0.0000 231.0761 0.5305 5.4264
2.3100 0.0000 102.2414 0.0000 230.8364 0.5374 5.6940
1.8003 0.0000 102.2218 0.0000 232.6711 0.5424 5.3652
1.3856 0.0000 102.2275 0.0000 241.8188 0.5469 4.8217
1.0758 0.0000 102.2120 0.0000 248.0690 0.5508 4.7306
0.8324 0.0000 102.1687 0.0000 255.0417 0.5548 4.9798
0.6279 0.0000 102.1228 0.0000 257.6882 0.5608 5.4233
0.4820 0.0001 102.0873 0.0000 261.7866 0.5696 5.7896
0.3331 0.0006 102.0484 0.0000 268.0297 0.5793 6.0120
0.1519 0.0010 102.0098 24.4689 272.7269 0.5873 5.8598
