-0.7919 0.0018 101.6865 120.3866 267.5380 0.5334 4.1505
0.7063 0.0000 101.7091 324.8830 228.7835 0.5357 4.1009
2.8591 0.0000 101.6801 482.1970 224.7410 0.5177 4.3874
4.5731 0.0000 101.5847 570.2511 228.4412 0.4978 4.2989
5.5977 0.0000 101.4646 591.9242 229.3947 0.4934 3.8282
6.3728 0.0000 101.3486 538.7305 233.0031 0.4920 3.5895
6.7807 0.0000 101.2655 421.5052 236.6391 0.4944 3.6035
6.8103 0.0000 101.2270 262.0637 238.9243 0.4970 3.7109
6.4009 0.0000 101.2129 89.7874 239.2734 0.5058 4.0901
5.7423 0.0000 101.2178 1.4455 237.9587 0.5136 4.8335
5.1557 0.0000 101.2233 0.0000 236.1131 0.5126 5.0512
4.6487 0.0000 101.2272 0.0000 234.3981 0.5115 4.5508
4.2042 0.0000 101.2368 0.0000 233.2347 0.5112 3.8122
3.7907 0.0000 101.2330 0.0000 233.3371 0.5115 3.4835
3.3657 0.0000 101.2183 0.0000 237.6475 0.5137 3.2504
2.9537 0.0000 101.1935 0.0000 248.2340 0.5180 2.8817
2.5986 0.0000 101.1717 0.0000 256.0981 0.5229 2.5792
2.2871 0.0000 101.1523 0.0000 261.6702 0.5279 2.5917
1.9596 0.0000 101.1222 0.0000 265.0952 0.5336 2.9708
1.5874 0.0000 101.0773 0.0000 270.1207 0.5406 3.5023
1.2207 0.0000 101.0384 0.0000 274.4821 0.5490 3.7154
0.9634 0.0000 101.0007 0.0000 276.7132 0.5574 3.8406
0.7971 0.0000 100.9629 0.0000 276.9055 0.5653 3.9473
0.7981 0.0000 100.9820 20.1792 275.7724 0.5714 3.0188
