-2.1875 0.0023 102.9294 168.3523 255.7563 0.5029 2.8621
0.3788 0.0001 102.9369 372.2849 226.4638 0.5384 3.0930
3.2713 0.0000 102.8997 508.7923 224.3194 0.5323 3.1641
4.5432 0.0000 102.7979 561.4264 233.0344 0.5176 2.5337
5.3303 0.0000 102.6838 573.1430 232.4628 0.5145 1.9556
5.9190 0.0000 102.5856 520.3038 231.2751 0.5152 1.6071
6.2933 0.0000 102.5108 403.3116 230.9233 0.5147 1.4652
6.3173 0.0000 102.4699 237.1716 231.6896 0.5165 1.4845
6.0165 0.0000 102.4608 63.8657 231.6377 0.5209 1.7706
5.5782 0.0000 102.4794 0.0105 231.0431 0.5255 2.3970
5.1254 0.0000 102.4898 0.0000 230.5887 0.5301 3.0837
4.6582 0.0000 102.4715 0.0000 230.1919 0.5367 3.8560
4.1944 0.0000 102.4430 0.0000 229.8038 0.5470 4.5263
3.7231 0.0000 102.4366 0.0000 229.5741 0.5622 4.7749
3.2264 0.0000 102.4538 0.0000 229.4816 0.5805 4.6068
2.6489 0.0000 102.4447 0.0000 229.5590 0.5970 4.5101
2.0146 0.0000 102.4120 0.0000 229.2290 0.6109 4.7671
1.3730 0.0000 102.3944 0.0000 229.3856 0.6215 4.7563
0.7426 0.0002 102.3850 0.0000 240.1310 0.6238 4.0891
0.0927 0.0039 102.3688 0.0000 264.8096 0.6132 3.6899
-0.4941 0.0123 102.3473 0.0000 284.8431 0.5942 3.7467
-0.7572 0.0089 102.3270 0.0000 288.1886 0.5816 3.8348
-0.7775 0.0062 102.3023 0.0001 286.4653 0.5782 4.1091
-0.6076 0.0036 102.2621 29.7687 282.5734 0.5803 4.3288
