0.9019 0.0049 103.0396 184.1024 266.9467 0.6042 4.3029
2.6458 0.0004 103.0542 359.0303 253.6227 0.6132 4.0888
4.6386 0.0001 103.0067 538.9587 229.0070 0.5998 3.5987
5.9523 0.0000 102.9004 597.2379 235.0788 0.5715 3.0238
6.8804 0.0000 102.7838 582.1898 240.9630 0.5526 2.5691
7.4844 0.0000 102.6843 515.6921 242.2164 0.5459 2.3650
7.7922 0.0000 102.6183 402.3935 238.8990 0.5456 2.3610
7.7888 0.0000 102.5868 233.7436 239.0363 0.5486 2.4042
7.4978 0.0000 102.5801 58.9282 238.9680 0.5561 2.7126
7.0316 0.0000 102.6043 0.0000 238.0183 0.5675 3.3518
6.5439 0.0000 102.6249 0.0000 236.7710 0.5804 3.8810
6.0072 0.0000 102.6156 0.0000 235.6352 0.5962 4.4074
5.4336 0.0000 102.5967 0.0000 234.6203 0.6162 4.9356
4.8496 0.0000 102.5719 0.0000 233.6919 0.6378 5.2717
4.3557 0.0000 102.5752 0.0000 233.0960 0.6533 5.1406
3.8524 0.0000 102.5633 0.0000 232.7958 0.6583 4.8727
3.3504 0.0000 102.5466 0.0000 231.8425 0.6559 4.7662
2.9501 0.0000 102.5297 0.0000 231.1282 0.6494 4.6868
2.6057 0.0001 102.4881 0.0000 232.1255 0.6411 4.5725
2.3004 0.0002 102.4460 0.0000 233.5305 0.6340 4.3818
2.0541 0.0002 102.4471 0.0000 234.0264 0.6309 4.3686
2.0180 0.0001 102.4792 0.0000 242.0645 0.6301 4.4122
2.1399 0.0000 102.4860 0.1569 256.1241 0.6301 4.2100
2.3254 0.0000 102.4535 52.2701 254.6449 0.6295 4.0744
