2.1789 0.0046 103.0792 184.4843 259.5504 0.5954 4.4170
3.3335 0.0013 103.0989 351.8702 245.4732 0.5910 4.0831
4.1395 0.0024 103.0637 491.7299 237.8161 0.5851 3.6726
4.6258 0.0019 102.9693 534.8123 246.7352 0.5780 3.2466
4.9390 0.0017 102.8664 545.3871 242.9897 0.5748 2.8610
5.1373 0.0011 102.7866 479.4875 244.0351 0.5724 2.5488
5.1658 0.0008 102.7263 359.9168 244.7152 0.5704 2.3289
5.0278 0.0006 102.6970 201.8734 244.3699 0.5680 2.2357
4.6666 0.0006 102.6959 44.9396 246.0819 0.5688 2.5047
4.1695 0.0004 102.7160 0.0000 244.4283 0.5720 3.0907
3.7118 0.0004 102.7389 0.0000 241.4720 0.5739 3.3290
3.3275 0.0002 102.7361 0.0000 239.7502 0.5739 3.5255
3.0420 0.0000 102.7140 0.0000 234.2409 0.5727 3.8619
2.8544 0.0000 102.6912 0.0000 228.2063 0.5716 4.2038
2.7848 0.0000 102.6789 0.0000 227.6315 0.5722 4.1714
2.7207 0.0000 102.6745 0.0000 227.3701 0.5728 3.6834
2.6180 0.0000 102.6637 0.0000 226.7324 0.5718 3.3348
2.5246 0.0000 102.6298 0.0000 226.2461 0.5707 3.5300
2.4349 0.0000 102.5832 0.0000 225.9896 0.5713 3.7882
2.3360 0.0000 102.5476 0.0000 226.3868 0.5735 3.5978
2.2299 0.0000 102.5430 0.0000 228.6901 0.5749 3.5145
2.2676 0.0000 102.5417 0.0000 233.2178 0.5764 3.4726
2.4296 0.0000 102.5267 0.0441 241.3401 0.5789 3.2628
2.6404 0.0000 102.4999 60.3469 237.4002 0.5828 3.2451
