4.4136 0.0054 103.0312 199.0740 268.6620 0.6145 5.6841
4.7035 0.0043 103.0573 345.6484 263.6064 0.6085 5.3232
4.9454 0.0033 103.0276 475.4889 255.5811 0.6083 4.9713
5.1470 0.0026 102.9350 541.2422 254.1058 0.6094 4.5330
5.2975 0.0024 102.8440 538.6418 253.7338 0.6094 4.0368
5.3755 0.0022 102.7660 470.4112 254.4566 0.6072 3.6411
5.3548 0.0015 102.7147 349.2872 254.2446 0.6034 3.3716
5.2644 0.0013 102.6877 196.6708 252.7902 0.5993 3.1973
5.0647 0.0008 102.6846 43.3127 251.4432 0.5964 3.1416
4.8566 0.0003 102.7050 0.0000 248.9430 0.5947 3.2734
4.7232 0.0001 102.7314 0.0000 242.2207 0.5930 3.3132
4.6173 0.0000 102.7309 0.0000 234.5542 0.5933 3.4198
4.5486 0.0000 102.7065 0.0000 232.9685 0.5928 3.6293
4.5336 0.0000 102.6814 0.0000 231.8501 0.5952 3.8565
4.5632 0.0000 102.6606 0.0000 231.7434 0.6014 3.9396
4.5180 0.0000 102.6400 0.0000 232.1983 0.6070 3.7834
4.4009 0.0000 102.6238 0.0000 232.2563 0.6115 3.7277
4.2730 0.0000 102.6026 0.0000 232.1409 0.6154 3.9349
4.1410 0.0000 102.5530 0.0000 231.8146 0.6192 4.2499
4.0256 0.0000 102.4965 0.0000 231.4451 0.6237 4.3782
3.9440 0.0000 102.4859 0.0000 231.4918 0.6279 4.4448
3.9887 0.0000 102.5131 0.0000 232.2091 0.6318 4.5693
4.1173 0.0000 102.5254 0.3155 236.3589 0.6356 4.3430
4.3140 0.0000 102.5060 67.1775 246.4773 0.6403 3.9212
