-0.0908 0.0007 100.9000 169.5478 252.0537 0.5641 5.4142
1.9009 0.0001 100.9211 384.0750 220.1475 0.5752 4.9789
4.5514 0.0000 100.8911 524.6329 224.6181 0.5601 4.9083
6.6610 0.0000 100.8038 604.6511 231.5789 0.5147 4.5544
7.7927 0.0000 100.6950 616.0097 236.6677 0.4981 4.2326
8.4650 0.0000 100.5928 560.6625 240.3570 0.4957 4.3024
8.7304 0.0000 100.5187 438.4488 243.6340 0.4997 4.5168
8.6170 0.0000 100.4795 276.8554 244.9989 0.5049 4.8084
7.9612 0.0000 100.4680 98.9970 244.8139 0.5231 5.2510
6.8765 0.0000 100.4765 2.0800 242.5267 0.5394 6.0934
5.8833 0.0000 100.4910 0.0000 239.7985 0.5436 6.4230
5.1017 0.0000 100.5003 0.0000 237.7501 0.5467 5.9797
4.5062 0.0000 100.5013 0.0000 239.1232 0.5484 5.6502
4.0423 0.0000 100.5100 0.0000 248.2626 0.5502 5.2152
3.6940 0.0000 100.5009 0.0000 255.0633 0.5516 4.7466
3.4270 0.0000 100.4747 0.0000 262.8279 0.5521 4.4776
3.2293 0.0000 100.4467 0.0000 268.7482 0.5523 4.3216
3.0603 0.0000 100.4208 0.0000 273.3387 0.5533 4.2407
2.8738 0.0000 100.3928 0.0000 276.3160 0.5550 4.2875
2.6528 0.0000 100.3490 0.0000 279.4699 0.5576 4.5170
2.4231 0.0000 100.3145 0.0000 280.9147 0.5609 4.6616
2.2940 0.0000 100.2784 0.0000 280.0175 0.5658 4.9254
2.3143 0.0000 100.2412 0.0000 277.7997 0.5717 4.9947
2.4162 0.0000 100.2665 31.3004 264.7139 0.5768 3.9644
