-1.5200 0.0002 98.1752 208.5625 231.1063 0.5024 3.5205
0.7326 0.0000 98.1843 411.5239 213.7544 0.5154 3.5554
3.6327 0.0000 98.1487 551.1015 217.5124 0.4884 3.6337
5.5817 0.0000 98.0586 629.9083 222.3597 0.4663 2.9576
6.5874 0.0000 97.9559 635.5912 226.1031 0.4759 2.1846
7.2999 0.0000 97.8702 572.5979 229.6829 0.4865 1.7712
7.7265 0.0000 97.8021 448.0673 232.3781 0.4945 1.8670
7.7401 0.0000 97.7757 277.3851 233.8540 0.5020 2.1783
7.2030 0.0000 97.7743 89.9811 234.1844 0.5136 2.7988
6.2467 0.0000 97.7883 0.5252 233.2678 0.5224 3.6346
5.2878 0.0000 97.7983 0.0000 232.5339 0.5267 3.9347
4.5180 0.0000 97.7834 0.0000 232.3168 0.5302 3.8811
3.9387 0.0000 97.7763 0.0000 232.2058 0.5336 3.5479
3.5444 0.0000 97.7769 0.0000 232.2425 0.5366 3.2508
3.2704 0.0000 97.7779 0.0000 233.7764 0.5393 3.1644
2.9721 0.0000 97.7551 0.0000 235.2886 0.5403 3.1088
2.7104 0.0000 97.7324 0.0000 239.7691 0.5399 3.1925
2.5007 0.0000 97.6988 0.0000 248.3382 0.5391 3.1524
2.3125 0.0000 97.6608 0.0000 259.4893 0.5381 2.6220
2.1574 0.0000 97.6402 0.0000 265.9001 0.5373 1.9249
2.0623 0.0000 97.6274 0.0000 261.4969 0.5364 1.7481
2.1041 0.0000 97.6179 0.0000 265.5114 0.5364 2.1211
2.2052 0.0000 97.5910 0.0000 255.4822 0.5368 2.9342
2.2729 0.0000 97.5531 47.7791 252.0292 0.5373 3.7618
