1.3305 0.0001 101.8012 160.0828 251.9586 0.6101 6.3342
2.9673 0.0000 101.8360 351.8776 235.0998 0.6087 6.1175
5.0578 0.0000 101.8163 497.1196 236.4838 0.5939 5.7236
6.9650 0.0000 101.7412 583.8172 240.4934 0.5543 5.0533
8.2534 0.0000 101.6228 602.6599 244.1294 0.5277 4.4519
9.1120 0.0000 101.5012 555.1032 246.6380 0.5197 4.1446
9.5903 0.0000 101.4157 437.5713 248.7449 0.5211 4.0445
9.7276 0.0000 101.3611 281.7204 249.6003 0.5245 4.1433
9.4005 0.0000 101.3439 106.9401 250.3122 0.5367 4.2356
8.6283 0.0000 101.3563 3.9808 250.9290 0.5511 4.4898
7.7004 0.0000 101.4029 0.0000 251.4154 0.5621 4.6484
6.7879 0.0000 101.4196 0.0000 257.4978 0.5738 4.8752
5.9923 0.0000 101.4397 0.0000 269.3411 0.5859 4.6664
5.3778 0.0000 101.4574 0.0000 274.2959 0.5961 4.2953
4.8822 0.0000 101.4395 0.0000 277.0363 0.6020 4.4977
4.4788 0.0000 101.4039 0.0000 280.1783 0.6034 4.8932
4.2183 0.0000 101.3818 0.0000 283.6151 0.6012 4.9357
4.0975 0.0000 101.3517 0.0000 286.0966 0.5973 4.9349
4.0661 0.0000 101.3066 0.0000 288.3237 0.5946 4.8978
4.0520 0.0000 101.2576 0.0000 289.1453 0.5938 4.7648
4.0099 0.0000 101.1967 0.0000 288.5756 0.5940 5.0325
3.8859 0.0000 101.1360 0.0000 280.2868 0.5979 5.4124
3.6655 0.0000 101.1703 0.0000 257.1475 0.6076 4.2026
3.4484 0.0000 101.2117 27.3833 261.7641 0.6157 3.2786
