-1.2757 0.0016 100.5650 183.0433 242.4517 0.5148 3.5613
0.7636 0.0001 100.5724 359.3241 230.7726 0.5263 3.6799
3.5620 0.0000 100.5337 513.8658 226.1603 0.4994 3.8830
5.4797 0.0000 100.4353 605.1129 227.0984 0.4728 3.3440
6.5130 0.0000 100.3212 617.6344 229.1069 0.4776 2.7067
7.1965 0.0000 100.2265 561.3890 230.5465 0.4869 2.4266
7.5891 0.0000 100.1564 439.0827 232.7345 0.4938 2.5139
7.5734 0.0000 100.1222 270.2495 234.0943 0.5002 2.7751
7.0457 0.0000 100.1164 86.1052 234.5012 0.5126 3.4160
6.1748 0.0000 100.1312 0.4435 233.9296 0.5215 4.3528
5.3532 0.0000 100.1369 0.0000 233.5446 0.5261 4.7616
4.6732 0.0000 100.1151 0.0000 233.4835 0.5315 4.8761
4.0902 0.0000 100.1043 0.0000 233.3891 0.5371 4.6309
3.6415 0.0000 100.1103 0.0000 233.3453 0.5417 4.2101
3.3333 0.0000 100.1129 0.0000 233.8048 0.5448 4.0056
3.0378 0.0000 100.0851 0.0000 235.5512 0.5461 3.9203
2.7840 0.0000 100.0588 0.0000 239.3362 0.5465 3.8813
2.5792 0.0000 100.0336 0.0000 245.6671 0.5470 3.6052
2.3687 0.0000 100.0086 0.0000 255.1812 0.5475 2.9701
2.1440 0.0000 99.9835 0.0000 262.7973 0.5480 2.4889
1.9554 0.0000 99.9680 0.0000 262.4512 0.5486 2.5371
1.9275 0.0000 99.9522 0.0000 265.8050 0.5502 3.0925
2.0366 0.0000 99.9226 0.0000 260.6003 0.5529 3.9180
2.1853 0.0000 99.8779 45.1312 249.6640 0.5556 4.6395
