-1.8681 0.0033 102.7101 162.8539 257.0846 0.5075 2.8415
0.3692 0.0002 102.7196 343.0247 238.4004 0.5331 3.1868
3.2857 0.0000 102.6788 464.0773 236.9268 0.5217 3.5938
4.7983 0.0000 102.5791 546.7012 238.6958 0.5034 3.0130
5.7505 0.0000 102.4603 588.2096 231.1912 0.5009 2.4075
6.4456 0.0000 102.3560 536.1811 230.5326 0.5028 2.0674
6.8917 0.0000 102.2756 417.6175 231.2774 0.5034 1.9396
6.9452 0.0000 102.2374 250.5004 232.3465 0.5060 2.0277
6.6208 0.0000 102.2283 73.0048 232.6559 0.5121 2.5154
6.0764 0.0000 102.2419 0.0982 232.2345 0.5183 3.4925
5.4718 0.0000 102.2490 0.0000 231.8351 0.5229 4.3967
4.8241 0.0000 102.2282 0.0000 231.1882 0.5271 5.1568
4.1896 0.0000 102.2040 0.0000 230.5647 0.5314 5.5055
3.6629 0.0000 102.2134 0.0000 230.1825 0.5365 5.2383
3.2486 0.0000 102.2303 0.0000 230.2255 0.5430 4.7773
2.8186 0.0000 102.2066 0.0000 230.4548 0.5499 4.6531
2.3451 0.0000 102.1769 0.0000 230.3154 0.5593 4.6753
1.8615 0.0000 102.1643 0.0000 232.2250 0.5721 4.3102
1.3984 0.0000 102.1532 0.0000 239.0925 0.5848 3.7101
0.9532 0.0005 102.1265 0.0000 252.0683 0.5939 3.6441
0.4832 0.0034 102.1050 0.0000 267.1824 0.5980 3.9970
0.1339 0.0050 102.0833 0.0000 278.9188 0.5971 4.5035
-0.0677 0.0065 102.0583 0.0000 286.6541 0.5959 4.9622
-0.0135 0.0026 102.0146 28.0238 285.3356 0.5995 5.2271
