-0.7568 0.0065 102.3985 166.0256 266.5795 0.5434 2.4840
0.8112 0.0009 102.4089 333.5281 256.7435 0.5619 2.5440
3.1995 0.0000 102.3691 499.5440 235.8133 0.5577 2.9100
4.9001 0.0000 102.2620 557.1050 242.9407 0.5280 2.5661
5.8471 0.0000 102.1431 583.9475 238.6909 0.5205 2.1446
6.5097 0.0000 102.0461 535.6020 235.7467 0.5193 1.9371
6.8717 0.0000 101.9732 419.4877 234.6250 0.5195 1.9474
6.8904 0.0000 101.9356 250.5221 235.1827 0.5210 2.0895
6.5218 0.0000 101.9269 71.4258 234.8569 0.5258 2.6508
5.8624 0.0000 101.9439 0.0495 233.5567 0.5301 3.6191
5.1905 0.0000 101.9548 0.0000 232.2394 0.5321 4.1889
4.6201 0.0000 101.9358 0.0000 231.3139 0.5341 4.5265
4.1968 0.0000 101.9119 0.0000 230.8897 0.5380 4.6297
3.8631 0.0000 101.9088 0.0000 231.0509 0.5463 4.3337
3.5447 0.0000 101.9169 0.0000 231.6815 0.5591 3.8485
3.1341 0.0000 101.8982 0.0000 232.2808 0.5737 3.5705
2.6511 0.0000 101.8759 0.0000 232.2948 0.5883 3.5050
2.1745 0.0000 101.8506 0.0000 232.7420 0.6025 3.4537
1.7019 0.0000 101.8231 0.0000 234.2411 0.6153 3.0806
1.2305 0.0005 101.7973 0.0000 246.0031 0.6212 2.7044
0.7542 0.0026 101.7985 0.0000 270.5251 0.6180 2.7691
0.4656 0.0045 101.8044 0.0000 281.9614 0.6143 3.0123
0.3042 0.0081 101.7884 0.0041 283.5329 0.6130 3.4023
0.3111 0.0036 101.7500 38.7877 277.4135 0.6143 3.8102
