2.3578 0.0017 103.0459 209.2161 248.6141 0.6077 5.1461
3.7096 0.0006 103.0610 386.2033 238.6119 0.5994 4.7707
4.7587 0.0002 103.0221 537.8181 228.6288 0.5932 4.2883
5.4771 0.0002 102.9245 601.3772 230.4347 0.5930 3.7613
6.0664 0.0001 102.8130 591.2998 233.6564 0.5919 3.2124
6.4968 0.0001 102.7265 512.2967 237.8118 0.5892 2.8147
6.6655 0.0001 102.6660 391.0552 236.5566 0.5910 2.6200
6.5965 0.0001 102.6321 223.0130 236.3766 0.5930 2.5395
6.2769 0.0001 102.6310 51.8243 237.5072 0.5963 2.7169
5.8563 0.0002 102.6553 0.0000 241.4378 0.6023 3.2748
5.4434 0.0001 102.6802 0.0000 243.5096 0.6103 3.7213
5.0068 0.0001 102.6806 0.0000 237.3108 0.6174 4.1824
4.5589 0.0000 102.6538 0.0000 232.1564 0.6221 4.6811
4.2117 0.0000 102.6355 0.0000 230.4680 0.6241 5.0449
4.0174 0.0000 102.6241 0.0000 229.1262 0.6225 4.9271
3.8455 0.0000 102.6161 0.0000 228.8416 0.6177 4.5107
3.6472 0.0000 102.6002 0.0000 228.3468 0.6125 4.4208
3.4147 0.0000 102.5737 0.0000 227.8967 0.6098 4.6202
3.1587 0.0000 102.5258 0.0000 227.2584 0.6086 4.7710
2.9235 0.0000 102.4848 0.0000 226.8001 0.6089 4.6349
2.6985 0.0000 102.4828 0.0000 226.8771 0.6105 4.7204
2.6345 0.0000 102.5061 0.0000 228.7605 0.6125 4.8353
2.7457 0.0000 102.5079 0.1582 239.0102 0.6140 4.5661
2.9946 0.0000 102.4789 48.2220 255.6254 0.6164 4.2575
