-1.5128 0.0009 99.0383 204.3673 231.0354 0.5030 3.2241
0.6337 0.0000 99.0449 393.5614 220.2116 0.5150 3.3785
3.4399 0.0000 99.0085 538.5557 220.1268 0.4863 3.5531
5.3766 0.0000 98.9116 622.7503 222.9163 0.4623 2.9540
6.3812 0.0000 98.8056 629.7223 226.2539 0.4725 2.2729
7.0528 0.0000 98.7182 567.9296 229.2688 0.4859 1.9765
7.4632 0.0000 98.6522 443.8321 231.7021 0.4943 2.1235
7.4422 0.0000 98.6236 273.3979 233.0366 0.5012 2.4406
6.8582 0.0000 98.6218 87.0402 233.1869 0.5136 3.1069
5.8567 0.0000 98.6383 0.3974 232.1624 0.5225 3.9734
4.9023 0.0000 98.6481 0.0000 231.3828 0.5264 4.1902
4.1734 0.0000 98.6279 0.0000 231.2585 0.5298 4.1435
3.6296 0.0000 98.6153 0.0000 231.2684 0.5336 3.8681
3.2763 0.0000 98.6148 0.0000 231.4314 0.5368 3.5410
3.0627 0.0000 98.6176 0.0000 231.8559 0.5397 3.4234
2.8166 0.0000 98.5906 0.0000 234.2562 0.5408 3.3849
2.5977 0.0000 98.5677 0.0000 237.1362 0.5408 3.4642
2.4157 0.0000 98.5359 0.0000 242.5291 0.5407 3.3727
2.2330 0.0000 98.5028 0.0000 253.9380 0.5403 2.7150
2.0655 0.0000 98.4809 0.0000 262.3557 0.5402 1.9789
1.9536 0.0000 98.4705 0.0000 260.8494 0.5400 1.6957
1.9920 0.0000 98.4588 0.0000 264.1953 0.5407 2.1214
2.1019 0.0001 98.4342 0.0003 255.4229 0.5422 3.0185
2.1943 0.0002 98.3903 50.7577 245.9670 0.5435 3.9905
