-1.9908 0.0033 102.6660 166.1474 257.2440 0.5044 2.4024
0.3658 0.0003 102.6732 361.7925 234.6038 0.5352 2.8001
3.3403 0.0000 102.6301 478.9405 234.4456 0.5264 3.2795
4.7889 0.0000 102.5324 542.6631 240.6506 0.5105 2.7718
5.6792 0.0000 102.4145 585.6634 232.1245 0.5086 2.2206
6.3469 0.0000 102.3137 532.4047 231.4940 0.5097 1.9095
6.7654 0.0000 102.2338 414.5426 231.4694 0.5098 1.7920
6.7955 0.0000 102.1981 247.0905 232.2896 0.5115 1.8502
6.4447 0.0000 102.1889 70.0828 232.2717 0.5162 2.3159
5.8618 0.0000 102.2054 0.0372 231.5147 0.5205 3.2323
5.2482 0.0000 102.2158 0.0000 230.7979 0.5229 4.0401
4.6417 0.0000 102.1954 0.0000 229.9957 0.5256 4.7157
4.1047 0.0000 102.1678 0.0000 229.3750 0.5293 5.0749
3.6839 0.0000 102.1724 0.0000 229.0833 0.5359 4.8797
3.3332 0.0000 102.1895 0.0000 229.3124 0.5460 4.3815
2.9148 0.0000 102.1693 0.0000 229.7413 0.5578 4.1711
2.4129 0.0000 102.1405 0.0000 229.6887 0.5733 4.2997
1.8701 0.0000 102.1212 0.0000 229.6780 0.5921 4.1472
1.3315 0.0000 102.1093 0.0000 235.4740 0.6085 3.5250
0.7959 0.0008 102.0887 0.0000 251.9187 0.6170 3.3390
0.2205 0.0057 102.0715 0.0000 274.1986 0.6146 3.6209
-0.2085 0.0082 102.0550 0.0000 290.4445 0.6040 4.0101
-0.3651 0.0103 102.0355 0.0001 296.6969 0.5976 4.4128
-0.1800 0.0032 101.9928 27.7435 291.2326 0.6021 4.6882
