2.3074 0.0015 103.0427 211.1503 248.2143 0.6096 5.1991
3.7328 0.0004 103.0573 392.7679 236.7745 0.6024 4.8194
4.8501 0.0001 103.0170 542.0102 228.1446 0.5946 4.3174
5.6039 0.0001 102.9198 603.8239 230.5327 0.5928 3.7812
6.2154 0.0001 102.8077 592.0795 234.3128 0.5906 3.2212
6.6684 0.0001 102.7198 512.8323 238.5440 0.5873 2.8223
6.8513 0.0001 102.6586 392.6005 237.0075 0.5892 2.6365
6.7901 0.0001 102.6249 224.3679 236.7544 0.5918 2.5586
6.4829 0.0001 102.6236 52.5077 237.8718 0.5959 2.7314
6.0739 0.0001 102.6481 0.0000 241.3031 0.6029 3.2841
5.6630 0.0001 102.6728 0.0000 243.2523 0.6120 3.7501
5.2127 0.0000 102.6723 0.0000 237.2350 0.6203 4.2393
4.7398 0.0000 102.6469 0.0000 232.5245 0.6264 4.7501
4.3667 0.0000 102.6282 0.0000 231.0341 0.6295 5.1081
4.1535 0.0000 102.6178 0.0000 229.6732 0.6283 4.9803
3.9608 0.0000 102.6088 0.0000 229.3586 0.6233 4.5810
3.7435 0.0000 102.5923 0.0000 228.8261 0.6177 4.5079
3.4989 0.0000 102.5674 0.0000 228.3509 0.6145 4.6848
3.2312 0.0000 102.5202 0.0000 227.7044 0.6128 4.8043
2.9848 0.0000 102.4782 0.0000 227.2248 0.6125 4.6771
2.7505 0.0000 102.4757 0.0000 227.2267 0.6138 4.7692
2.6789 0.0000 102.5016 0.0000 229.0927 0.6154 4.8994
2.7830 0.0000 102.5056 0.1743 240.4717 0.6166 4.6404
3.0241 0.0000 102.4767 48.3905 256.2220 0.6184 4.3261
