1.6451 0.0000 101.8933 150.0229 262.7229 0.6232 5.9028
3.3340 0.0000 101.9217 315.8591 252.9027 0.6313 5.4292
5.5073 0.0000 101.8957 471.7587 250.1359 0.6291 5.0677
7.5574 0.0000 101.8183 569.4953 251.8631 0.5879 4.7380
8.9660 0.0000 101.7021 592.0956 253.7820 0.5419 4.5601
9.7937 0.0000 101.5875 561.9504 250.3823 0.5205 4.7339
10.2239 0.0000 101.5068 444.1616 251.2265 0.5141 5.0233
10.2747 0.0000 101.4586 286.6125 251.5047 0.5131 5.3872
9.7603 0.0000 101.4421 108.9930 250.9735 0.5298 5.6281
8.7130 0.0000 101.4605 3.7180 249.4907 0.5522 6.0904
7.5410 0.0000 101.4979 0.0000 248.3437 0.5657 6.3614
6.4952 0.0000 101.5070 0.0000 252.5833 0.5781 6.5847
5.6792 0.0000 101.5141 0.0000 262.2338 0.5890 6.3975
5.0976 0.0000 101.5300 0.0000 271.6138 0.5981 6.0243
4.6668 0.0000 101.5189 0.0000 275.9093 0.6048 5.9801
4.3576 0.0000 101.4852 0.0000 279.5712 0.6079 6.0392
4.1619 0.0000 101.4549 0.0000 284.4663 0.6080 5.8988
4.0255 0.0000 101.4291 0.0000 286.1959 0.6072 5.7312
3.9077 0.0000 101.3886 0.0000 287.4362 0.6060 5.7127
3.7830 0.0000 101.3483 0.0000 286.3521 0.6057 5.5803
3.6618 0.0000 101.3062 0.0000 283.0995 0.6063 5.5504
3.5640 0.0000 101.2491 0.0000 275.6704 0.6090 5.7931
3.4192 0.0000 101.2571 0.0000 254.4605 0.6162 4.9973
3.2564 0.0000 101.3108 37.3335 250.1473 0.6228 3.9062
