-0.9269 0.0009 102.6523 115.6752 264.1668 0.5284 4.1498
0.6410 0.0000 102.6751 281.3516 241.1129 0.5314 4.1719
2.6990 0.0000 102.6478 451.1364 231.8376 0.5187 4.2861
4.5897 0.0000 102.5525 558.7563 229.3015 0.4940 4.0612
5.6241 0.0000 102.4301 584.1733 228.7610 0.4878 3.5050
6.3788 0.0000 102.3131 531.8122 231.4737 0.4843 3.1427
6.7971 0.0000 102.2279 416.0796 234.7170 0.4844 3.0227
6.9069 0.0000 102.1814 256.5509 237.0099 0.4844 3.0526
6.6671 0.0000 102.1673 84.8174 238.1547 0.4884 3.3417
6.2326 0.0000 102.1678 1.0095 237.9741 0.4918 4.0509
5.7472 0.0000 102.1702 0.0000 237.2866 0.4919 4.6335
5.2146 0.0000 102.1613 0.0000 236.1834 0.4944 4.7457
4.6881 0.0000 102.1678 0.0000 235.0879 0.5003 4.3502
4.1958 0.0000 102.1755 0.0000 234.2914 0.5083 4.1329
3.6840 0.0000 102.1607 0.0000 234.1050 0.5181 4.2992
3.1429 0.0000 102.1368 0.0000 239.1084 0.5293 4.0791
2.6485 0.0000 102.1196 0.0000 250.2812 0.5393 3.6694
2.2283 0.0000 102.1141 0.0000 257.0691 0.5479 3.5564
1.8419 0.0000 102.0889 0.0000 261.5001 0.5555 3.7570
1.4818 0.0000 102.0398 0.0000 265.3714 0.5622 4.2447
1.1734 0.0000 101.9909 0.0000 271.2794 0.5679 4.6744
0.9886 0.0000 101.9513 0.0000 275.1211 0.5726 4.9340
0.8829 0.0000 101.9088 0.0000 277.1825 0.5769 5.2491
0.8342 0.0000 101.9119 22.4009 271.8717 0.5822 4.6745
