-0.5998 0.0017 98.8313 152.2016 245.6804 0.5238 5.5267
1.3098 0.0002 98.8648 328.4569 234.2204 0.5273 5.0831
3.5628 0.0000 98.8469 479.4182 232.7082 0.5287 4.2232
5.6703 0.0000 98.7758 573.9142 233.6844 0.5036 3.1988
7.1380 0.0000 98.6613 595.1639 237.1603 0.4889 2.8226
8.0665 0.0000 98.5488 546.4052 240.5900 0.4919 2.7871
8.6506 0.0000 98.4634 429.4897 243.5967 0.4975 2.7528
8.7804 0.0000 98.4178 274.7711 244.2766 0.5055 2.7652
8.3337 0.0000 98.3992 102.0048 243.8152 0.5170 3.0819
7.2875 0.0000 98.4077 3.1108 242.3534 0.5288 3.8402
6.0850 0.0000 98.4478 0.0000 240.7556 0.5342 3.9849
5.1111 0.0000 98.4755 0.0000 240.1626 0.5361 3.6222
4.4393 0.0000 98.4900 0.0000 247.9896 0.5347 3.4659
4.0082 0.0000 98.4983 0.0000 258.2057 0.5326 3.2291
3.7472 0.0000 98.4876 0.0000 262.9897 0.5306 3.1669
3.6197 0.0000 98.4561 0.0000 268.5769 0.5285 3.1997
3.6215 0.0000 98.4312 0.0000 271.7751 0.5268 3.1826
3.7071 0.0000 98.4067 0.0000 276.5612 0.5255 3.0934
3.8306 0.0000 98.3676 0.0000 280.8901 0.5248 3.0375
3.9079 0.0000 98.3175 0.0000 283.9630 0.5252 2.9663
3.9195 0.0000 98.2590 0.0000 286.0210 0.5260 3.0799
3.8413 0.0000 98.1917 0.0000 287.1663 0.5280 3.9573
3.6211 0.0000 98.2017 0.0000 284.2231 0.5312 3.7343
3.4468 0.0001 98.2560 19.3624 275.4460 0.5341 2.8443
