-2.0473 0.0017 103.1211 172.6188 253.1651 0.5088 3.0042
0.6905 0.0001 103.1279 377.6652 222.1812 0.5459 3.1202
3.3363 0.0000 103.0920 512.7555 221.8340 0.5399 2.7802
4.4589 0.0000 102.9888 576.3747 226.5888 0.5295 2.1231
5.2115 0.0000 102.8706 574.9609 229.1220 0.5279 1.6384
5.7635 0.0000 102.7772 505.6443 232.5680 0.5294 1.2842
6.0854 0.0000 102.7042 385.6087 233.2112 0.5305 1.0839
6.0631 0.0000 102.6673 223.3539 233.0658 0.5337 1.0751
5.7648 0.0000 102.6584 56.3064 232.1766 0.5370 1.2938
5.3781 0.0000 102.6828 0.0000 232.4986 0.5408 1.7959
4.9576 0.0000 102.6937 0.0000 237.1609 0.5480 2.3730
4.4634 0.0000 102.6815 0.0000 235.7396 0.5594 3.1636
3.8803 0.0000 102.6586 0.0000 230.5141 0.5750 4.1058
3.1816 0.0000 102.6409 0.0000 229.2357 0.5927 4.8497
2.4282 0.0000 102.6523 0.0000 227.9475 0.6056 5.1030
1.7137 0.0000 102.6617 0.0000 226.9034 0.6110 4.8899
1.1079 0.0000 102.6372 0.0000 226.1046 0.6086 4.8087
0.5971 0.0000 102.6058 0.0000 226.1402 0.6000 4.8005
0.1610 0.0001 102.5928 0.0000 231.7998 0.5887 4.0415
-0.1689 0.0017 102.5772 0.0000 243.7856 0.5781 3.2054
-0.3589 0.0028 102.5521 0.0000 250.4910 0.5692 3.0645
-0.3206 0.0023 102.5270 0.0000 260.2741 0.5644 3.1452
-0.1819 0.0020 102.5011 0.0002 249.7617 0.5624 3.5166
0.0116 0.0014 102.4658 41.7154 252.3584 0.5630 3.8421
