-0.5495 0.0020 100.6701 150.4414 252.7060 0.5419 5.8015
1.1571 0.0002 100.6959 351.7310 224.9982 0.5448 5.5102
3.3806 0.0000 100.6658 499.1130 225.6467 0.5360 5.3783
5.2631 0.0000 100.5813 582.9980 230.6873 0.5119 4.8300
6.5514 0.0000 100.4672 599.6806 234.5931 0.4975 4.2027
7.4364 0.0000 100.3551 546.7879 238.7384 0.4958 4.0115
7.9433 0.0000 100.2715 428.5768 242.2168 0.4990 3.9873
8.0245 0.0000 100.2290 271.0212 243.5985 0.5046 4.1347
7.5282 0.0000 100.2119 97.5466 243.2822 0.5188 4.6352
6.4853 0.0000 100.2204 2.3355 241.0447 0.5330 5.6935
5.4205 0.0000 100.2429 0.0000 238.2693 0.5370 5.9946
4.5955 0.0000 100.2658 0.0000 236.2506 0.5383 5.4198
4.0176 0.0000 100.2740 0.0000 238.7760 0.5364 4.9885
3.6197 0.0000 100.2766 0.0000 248.1065 0.5333 4.5069
3.3587 0.0000 100.2642 0.0000 254.5989 0.5301 4.0982
3.1909 0.0000 100.2330 0.0000 262.5036 0.5273 3.9083
3.1038 0.0000 100.2084 0.0000 267.5210 0.5260 3.8763
3.0547 0.0000 100.1826 0.0000 271.8404 0.5264 3.9557
2.9850 0.0000 100.1466 0.0000 275.7891 0.5280 4.2169
2.8280 0.0000 100.0964 0.0000 280.1768 0.5314 4.4735
2.6039 0.0000 100.0547 0.0000 282.0048 0.5363 4.5941
2.3563 0.0000 100.0055 0.0000 282.9818 0.5426 4.9188
2.1206 0.0000 99.9858 0.0000 282.2998 0.5496 4.7756
2.0515 0.0000 100.0291 22.7598 271.5095 0.5548 3.6193
