-1.2372 0.0030 98.9339 142.0408 253.1390 0.5163 5.2682
0.4472 0.0002 98.9624 335.5779 227.6138 0.5201 4.9920
2.5766 0.0000 98.9380 485.7073 226.9360 0.5193 4.6754
4.4998 0.0000 98.8590 575.3691 229.4359 0.5026 3.9014
5.9401 0.0000 98.7452 597.9012 231.8761 0.4871 3.2167
6.8991 0.0000 98.6366 545.3558 236.4503 0.4873 3.1083
7.4738 0.0000 98.5534 426.8986 240.3861 0.4905 3.1167
7.5609 0.0000 98.5146 271.1364 241.1799 0.4965 3.2571
7.0032 0.0000 98.4975 98.4747 240.2755 0.5087 3.8229
5.8072 0.0000 98.5060 2.4575 237.7214 0.5207 4.8940
4.5886 0.0000 98.5358 0.0000 234.5971 0.5227 4.9864
3.7023 0.0000 98.5575 0.0000 232.5637 0.5210 4.2589
3.1378 0.0000 98.5684 0.0000 234.8809 0.5167 3.7376
2.7942 0.0000 98.5677 0.0000 244.9010 0.5116 3.2888
2.6245 0.0000 98.5547 0.0000 251.9015 0.5073 2.9892
2.6017 0.0000 98.5210 0.0000 260.3902 0.5044 2.8559
2.6940 0.0000 98.4969 0.0000 265.3856 0.5036 2.8515
2.8319 0.0000 98.4711 0.0000 269.8372 0.5048 2.9491
2.9398 0.0000 98.4356 0.0000 274.9011 0.5073 3.2070
2.9430 0.0000 98.3886 0.0000 279.2338 0.5108 3.4137
2.8545 0.0000 98.3448 0.0000 281.4576 0.5147 3.4600
2.6669 0.0000 98.2907 0.0000 283.1528 0.5188 3.9359
2.3394 0.0000 98.2777 0.0000 281.6895 0.5234 4.0176
2.2087 0.0000 98.3224 18.9733 275.4621 0.5273 3.0006
