-1.0961 0.0011 102.7515 130.5679 265.6005 0.5269 4.5383
0.7340 0.0000 102.7715 291.1595 245.5210 0.5380 4.5184
3.0051 0.0000 102.7359 449.2787 237.3144 0.5229 4.5464
4.7609 0.0000 102.6380 563.1359 232.3552 0.4941 4.0120
5.8076 0.0000 102.5196 595.4607 228.9368 0.4874 3.3749
6.5367 0.0000 102.4103 542.2234 229.8652 0.4887 2.9918
6.9708 0.0000 102.3260 424.7637 231.4162 0.4887 2.8719
7.0943 0.0000 102.2835 260.2392 233.3139 0.4880 2.9610
6.7932 0.0000 102.2744 82.4691 234.5776 0.4949 3.3684
6.2742 0.0000 102.2749 0.4815 234.8347 0.5007 4.2392
5.7281 0.0000 102.2772 0.0000 234.9094 0.5050 5.0528
5.1573 0.0000 102.2569 0.0000 234.9484 0.5144 5.5866
4.5674 0.0000 102.2471 0.0000 234.7951 0.5279 5.5683
3.9900 0.0000 102.2667 0.0000 234.5215 0.5409 5.2044
3.4310 0.0000 102.2653 0.0000 234.1299 0.5510 5.2901
2.8450 0.0000 102.2320 0.0000 233.7465 0.5577 5.4235
2.3134 0.0000 102.2098 0.0000 238.7391 0.5619 5.0263
1.9166 0.0000 102.2083 0.0000 248.8563 0.5647 4.4925
1.6118 0.0000 102.1907 0.0000 255.8390 0.5657 4.4633
1.3394 0.0000 102.1487 0.0000 259.9541 0.5653 4.7990
1.1049 0.0000 102.1150 0.0000 262.9905 0.5652 5.3433
0.9986 0.0000 102.0840 0.0000 267.9012 0.5675 5.6965
0.9915 0.0000 102.0472 0.0000 269.6259 0.5726 6.0003
1.0083 0.0000 102.0068 28.4874 266.7058 0.5797 5.8729
