-2.2014 0.0017 102.8728 167.4712 252.6982 0.4989 3.0500
0.3562 0.0000 102.8807 377.8804 219.6758 0.5291 3.2696
3.2589 0.0000 102.8442 504.4961 223.2644 0.5184 3.2926
4.5428 0.0000 102.7423 552.1646 234.1056 0.5035 2.6577
5.3293 0.0000 102.6303 572.8851 231.1970 0.5018 2.0803
5.9136 0.0000 102.5283 524.4950 228.9942 0.5041 1.7529
6.2864 0.0000 102.4534 405.0910 229.8055 0.5043 1.6383
6.2948 0.0000 102.4118 239.2049 230.6716 0.5065 1.6814
5.9674 0.0000 102.4027 65.6468 230.8213 0.5111 2.0371
5.4876 0.0000 102.4191 0.0190 230.4501 0.5153 2.7480
4.9865 0.0000 102.4288 0.0000 230.1487 0.5188 3.4748
4.4793 0.0000 102.4084 0.0000 229.7248 0.5232 4.2250
3.9936 0.0000 102.3806 0.0000 229.1679 0.5300 4.7716
3.5414 0.0000 102.3805 0.0000 228.8792 0.5411 4.8056
3.1083 0.0000 102.3984 0.0000 228.9356 0.5563 4.4588
2.5992 0.0000 102.3836 0.0000 229.2812 0.5726 4.3849
2.0011 0.0000 102.3462 0.0000 229.1506 0.5901 4.6871
1.3517 0.0000 102.3369 0.0000 229.2620 0.6080 4.5217
0.7357 0.0002 102.3344 0.0000 239.2810 0.6180 3.8601
0.0766 0.0047 102.3124 0.0000 266.1734 0.6109 3.7170
-0.5837 0.0172 102.2839 0.0000 290.2074 0.5900 3.8615
-0.8943 0.0116 102.2562 0.0000 290.4485 0.5760 4.0247
-0.9872 0.0078 102.2301 0.0000 287.4867 0.5717 4.3362
-0.9347 0.0057 102.1868 26.8926 285.8584 0.5707 4.4809
