-1.4993 0.0004 102.7456 133.0842 255.4850 0.5092 4.4866
0.2767 0.0000 102.7681 290.6820 239.5194 0.5221 4.2831
2.6859 0.0000 102.7403 446.6940 233.0111 0.5091 4.3020
4.4791 0.0000 102.6449 557.6032 228.8633 0.4821 3.8299
5.4630 0.0000 102.5226 585.8596 226.6465 0.4744 3.1848
6.1620 0.0000 102.4113 532.3008 228.1711 0.4730 2.7811
6.5915 0.0000 102.3259 415.1389 230.5374 0.4724 2.6290
6.7097 0.0000 102.2815 253.1785 232.6650 0.4725 2.6986
6.4696 0.0000 102.2685 79.8858 233.8544 0.4776 3.0612
6.0241 0.0000 102.2690 0.5165 234.0176 0.4823 3.8730
5.4875 0.0000 102.2714 0.0000 233.9189 0.4862 4.7356
4.8720 0.0000 102.2549 0.0000 233.6355 0.4936 5.3335
4.2439 0.0000 102.2483 0.0000 233.1356 0.5041 5.3734
3.6643 0.0000 102.2685 0.0000 232.6964 0.5153 5.1298
3.1248 0.0000 102.2619 0.0000 232.3120 0.5262 5.3421
2.5585 0.0000 102.2300 0.0000 232.5322 0.5361 5.4878
2.0240 0.0000 102.2155 0.0000 238.8297 0.5440 5.0614
1.6003 0.0000 102.2177 0.0000 248.0215 0.5498 4.7538
1.2735 0.0000 102.1981 0.0000 253.9874 0.5534 4.8547
1.0116 0.0000 102.1498 0.0000 258.2860 0.5556 5.2402
0.8027 0.0000 102.1019 0.0000 261.2348 0.5583 5.7135
0.6938 0.0000 102.0641 0.0000 266.0922 0.5637 5.9573
0.6325 0.0000 102.0240 0.0000 270.5739 0.5715 6.1440
0.5440 0.0001 101.9983 23.6690 270.6334 0.5808 5.7943
