-0.6165 0.0003 101.0653 162.0474 252.5344 0.5371 4.5744
1.4124 0.0000 101.0780 374.5683 221.4504 0.5433 4.3697
4.1306 0.0000 101.0452 522.9945 222.4970 0.5147 4.4259
6.0929 0.0000 100.9516 607.7065 226.8216 0.4818 3.9928
7.1395 0.0000 100.8389 620.2640 229.7272 0.4770 3.5265
7.7861 0.0000 100.7410 562.6955 232.7768 0.4806 3.4496
8.0448 0.0000 100.6666 439.0619 235.9047 0.4882 3.6419
7.9219 0.0000 100.6328 272.7834 237.9590 0.4962 3.8618
7.2888 0.0000 100.6237 91.6402 239.0262 0.5133 4.3944
6.3055 0.0000 100.6328 1.0503 238.4744 0.5265 5.2216
5.3998 0.0000 100.6369 0.0000 237.3672 0.5302 5.5321
4.6928 0.0000 100.6302 0.0000 236.2291 0.5335 5.2485
4.1632 0.0000 100.6296 0.0000 235.3457 0.5372 4.5952
3.7525 0.0000 100.6341 0.0000 236.2974 0.5409 4.1229
3.4148 0.0000 100.6262 0.0000 240.0453 0.5447 3.8018
3.1279 0.0000 100.5994 0.0000 244.7689 0.5480 3.4600
2.9034 0.0000 100.5714 0.0000 253.6420 0.5505 3.0883
2.7349 0.0000 100.5507 0.0000 260.3705 0.5527 2.7731
2.5294 0.0000 100.5262 0.0000 266.2807 0.5550 2.5714
2.2784 0.0000 100.4984 0.0000 268.3597 0.5571 2.6868
2.0631 0.0000 100.4664 0.0000 271.4307 0.5589 3.0539
2.0416 0.0000 100.4443 0.0000 273.1986 0.5612 3.3997
2.2115 0.0000 100.3993 0.0000 267.9450 0.5632 3.9043
2.4751 0.0000 100.3768 29.6813 271.9499 0.5652 3.6925
