-0.8134 0.0004 99.0933 178.2691 252.6109 0.5388 4.4743
1.4330 0.0000 99.1095 405.2053 215.3337 0.5568 4.1593
4.3370 0.0000 99.0777 544.9976 220.0313 0.5403 4.0320
6.4481 0.0000 98.9950 622.8728 226.7734 0.5081 3.3952
7.6457 0.0000 98.8903 631.4482 231.4688 0.4999 2.8149
8.3916 0.0000 98.7942 572.2354 235.5124 0.5015 2.7627
8.7181 0.0000 98.7236 445.3285 239.9133 0.5075 3.0304
8.6408 0.0000 98.6933 279.4797 241.3719 0.5129 3.3265
8.0542 0.0000 98.6871 96.4842 242.0132 0.5250 3.8254
7.0768 0.0000 98.6968 1.3752 241.0403 0.5334 4.5198
6.0467 0.0000 98.7059 0.0000 239.2980 0.5357 4.7358
5.1621 0.0000 98.7043 0.0000 237.4501 0.5384 4.3465
4.5143 0.0000 98.7066 0.0000 236.0501 0.5403 3.8514
4.0547 0.0000 98.7088 0.0000 241.0689 0.5418 3.5261
3.7220 0.0000 98.7049 0.0000 244.9405 0.5436 3.1737
3.4749 0.0000 98.6857 0.0000 252.8094 0.5450 2.9877
3.3084 0.0000 98.6554 0.0000 260.9051 0.5467 2.9106
3.1902 0.0000 98.6250 0.0000 267.5936 0.5487 2.8214
3.0503 0.0000 98.5994 0.0000 272.6743 0.5506 2.5733
2.8975 0.0000 98.5664 0.0000 273.1424 0.5517 2.6088
2.7295 0.0000 98.5401 0.0000 274.7410 0.5523 2.9373
2.6897 0.0000 98.5231 0.0000 273.6019 0.5535 3.3285
2.7633 0.0000 98.4856 0.0000 270.4198 0.5551 3.8998
2.8700 0.0000 98.4763 33.9275 270.1785 0.5573 3.6831
