-1.5791 0.0023 102.8665 148.8085 259.0985 0.5153 3.9247
0.4145 0.0001 102.8845 306.8268 243.6042 0.5320 4.0225
3.0319 0.0000 102.8491 441.5655 239.2318 0.5188 4.1662
4.6193 0.0000 102.7491 551.0267 234.7689 0.4951 3.4917
5.6328 0.0000 102.6304 587.9667 229.4743 0.4887 2.8085
6.3541 0.0000 102.5211 537.7223 228.9097 0.4900 2.4126
6.8208 0.0000 102.4371 419.3925 230.4647 0.4897 2.2583
6.9382 0.0000 102.3947 253.9074 232.0985 0.4911 2.3602
6.6822 0.0000 102.3855 77.1293 233.0906 0.4980 2.7938
6.2369 0.0000 102.3915 0.2513 233.2443 0.5057 3.7336
5.7011 0.0000 102.3939 0.0000 233.2976 0.5129 4.7224
5.0677 0.0000 102.3735 0.0000 233.0443 0.5214 5.5628
4.3730 0.0000 102.3560 0.0000 232.6311 0.5307 5.8845
3.7233 0.0000 102.3727 0.0000 232.2730 0.5390 5.6062
3.1747 0.0000 102.3845 0.0000 232.0131 0.5454 5.4416
2.6446 0.0000 102.3532 0.0000 231.7404 0.5492 5.5760
2.1349 0.0000 102.3257 0.0000 232.3983 0.5516 5.3707
1.6960 0.0000 102.3273 0.0000 239.4199 0.5553 4.7591
1.3366 0.0000 102.3151 0.0000 247.3894 0.5596 4.4372
1.0347 0.0000 102.2757 0.0000 254.4579 0.5649 4.6471
0.7568 0.0000 102.2433 0.0000 258.7067 0.5729 5.1139
0.5638 0.0001 102.2119 0.0000 263.7812 0.5822 5.6159
0.3541 0.0005 102.1775 0.0000 271.3240 0.5886 5.9823
0.2195 0.0013 102.1344 26.4086 276.3454 0.5931 6.0105
