-0.9805 0.0070 102.2909 164.9188 266.2653 0.5357 2.3841
0.6514 0.0008 102.3003 332.8646 256.0653 0.5556 2.5392
3.2051 0.0000 102.2596 494.6573 236.0098 0.5499 2.9876
4.9838 0.0000 102.1515 561.5712 241.4994 0.5196 2.6290
5.9618 0.0000 102.0328 585.4296 238.2338 0.5148 2.1706
6.6477 0.0000 101.9348 539.2002 234.7599 0.5156 1.9216
7.0296 0.0000 101.8620 421.1294 234.5771 0.5170 1.9050
7.0506 0.0000 101.8233 252.1145 235.2537 0.5193 2.0520
6.6715 0.0000 101.8147 72.6118 235.0002 0.5247 2.6544
5.9781 0.0000 101.8316 0.0631 233.7492 0.5293 3.6978
5.2409 0.0000 101.8423 0.0000 232.4112 0.5312 4.3222
4.5846 0.0000 101.8232 0.0000 231.3777 0.5329 4.6824
4.0806 0.0000 101.8005 0.0000 230.7954 0.5356 4.7715
3.6970 0.0000 101.7999 0.0000 230.7928 0.5416 4.4339
3.3659 0.0000 101.8104 0.0000 231.3115 0.5513 3.9260
2.9714 0.0000 101.7893 0.0000 231.8478 0.5624 3.6175
2.5181 0.0000 101.7670 0.0000 231.8686 0.5739 3.5227
2.0718 0.0000 101.7415 0.0000 232.5378 0.5859 3.4406
1.6204 0.0000 101.7141 0.0000 234.5481 0.5979 3.0123
1.1667 0.0004 101.6895 0.0000 244.9334 0.6056 2.6065
0.7175 0.0019 101.6895 0.0000 267.2448 0.6069 2.6810
0.4208 0.0043 101.6925 0.0000 278.4185 0.6068 3.0200
0.2127 0.0089 101.6740 0.0030 280.8984 0.6067 3.5245
0.1691 0.0039 101.6342 38.9554 275.7818 0.6079 4.0266
