-2.3056 0.0002 102.7475 169.3980 234.4905 0.4791 3.9045
-0.2492 0.0000 102.7650 334.9495 219.9127 0.4934 3.4171
2.5320 0.0000 102.7358 463.1767 224.0114 0.4566 2.9749
4.0471 0.0000 102.6413 545.1144 226.4083 0.4315 2.3682
4.7847 0.0000 102.5214 559.5004 226.0599 0.4311 1.9377
5.2770 0.0000 102.4200 502.1435 227.2337 0.4356 1.7147
5.5625 0.0000 102.3446 391.7519 226.7182 0.4386 1.7035
5.5370 0.0000 102.3036 235.4984 226.3530 0.4417 1.8496
5.1727 0.0000 102.2937 66.4231 227.2375 0.4460 2.3521
4.6138 0.0000 102.2986 0.0659 227.0446 0.4480 3.1309
4.0138 0.0000 102.3061 0.0000 226.2933 0.4491 3.7444
3.4219 0.0000 102.2878 0.0000 225.4710 0.4507 4.2928
2.8822 0.0000 102.2659 0.0000 225.0335 0.4536 4.6113
2.4490 0.0000 102.2691 0.0000 225.2912 0.4590 4.5222
2.1051 0.0000 102.2900 0.0000 226.0063 0.4678 4.2986
1.7563 0.0000 102.2673 0.0000 226.8443 0.4787 4.3851
1.3655 0.0000 102.2444 0.0000 227.8554 0.4917 4.3399
0.9902 0.0000 102.2446 0.0000 233.4176 0.5068 3.9059
0.6705 0.0000 102.2320 0.0000 240.7525 0.5222 3.7524
0.3923 0.0000 102.1787 0.0000 246.7715 0.5386 3.9311
0.1159 0.0000 102.1264 0.0000 252.8219 0.5522 4.3549
-0.1633 0.0005 102.0833 0.0000 250.4372 0.5617 4.7920
-0.5415 0.0034 102.0564 0.0000 257.0745 0.5638 4.9698
-0.8932 0.0051 102.0233 26.7992 268.7518 0.5595 4.7836
