-1.2185 0.0011 102.2059 109.2972 265.6265 0.5219 3.7790
0.4015 0.0000 102.2323 279.7160 238.4055 0.5246 3.9994
2.5285 0.0000 102.2047 446.3144 229.8626 0.5168 4.1401
4.5483 0.0000 102.1114 545.2804 230.2509 0.4969 3.9803
5.6058 0.0000 101.9850 570.1108 230.9326 0.4912 3.4206
6.3486 0.0000 101.8687 520.5363 234.0747 0.4874 3.0545
6.7746 0.0000 101.7803 408.5898 237.0016 0.4856 2.9099
6.8453 0.0000 101.7380 253.3937 238.6514 0.4855 2.9548
6.5275 0.0000 101.7221 85.6588 239.0467 0.4899 3.3302
5.9860 0.0000 101.7226 1.3294 238.1128 0.4931 4.1153
5.4246 0.0000 101.7270 0.0000 236.7180 0.4915 4.5790
4.8765 0.0000 101.7256 0.0000 235.2009 0.4912 4.5007
4.3599 0.0000 101.7332 0.0000 234.2095 0.4924 4.1112
3.8850 0.0000 101.7333 0.0000 234.1652 0.4951 3.9404
3.4133 0.0000 101.7186 0.0000 236.5464 0.5000 3.8481
2.9774 0.0000 101.7015 0.0000 245.3959 0.5068 3.3928
2.6166 0.0000 101.6811 0.0000 254.5788 0.5143 3.0686
2.2959 0.0000 101.6713 0.0000 260.2425 0.5227 2.9155
1.9761 0.0000 101.6437 0.0000 264.6820 0.5311 3.0425
1.6474 0.0000 101.5893 0.0000 268.5486 0.5395 3.4609
1.3412 0.0000 101.5404 0.0000 273.8465 0.5479 3.8274
1.1162 0.0000 101.4983 0.0000 277.8132 0.5558 4.2247
0.9367 0.0000 101.4542 0.0000 279.1392 0.5627 4.6305
0.8674 0.0007 101.4799 17.9444 275.6232 0.5694 4.1861
