0.4653 0.0002 100.4915 179.6992 249.2510 0.5812 5.5205
2.7293 0.0000 100.5140 375.3308 229.1183 0.5973 5.0208
5.3730 0.0000 100.4864 514.9590 233.8519 0.5934 4.6108
7.5741 0.0000 100.4021 600.0829 239.4189 0.5484 4.0458
8.8581 0.0000 100.2948 602.0487 247.9753 0.5210 3.7594
9.5760 0.0000 100.1930 555.0189 249.6824 0.5133 3.9535
9.8717 0.0000 100.1202 443.4682 248.7558 0.5155 4.2711
9.7793 0.0000 100.0800 281.9836 249.7208 0.5195 4.6468
9.1525 0.0000 100.0693 102.8082 249.2069 0.5370 5.0707
8.0766 0.0000 100.0783 2.4488 246.7590 0.5537 5.8172
7.0243 0.0000 100.0993 0.0000 244.0166 0.5588 6.1458
6.1448 0.0000 100.1087 0.0000 242.1879 0.5619 5.9064
5.4495 0.0000 100.1079 0.0000 246.7801 0.5634 5.8227
4.9034 0.0000 100.1200 0.0000 256.0044 0.5653 5.4032
4.5065 0.0000 100.1158 0.0000 263.3580 0.5665 5.0557
4.2254 0.0000 100.0910 0.0000 270.4747 0.5661 4.9289
4.0381 0.0000 100.0607 0.0000 275.7018 0.5654 4.8614
3.8788 0.0000 100.0318 0.0000 280.0874 0.5658 4.7378
3.7073 0.0000 100.0046 0.0000 281.9130 0.5664 4.7001
3.5239 0.0000 99.9601 0.0000 283.3340 0.5677 4.8577
3.3357 0.0000 99.9297 0.0000 282.5472 0.5701 4.9493
3.2268 0.0000 99.8926 0.0000 280.4105 0.5744 5.3294
3.1781 0.0000 99.8614 0.0000 272.7816 0.5804 5.4334
3.1334 0.0000 99.8987 40.7456 252.1291 0.5853 4.3811
