-0.7718 0.0005 102.7463 128.0820 262.0846 0.5330 4.6649
0.8606 0.0000 102.7680 296.6058 240.8181 0.5384 4.5686
2.9415 0.0000 102.7359 456.7102 233.8999 0.5219 4.5973
4.7030 0.0000 102.6397 568.3336 229.6896 0.4945 4.2099
5.7271 0.0000 102.5212 593.0192 228.8020 0.4885 3.6164
6.4638 0.0000 102.4084 540.5899 230.1789 0.4878 3.2496
6.8735 0.0000 102.3260 422.2545 232.8984 0.4893 3.1517
6.9850 0.0000 102.2800 259.6248 235.1519 0.4899 3.2117
6.7260 0.0000 102.2674 84.2397 236.5356 0.4963 3.5380
6.2755 0.0000 102.2679 0.7441 236.8244 0.5013 4.3028
5.7875 0.0000 102.2686 0.0000 236.7876 0.5031 5.0152
5.2416 0.0000 102.2550 0.0000 236.3760 0.5088 5.3482
4.6808 0.0000 102.2538 0.0000 235.6627 0.5188 5.0985
4.1449 0.0000 102.2683 0.0000 234.9365 0.5304 4.8066
3.6124 0.0000 102.2583 0.0000 234.6605 0.5421 4.9737
3.0520 0.0000 102.2301 0.0000 236.5376 0.5530 4.9254
2.5388 0.0000 102.2114 0.0000 245.7039 0.5611 4.4624
2.1313 0.0000 102.2064 0.0000 253.7342 0.5668 4.1885
1.7847 0.0000 102.1836 0.0000 259.6942 0.5704 4.3630
1.4631 0.0000 102.1417 0.0000 262.2934 0.5724 4.8227
1.1858 0.0000 102.0994 0.0000 267.5000 0.5733 5.3107
1.0419 0.0000 102.0652 0.0000 271.7227 0.5752 5.5207
0.9990 0.0000 102.0249 0.0000 273.8386 0.5786 5.7652
1.0002 0.0000 102.0049 25.9205 269.3969 0.5839 5.2820
