-0.6787 0.0007 101.7884 147.8955 258.8510 0.5342 4.5643
1.2008 0.0000 101.8018 342.5897 230.7979 0.5397 4.4931
3.6853 0.0000 101.7665 500.5754 227.9617 0.5131 4.5120
5.5857 0.0000 101.6687 596.5729 228.2589 0.4837 4.0578
6.6258 0.0000 101.5528 613.9473 229.1685 0.4826 3.5265
7.3037 0.0000 101.4486 556.9922 231.6600 0.4878 3.3188
7.6474 0.0000 101.3743 435.9593 234.2551 0.4941 3.3985
7.6232 0.0000 101.3365 269.6785 236.1171 0.4996 3.5606
7.1328 0.0000 101.3274 88.5381 237.3413 0.5125 4.0749
6.3510 0.0000 101.3325 0.7745 237.3968 0.5215 4.9770
5.6042 0.0000 101.3344 0.0000 237.1193 0.5237 5.4884
4.9509 0.0000 101.3209 0.0000 236.6483 0.5277 5.4976
4.3978 0.0000 101.3178 0.0000 236.1086 0.5344 4.9904
3.9386 0.0000 101.3264 0.0000 235.9383 0.5416 4.4619
3.5415 0.0000 101.3188 0.0000 237.0153 0.5475 4.2536
3.1695 0.0000 101.2918 0.0000 239.4579 0.5519 3.9994
2.8645 0.0000 101.2670 0.0000 248.8554 0.5551 3.5796
2.6497 0.0000 101.2471 0.0000 255.2357 0.5577 3.1109
2.4166 0.0000 101.2260 0.0000 263.2647 0.5600 2.9078
2.1240 0.0000 101.1941 0.0000 265.5181 0.5619 3.0535
1.8571 0.0000 101.1647 0.0000 267.7879 0.5632 3.5266
1.7842 0.0000 101.1445 0.0000 271.3831 0.5644 3.9248
1.9006 0.0000 101.1019 0.0000 267.0316 0.5654 4.4349
2.1408 0.0000 101.0716 33.2788 264.4210 0.5664 4.3888
