-1.9526 0.0001 102.5990 124.8038 248.9039 0.4871 4.1875
-0.2358 0.0000 102.6264 287.7496 233.5839 0.4996 3.9524
2.2617 0.0000 102.6031 445.1183 227.2374 0.4958 3.8779
4.4678 0.0000 102.5078 542.1867 227.8755 0.4728 3.5359
5.4400 0.0000 102.3814 567.2906 227.5496 0.4664 2.9154
6.0969 0.0000 102.2684 517.5076 229.5697 0.4632 2.5205
6.5147 0.0000 102.1804 404.6741 232.1873 0.4613 2.3431
6.5982 0.0000 102.1380 247.6999 234.0125 0.4618 2.4223
6.3454 0.0000 102.1172 79.6313 234.8185 0.4656 2.8521
5.8762 0.0000 102.1177 0.7103 234.7009 0.4683 3.7337
5.2830 0.0000 102.1201 0.0000 234.3218 0.4693 4.6187
4.6105 0.0000 102.1090 0.0000 233.5987 0.4714 5.1549
3.9474 0.0000 102.1082 0.0000 232.6666 0.4750 5.1594
3.3602 0.0000 102.1242 0.0000 232.0669 0.4805 5.0232
2.8255 0.0000 102.1130 0.0000 231.9783 0.4876 5.1616
2.2982 0.0000 102.0923 0.0000 235.3884 0.4964 4.9233
1.8281 0.0000 102.0824 0.0000 244.2716 0.5056 4.5142
1.4359 0.0000 102.0770 0.0000 250.7185 0.5141 4.4524
1.1072 0.0000 102.0535 0.0000 257.2321 0.5213 4.6633
0.8358 0.0000 101.9930 0.0000 259.9151 0.5275 5.1272
0.6076 0.0000 101.9386 0.0000 259.6042 0.5338 5.5499
0.4708 0.0000 101.8973 0.0000 267.2336 0.5414 5.7256
0.4014 0.0000 101.8547 0.0000 271.6733 0.5499 5.8040
0.3527 0.0002 101.8545 19.3390 271.9952 0.5603 5.3498
