-0.3814 0.0009 101.9803 134.0552 262.4392 0.5435 4.7763
1.1369 0.0000 102.0022 343.1619 226.5621 0.5451 4.5898
3.3449 0.0000 101.9692 496.0983 224.4953 0.5211 4.7542
5.0472 0.0000 101.8741 583.6646 228.0257 0.4964 4.5438
6.0438 0.0000 101.7567 600.8699 229.9364 0.4922 4.0739
6.7696 0.0000 101.6466 547.5601 232.5029 0.4928 3.8674
7.1183 0.0000 101.5659 427.0020 236.1484 0.4976 3.9164
7.1034 0.0000 101.5262 265.1584 238.5441 0.5021 4.0285
6.6676 0.0000 101.5148 90.0913 239.4348 0.5145 4.4031
6.0120 0.0000 101.5182 1.2922 238.7316 0.5239 5.1582
5.4292 0.0000 101.5186 0.0000 237.4793 0.5236 5.4968
4.8986 0.0000 101.5191 0.0000 236.1544 0.5238 5.1769
4.4137 0.0000 101.5246 0.0000 235.0365 0.5256 4.4993
3.9574 0.0000 101.5268 0.0000 235.1851 0.5286 4.1582
3.5028 0.0000 101.5127 0.0000 238.5219 0.5337 3.9469
3.0654 0.0000 101.4898 0.0000 247.1054 0.5398 3.5746
2.6918 0.0000 101.4669 0.0000 255.7048 0.5450 3.1373
2.3817 0.0000 101.4467 0.0000 261.5897 0.5492 3.0332
2.0658 0.0000 101.4188 0.0000 265.5376 0.5534 3.3479
1.7109 0.0000 101.3804 0.0000 268.4546 0.5582 3.8588
1.3685 0.0000 101.3443 0.0000 273.4639 0.5634 4.1417
1.1629 0.0000 101.3087 0.0000 275.2105 0.5687 4.2409
1.0880 0.0000 101.2682 0.0000 275.8243 0.5739 4.3905
1.1540 0.0000 101.2737 22.9800 274.9306 0.5781 3.5278
