-1.3330 0.0007 102.5880 113.0978 261.6217 0.5154 3.8175
0.3182 0.0000 102.6156 279.7663 237.7382 0.5204 3.9314
2.5341 0.0000 102.5884 444.7288 229.5773 0.5119 4.0533
4.5584 0.0000 102.4930 547.4426 228.7786 0.4914 3.8448
5.5871 0.0000 102.3668 572.2513 228.9812 0.4848 3.2749
6.2906 0.0000 102.2498 520.1496 232.5076 0.4810 2.8888
6.7295 0.0000 102.1607 408.4340 235.3315 0.4780 2.7118
6.8297 0.0000 102.1181 251.9705 237.3095 0.4776 2.7452
6.5760 0.0000 102.0982 83.5361 238.1906 0.4814 3.0842
6.1261 0.0000 102.0987 1.0725 237.8726 0.4840 3.8718
5.6048 0.0000 102.1011 0.0000 237.0246 0.4836 4.5347
5.0355 0.0000 102.0961 0.0000 235.6654 0.4849 4.7088
4.4648 0.0000 102.1016 0.0000 234.4201 0.4878 4.4175
3.9348 0.0000 102.1064 0.0000 233.7142 0.4924 4.2718
3.4044 0.0000 102.0917 0.0000 233.9116 0.4993 4.2957
2.8872 0.0000 102.0763 0.0000 241.5063 0.5086 3.8450
2.4396 0.0000 102.0601 0.0000 251.2344 0.5187 3.5299
2.0383 0.0000 102.0508 0.0000 256.7293 0.5291 3.4586
1.6592 0.0000 102.0256 0.0000 262.0532 0.5389 3.6637
1.2993 0.0000 101.9678 0.0000 264.2290 0.5479 4.1462
0.9758 0.0000 101.9180 0.0000 269.4588 0.5563 4.5517
0.7596 0.0000 101.8794 0.0000 275.3213 0.5642 4.8342
0.6264 0.0000 101.8321 0.0000 278.0281 0.5707 5.0939
0.5579 0.0002 101.8505 19.0702 274.0884 0.5774 4.5647
