-1.3130 0.0021 102.7224 144.8861 261.3536 0.5219 4.0376
0.5920 0.0001 102.7387 302.5196 245.5500 0.5361 4.1341
3.1161 0.0000 102.7019 451.7770 238.0131 0.5208 4.2847
4.8260 0.0000 102.6014 561.9886 233.5786 0.4943 3.7023
5.8699 0.0000 102.4818 593.6333 230.0532 0.4892 3.0483
6.5974 0.0000 102.3736 542.6129 229.9240 0.4913 2.6698
7.0462 0.0000 102.2919 424.0947 231.5353 0.4921 2.5483
7.1493 0.0000 102.2495 258.4788 233.1631 0.4935 2.6622
6.8471 0.0000 102.2404 80.2147 234.1356 0.5012 3.1259
6.3340 0.0000 102.2459 0.3494 234.2499 0.5084 4.0720
5.7751 0.0000 102.2483 0.0000 234.3092 0.5142 4.9457
5.1610 0.0000 102.2267 0.0000 234.2123 0.5227 5.6026
4.5015 0.0000 102.2129 0.0000 233.9248 0.5330 5.7321
3.8810 0.0000 102.2301 0.0000 233.5866 0.5422 5.3797
3.3460 0.0000 102.2363 0.0000 233.2908 0.5490 5.2592
2.8225 0.0000 102.2055 0.0000 233.0554 0.5529 5.3271
2.3388 0.0000 102.1795 0.0000 235.6883 0.5552 5.0676
1.9485 0.0000 102.1755 0.0000 243.4701 0.5579 4.5110
1.6257 0.0000 102.1605 0.0000 251.0055 0.5604 4.2160
1.3317 0.0000 102.1223 0.0000 257.6363 0.5630 4.3750
1.0648 0.0000 102.0936 0.0000 260.8530 0.5674 4.8459
0.9188 0.0000 102.0653 0.0000 265.1920 0.5736 5.3453
0.8330 0.0001 102.0310 0.0000 269.6573 0.5795 5.7761
0.8083 0.0006 101.9878 30.5035 267.6048 0.5848 5.8742
