-1.0802 0.0024 101.9925 159.8721 255.7617 0.5251 3.7776
0.7791 0.0001 102.0017 322.8526 242.2643 0.5374 3.9171
3.4567 0.0000 101.9616 487.6100 232.6263 0.5143 4.1505
5.3629 0.0000 101.8595 588.4345 230.6722 0.4852 3.6901
6.4286 0.0000 101.7381 606.3502 231.1461 0.4861 3.0855
7.1390 0.0000 101.6357 553.9780 231.4658 0.4922 2.7753
7.5459 0.0000 101.5629 433.2798 233.4473 0.4972 2.7626
7.5688 0.0000 101.5224 265.9792 234.8303 0.5019 2.9461
7.1312 0.0000 101.5138 84.1660 235.4472 0.5128 3.5450
6.4225 0.0000 101.5251 0.4263 235.2444 0.5205 4.5567
5.7462 0.0000 101.5281 0.0000 235.1657 0.5250 5.1784
5.1082 0.0000 101.5039 0.0000 235.1626 0.5316 5.4940
4.4752 0.0000 101.4944 0.0000 234.9721 0.5392 5.3322
3.9230 0.0000 101.5067 0.0000 234.6805 0.5456 4.8509
3.5001 0.0000 101.5095 0.0000 234.6746 0.5496 4.5984
3.1108 0.0000 101.4816 0.0000 235.2068 0.5514 4.4651
2.7743 0.0000 101.4545 0.0000 239.7485 0.5524 4.2746
2.5123 0.0000 101.4352 0.0000 246.2303 0.5536 3.8451
2.2537 0.0000 101.4161 0.0000 253.8168 0.5549 3.3196
1.9638 0.0000 101.3859 0.0000 261.8644 0.5562 3.1201
1.7004 0.0000 101.3679 0.0000 262.7653 0.5575 3.4461
1.6072 0.0000 101.3488 0.0000 266.1032 0.5598 4.0612
1.6886 0.0000 101.3167 0.0000 265.6642 0.5636 4.7640
1.8510 0.0000 101.2719 41.3614 251.3567 0.5671 5.2419
