1.1102 0.0048 103.0860 176.0660 261.2466 0.5842 4.0353
2.8913 0.0012 103.1030 351.7906 243.3874 0.5851 3.7716
4.0798 0.0013 103.0636 501.4609 232.8810 0.5782 3.3507
4.7916 0.0010 102.9674 558.1632 238.2690 0.5727 2.9172
5.2805 0.0009 102.8594 562.3029 237.4788 0.5719 2.5441
5.6243 0.0006 102.7727 495.1950 238.8536 0.5705 2.2351
5.7357 0.0004 102.7099 369.1357 241.2593 0.5702 2.0282
5.6183 0.0003 102.6780 208.7559 240.8876 0.5695 1.9676
5.2283 0.0004 102.6769 47.6578 242.5017 0.5722 2.3493
4.6378 0.0004 102.6979 0.0000 245.5415 0.5780 3.1226
4.0142 0.0004 102.7226 0.0000 246.9634 0.5829 3.5507
3.4373 0.0002 102.7190 0.0000 245.0868 0.5851 3.9073
2.9496 0.0000 102.6977 0.0000 237.8144 0.5845 4.3515
2.5721 0.0000 102.6775 0.0000 228.6186 0.5820 4.7438
2.3600 0.0000 102.6720 0.0000 227.2595 0.5800 4.6924
2.2157 0.0000 102.6720 0.0000 226.5055 0.5778 4.1324
2.0863 0.0000 102.6594 0.0000 225.7699 0.5747 3.7045
1.9967 0.0000 102.6255 0.0000 225.2994 0.5719 3.8287
1.9135 0.0000 102.5815 0.0000 225.1756 0.5708 3.9071
1.8054 0.0000 102.5535 0.0000 225.9917 0.5711 3.4941
1.6800 0.0000 102.5464 0.0000 228.6509 0.5708 3.3506
1.7092 0.0000 102.5382 0.0000 235.2943 0.5709 3.3190
1.8694 0.0000 102.5215 0.0252 240.1328 0.5725 3.2153
2.0803 0.0000 102.4904 56.7286 237.9395 0.5759 3.3210
