-0.1751 0.0047 103.0613 174.8385 261.5140 0.5668 3.7370
2.0709 0.0011 103.0762 349.6088 248.2910 0.5876 3.8182
4.0907 0.0002 103.0289 528.0501 226.1056 0.5783 3.3912
5.2233 0.0001 102.9264 594.2617 229.3463 0.5683 2.8309
6.0280 0.0001 102.8095 576.6042 236.0307 0.5638 2.3404
6.6097 0.0000 102.7177 512.7503 236.5538 0.5621 1.9984
6.9039 0.0000 102.6488 390.9200 236.7904 0.5641 1.8380
6.8787 0.0000 102.6147 224.9536 236.9617 0.5677 1.7829
6.5843 0.0000 102.6136 54.4708 237.2609 0.5727 1.9871
6.1696 0.0001 102.6361 0.0000 240.7684 0.5814 2.6127
5.6933 0.0001 102.6577 0.0000 243.0238 0.5942 3.2586
5.1323 0.0001 102.6496 0.0000 239.9036 0.6091 3.9922
4.4824 0.0000 102.6279 0.0000 234.4924 0.6235 4.8080
3.8189 0.0000 102.6098 0.0000 230.9099 0.6327 5.4665
3.2808 0.0000 102.6086 0.0000 229.6570 0.6353 5.4946
2.8452 0.0000 102.6107 0.0000 228.8360 0.6310 5.0584
2.4919 0.0000 102.5915 0.0000 227.8917 0.6233 4.8307
2.2431 0.0000 102.5634 0.0000 227.1911 0.6149 4.9311
2.0557 0.0000 102.5206 0.0000 226.7937 0.6093 4.8383
1.8828 0.0000 102.4916 0.0000 226.6553 0.6074 4.4043
1.6822 0.0000 102.4927 0.0000 227.3784 0.6063 4.3846
1.6485 0.0000 102.5027 0.0000 233.5380 0.6053 4.3857
1.7869 0.0000 102.4926 0.0527 247.0612 0.6051 4.1975
2.0266 0.0000 102.4585 44.3187 255.6845 0.6065 4.1505
