-1.0107 0.0025 100.7927 122.2251 267.3468 0.5273 4.0884
0.4942 0.0001 100.8159 338.1287 224.1056 0.5310 3.9930
2.6740 0.0000 100.7889 488.7294 222.5769 0.5157 4.2946
4.3520 0.0000 100.6956 571.7654 227.8868 0.4990 4.2018
5.4279 0.0000 100.5773 593.0079 229.3604 0.4935 3.7355
6.2395 0.0000 100.4613 539.5147 233.6684 0.4921 3.5531
6.6792 0.0000 100.3793 422.2799 237.5000 0.4947 3.6135
6.6993 0.0000 100.3443 264.0364 239.5077 0.4980 3.7647
6.2107 0.0000 100.3278 92.3226 239.1687 0.5078 4.2122
5.3896 0.0000 100.3356 1.7338 237.0973 0.5173 5.0051
4.6769 0.0000 100.3474 0.0000 234.5457 0.5163 5.0474
4.1353 0.0000 100.3585 0.0000 232.5188 0.5137 4.2610
3.7182 0.0000 100.3699 0.0000 231.5386 0.5104 3.4271
3.3584 0.0000 100.3614 0.0000 233.3395 0.5071 3.0506
3.0161 0.0000 100.3467 0.0000 240.3522 0.5055 2.6756
2.7189 0.0000 100.3187 0.0000 252.6599 0.5063 2.3111
2.4835 0.0000 100.2964 0.0000 258.7279 0.5088 2.1226
2.2742 0.0000 100.2719 0.0000 263.6292 0.5122 2.2435
2.0285 0.0000 100.2389 0.0000 267.0641 0.5166 2.7099
1.7050 0.0000 100.1938 0.0000 272.7991 0.5231 3.2290
1.3577 0.0000 100.1564 0.0000 275.8544 0.5319 3.3187
1.0800 0.0000 100.1177 0.0000 278.0893 0.5413 3.4172
0.8564 0.0000 100.0849 0.0000 277.3252 0.5509 3.4141
0.8502 0.0000 100.1143 18.0253 277.9497 0.5578 2.3171
