-0.3727 0.0008 101.6411 147.0531 258.6250 0.5476 4.9181
1.3362 0.0000 101.6607 361.2524 222.7643 0.5529 4.6589
3.8008 0.0000 101.6291 509.3911 223.1806 0.5285 4.7977
5.6507 0.0000 101.5350 593.7465 228.1578 0.4968 4.5458
6.6780 0.0000 101.4207 608.2939 231.0658 0.4894 4.1140
7.3725 0.0000 101.3161 553.4340 234.2068 0.4891 3.9997
7.6703 0.0000 101.2377 431.0824 237.8510 0.4942 4.1086
7.5951 0.0000 101.1993 268.6769 240.0816 0.5000 4.2716
7.0352 0.0000 101.1879 92.3374 240.7913 0.5158 4.7049
6.1708 0.0000 101.1936 1.4362 239.6118 0.5287 5.5051
5.4068 0.0000 101.1985 0.0000 237.8475 0.5308 5.8077
4.7984 0.0000 101.1999 0.0000 236.2312 0.5325 5.3926
4.3062 0.0000 101.2046 0.0000 235.2185 0.5344 4.7487
3.8742 0.0000 101.2086 0.0000 237.7789 0.5366 4.3838
3.4711 0.0000 101.1967 0.0000 242.9777 0.5400 4.0486
3.1008 0.0000 101.1716 0.0000 250.4297 0.5438 3.6591
2.7930 0.0000 101.1464 0.0000 258.6777 0.5470 3.2695
2.5391 0.0000 101.1262 0.0000 264.5212 0.5498 3.1594
2.2690 0.0000 101.0983 0.0000 267.7197 0.5530 3.3457
1.9628 0.0000 101.0612 0.0000 271.2421 0.5569 3.7671
1.6770 0.0000 101.0251 0.0000 275.1079 0.5612 4.0388
1.5399 0.0000 100.9909 0.0000 276.5130 0.5662 4.1905
1.5634 0.0000 100.9481 0.0000 276.2538 0.5710 4.3737
1.7027 0.0000 100.9523 23.2328 276.6554 0.5753 3.5443
