-2.0825 0.0005 102.8701 170.8856 243.9571 0.4958 3.8830
0.1365 0.0000 102.8889 360.6318 218.2791 0.5166 3.7187
3.0832 0.0000 102.8535 473.6451 227.6915 0.4888 3.5074
4.4149 0.0000 102.7575 545.8494 231.9755 0.4711 2.7885
5.2155 0.0000 102.6397 578.4906 226.4293 0.4718 2.1969
5.8047 0.0000 102.5333 524.4282 226.5394 0.4771 1.8913
6.1836 0.0000 102.4551 405.2959 228.0195 0.4800 1.8125
6.2019 0.0000 102.4127 240.4816 229.2816 0.4842 1.9186
5.8794 0.0000 102.4036 67.9272 230.2175 0.4908 2.3796
5.3687 0.0000 102.4181 0.0578 230.2942 0.4970 3.2630
4.7770 0.0000 102.4231 0.0000 230.0190 0.5019 4.1167
4.1472 0.0000 102.4030 0.0000 229.3648 0.5066 4.8831
3.5501 0.0000 102.3816 0.0000 228.6487 0.5111 5.3107
3.0562 0.0000 102.3847 0.0000 228.3701 0.5171 5.1613
2.6800 0.0000 102.4090 0.0000 228.6700 0.5254 4.7787
2.3100 0.0000 102.3804 0.0000 229.2030 0.5347 4.8852
1.8685 0.0000 102.3441 0.0000 229.2672 0.5454 4.9708
1.3606 0.0000 102.3462 0.0000 231.8943 0.5593 4.3714
0.8773 0.0000 102.3446 0.0000 240.3895 0.5735 3.9561
0.4612 0.0006 102.3056 0.0000 249.4745 0.5866 4.0467
0.0645 0.0019 102.2630 0.0000 257.8341 0.5931 4.3669
-0.3426 0.0022 102.2257 0.0000 268.8897 0.5895 4.8269
-0.7933 0.0061 102.1944 0.0000 278.1584 0.5790 5.0824
-0.9827 0.0066 102.1533 24.0059 287.0567 0.5690 4.8977
