-1.7661 0.0023 102.8756 160.4998 253.9959 0.5095 3.7231
0.3003 0.0001 102.8928 328.1821 236.7987 0.5287 3.8335
3.1275 0.0000 102.8572 448.4889 237.7326 0.5122 3.9549
4.6287 0.0000 102.7564 548.0942 235.3877 0.4915 3.2259
5.5928 0.0000 102.6379 586.4110 229.1618 0.4879 2.5457
6.2885 0.0000 102.5286 535.9837 228.4215 0.4907 2.1731
6.7520 0.0000 102.4469 416.6725 230.1600 0.4917 2.0330
6.8400 0.0000 102.4045 250.5020 231.6660 0.4951 2.1416
6.5747 0.0000 102.3954 74.3086 232.5610 0.5026 2.6052
6.1238 0.0000 102.4057 0.1546 232.6925 0.5112 3.5902
5.5642 0.0000 102.4081 0.0000 232.7169 0.5188 4.6196
4.8967 0.0000 102.3877 0.0000 232.2546 0.5256 5.5250
4.1807 0.0000 102.3676 0.0000 231.6418 0.5316 5.9360
3.5445 0.0000 102.3800 0.0000 231.2151 0.5370 5.6699
3.0524 0.0000 102.3987 0.0000 231.1038 0.5413 5.3194
2.6014 0.0000 102.3682 0.0000 231.1246 0.5442 5.3934
2.1430 0.0000 102.3363 0.0000 230.8829 0.5469 5.2906
1.6964 0.0000 102.3370 0.0000 235.1188 0.5526 4.6225
1.2942 0.0000 102.3292 0.0000 243.8876 0.5605 4.1526
0.9502 0.0000 102.2923 0.0000 252.0372 0.5703 4.2938
0.6245 0.0000 102.2592 0.0000 256.6959 0.5821 4.7162
0.3497 0.0003 102.2287 0.0000 264.4580 0.5913 5.2863
0.0282 0.0017 102.1944 0.0000 274.1666 0.5935 5.6846
-0.1256 0.0027 102.1512 25.9307 281.8273 0.5930 5.7367
