-1.0685 0.0042 103.0575 169.7051 263.7142 0.5489 3.3049
1.4582 0.0008 103.0719 355.2882 244.4633 0.5805 3.5161
3.8324 0.0001 103.0235 529.0884 225.0155 0.5714 3.1618
5.0864 0.0001 102.9202 591.2955 229.7201 0.5567 2.5769
5.9397 0.0000 102.8030 568.2789 238.3790 0.5495 2.0660
6.5664 0.0000 102.7097 514.9820 236.1186 0.5468 1.7374
6.9092 0.0000 102.6369 395.0333 236.0801 0.5482 1.5989
6.9225 0.0000 102.6011 228.8671 236.2020 0.5518 1.5562
6.6604 0.0000 102.5987 57.0405 236.6208 0.5571 1.7324
6.2918 0.0001 102.6213 0.0002 238.0191 0.5658 2.2870
5.8727 0.0000 102.6389 0.0000 238.9743 0.5787 2.9414
5.3700 0.0000 102.6259 0.0000 236.7398 0.5957 3.7460
4.7620 0.0000 102.6040 0.0000 233.0400 0.6148 4.6412
4.0797 0.0000 102.5862 0.0000 231.4458 0.6307 5.3522
3.4539 0.0000 102.5902 0.0000 230.6329 0.6403 5.4268
2.8909 0.0000 102.5918 0.0000 229.9436 0.6416 5.0907
2.4127 0.0000 102.5700 0.0000 228.9868 0.6371 4.9494
2.0611 0.0000 102.5436 0.0000 228.2592 0.6295 5.0415
1.7869 0.0000 102.5061 0.0000 229.6738 0.6226 4.8172
1.5354 0.0003 102.4797 0.0000 233.7167 0.6173 4.3165
1.2787 0.0010 102.4815 0.0000 236.8045 0.6126 4.2975
1.2129 0.0009 102.4907 0.0000 242.9537 0.6093 4.2889
1.3417 0.0004 102.4772 0.0304 256.5959 0.6084 4.1563
1.5875 0.0001 102.4419 41.9168 260.1908 0.6096 4.1836
