-0.9019 0.0019 102.0276 111.2507 270.3065 0.5313 3.8047
0.6296 0.0000 102.0501 298.9995 235.4030 0.5328 3.9046
2.7781 0.0000 102.0223 468.1324 227.1256 0.5179 4.1918
4.6250 0.0000 101.9269 559.9663 229.8166 0.4970 4.1123
5.6656 0.0000 101.8034 586.1301 229.5753 0.4922 3.6351
6.4428 0.0000 101.6863 533.1407 233.4572 0.4894 3.3653
6.8555 0.0000 101.5999 417.9698 236.9300 0.4902 3.3231
6.9028 0.0000 101.5594 259.4167 239.1674 0.4914 3.3872
6.5414 0.0000 101.5476 88.3188 239.7059 0.4977 3.7286
5.9521 0.0000 101.5504 1.3918 238.5141 0.5035 4.4487
5.3987 0.0000 101.5550 0.0000 236.6767 0.5023 4.7167
4.8988 0.0000 101.5549 0.0000 234.8535 0.5015 4.3208
4.4480 0.0000 101.5658 0.0000 233.6347 0.5018 3.6443
4.0219 0.0000 101.5627 0.0000 233.3848 0.5029 3.3736
3.5628 0.0000 101.5479 0.0000 235.8524 0.5061 3.2313
3.1006 0.0000 101.5253 0.0000 246.2017 0.5114 2.8342
2.6982 0.0000 101.5034 0.0000 255.3130 0.5177 2.5295
2.3422 0.0000 101.4891 0.0000 261.2830 0.5248 2.4742
1.9770 0.0000 101.4611 0.0000 264.1113 0.5330 2.7096
1.5910 0.0000 101.4117 0.0000 270.2275 0.5426 3.1953
1.2291 0.0000 101.3698 0.0000 275.3579 0.5531 3.4709
0.9794 0.0000 101.3287 0.0000 277.3993 0.5620 3.7501
0.8071 0.0000 101.2888 0.0000 277.8370 0.5694 4.0492
0.7689 0.0000 101.3098 20.1670 274.9401 0.5751 3.3326
