-1.1734 0.0003 99.6279 191.4063 236.3813 0.5137 3.8395
1.0747 0.0000 99.6348 394.2459 217.7946 0.5208 3.8180
3.9113 0.0000 99.5988 539.2165 219.6777 0.4900 3.8901
5.8580 0.0000 99.5067 620.6028 224.0061 0.4639 3.2878
6.8780 0.0000 99.3987 629.2250 227.4417 0.4681 2.6852
7.5184 0.0000 99.3078 568.6865 230.5057 0.4783 2.5140
7.8436 0.0000 99.2379 445.3330 233.0339 0.4877 2.7399
7.7561 0.0000 99.2101 275.7114 234.6017 0.4964 3.0521
7.1257 0.0000 99.2045 90.0097 235.2785 0.5118 3.6977
6.0878 0.0000 99.2203 0.6501 234.7462 0.5228 4.5469
5.1006 0.0000 99.2261 0.0000 234.0970 0.5270 4.7660
4.3495 0.0000 99.2131 0.0000 233.6648 0.5307 4.5728
3.8183 0.0000 99.2049 0.0000 233.3728 0.5346 4.0494
3.4765 0.0000 99.2044 0.0000 233.4883 0.5379 3.5806
3.2663 0.0000 99.2018 0.0000 235.1303 0.5408 3.3633
3.0787 0.0000 99.1739 0.0000 238.6360 0.5425 3.2158
2.9327 0.0000 99.1474 0.0000 244.6454 0.5434 3.1512
2.8187 0.0000 99.1188 0.0000 251.1646 0.5441 2.9003
2.6659 0.0000 99.0904 0.0000 261.8627 0.5446 2.2964
2.4785 0.0000 99.0689 0.0000 265.4376 0.5448 1.8026
2.3274 0.0000 99.0483 0.0000 265.6073 0.5449 1.8429
2.3495 0.0000 99.0357 0.0000 268.3581 0.5457 2.3125
2.5131 0.0000 99.0010 0.0000 257.3025 0.5468 3.1387
2.7283 0.0000 98.9616 42.5828 256.9090 0.5478 3.7552
