-0.5339 0.0002 100.9217 165.1934 252.7237 0.5437 4.6656
1.5107 0.0000 100.9354 386.7336 217.7317 0.5531 4.3649
4.3907 0.0000 100.9056 530.4151 220.6956 0.5240 4.4580
6.4261 0.0000 100.8116 611.3990 226.8284 0.4860 4.0879
7.4848 0.0000 100.7005 622.4249 230.4955 0.4777 3.6869
8.1193 0.0000 100.6058 564.7046 234.0575 0.4789 3.6972
8.3280 0.0000 100.5319 438.9954 237.6315 0.4861 3.9278
8.1468 0.0000 100.4982 273.5721 239.8362 0.4946 4.1602
7.4096 0.0000 100.4891 93.5086 240.7185 0.5144 4.6895
6.2844 0.0000 100.4983 1.2809 239.5351 0.5306 5.4887
5.2883 0.0000 100.5061 0.0000 237.6909 0.5354 5.7122
4.5714 0.0000 100.5014 0.0000 236.0489 0.5386 5.2667
4.0631 0.0000 100.5034 0.0000 234.9446 0.5411 4.5768
3.6637 0.0000 100.5084 0.0000 237.3072 0.5431 4.1701
3.3258 0.0000 100.5011 0.0000 243.3636 0.5456 3.7628
3.0445 0.0000 100.4737 0.0000 248.8975 0.5479 3.3518
2.8286 0.0000 100.4441 0.0000 257.5639 0.5497 2.9544
2.6633 0.0000 100.4249 0.0000 264.2840 0.5516 2.7280
2.4623 0.0000 100.3994 0.0000 267.7121 0.5541 2.6135
2.2350 0.0000 100.3717 0.0000 270.8689 0.5564 2.8389
2.0578 0.0000 100.3371 0.0000 273.9580 0.5589 3.1644
2.0818 0.0000 100.3115 0.0000 275.2177 0.5620 3.4440
2.3059 0.0000 100.2634 0.0000 271.8260 0.5647 3.8754
2.5973 0.0000 100.2480 25.6289 278.0971 0.5675 3.4199
