-1.1450 0.0059 100.9396 173.0262 261.5163 0.5247 2.2506
0.6823 0.0007 100.9467 350.0221 247.5642 0.5438 2.5678
3.0767 0.0000 100.9066 516.3061 229.6693 0.5381 2.9906
5.0848 0.0000 100.8002 599.7411 230.6915 0.5042 2.6412
6.2188 0.0000 100.6805 609.7017 232.5028 0.5033 2.1347
6.9593 0.0000 100.5841 553.0090 232.8125 0.5101 1.8142
7.3878 0.0000 100.5152 429.2102 234.5865 0.5153 1.7890
7.4355 0.0000 100.4790 258.8652 235.6905 0.5198 1.9723
7.0362 0.0000 100.4743 76.7721 235.6795 0.5270 2.6016
6.2635 0.0000 100.4921 0.1200 234.4461 0.5324 3.6327
5.3733 0.0000 100.5038 0.0000 232.7556 0.5352 4.1581
4.4907 0.0000 100.4904 0.0000 231.4123 0.5371 4.3889
3.7601 0.0000 100.4739 0.0000 230.4702 0.5389 4.3386
3.2360 0.0000 100.4720 0.0000 230.1453 0.5418 3.9333
2.8554 0.0000 100.4811 0.0000 230.3415 0.5465 3.4382
2.4501 0.0000 100.4613 0.0000 230.7253 0.5513 3.0713
2.0137 0.0000 100.4391 0.0000 230.7012 0.5560 2.8824
1.6073 0.0000 100.4145 0.0000 232.1031 0.5612 2.8115
1.2054 0.0000 100.3775 0.0000 234.4284 0.5668 2.5080
0.8176 0.0002 100.3494 0.0000 248.2935 0.5710 2.1798
0.4758 0.0011 100.3529 0.0000 264.6762 0.5715 2.2445
0.2989 0.0027 100.3553 0.0000 266.4120 0.5722 2.5345
0.1600 0.0062 100.3429 0.0046 269.8493 0.5747 2.9486
0.0801 0.0038 100.3027 46.9680 260.7581 0.5780 3.4928
