-1.5974 0.0026 103.0494 174.9125 259.7105 0.5280 2.9658
0.6276 0.0004 103.0634 366.6098 237.5600 0.5612 3.0262
3.2933 0.0001 103.0248 523.4965 225.8076 0.5596 2.9686
4.5418 0.0000 102.9215 572.0794 234.1481 0.5429 2.3772
5.3056 0.0000 102.8090 561.7844 239.1149 0.5345 1.7950
5.8943 0.0000 102.7156 519.2622 234.2194 0.5301 1.4520
6.2474 0.0000 102.6424 401.5335 233.3394 0.5283 1.3096
6.3301 0.0000 102.6016 235.0266 233.7108 0.5275 1.2854
6.1233 0.0000 102.5940 61.5154 233.6676 0.5305 1.4585
5.8146 0.0000 102.6124 0.0008 233.4006 0.5361 1.9337
5.5080 0.0000 102.6244 0.0000 233.2548 0.5437 2.5361
5.1747 0.0000 102.6062 0.0000 232.6067 0.5551 3.3226
4.7807 0.0000 102.5793 0.0000 231.8998 0.5722 4.1378
4.2646 0.0000 102.5615 0.0000 231.7186 0.5946 4.6832
3.6871 0.0000 102.5757 0.0000 231.6825 0.6182 4.7256
3.0387 0.0000 102.5680 0.0000 231.5831 0.6360 4.6247
2.3795 0.0000 102.5453 0.0000 230.9030 0.6451 4.7788
1.7935 0.0000 102.5193 0.0000 230.3865 0.6479 4.9553
1.2490 0.0002 102.4971 0.0000 238.7472 0.6429 4.4899
0.6940 0.0014 102.4763 0.0000 258.7837 0.6282 3.8754
0.2342 0.0049 102.4725 0.0000 270.6482 0.6112 3.8362
0.0550 0.0042 102.4762 0.0000 276.2130 0.6010 3.8196
0.1446 0.0018 102.4529 0.0076 277.3715 0.5996 3.8665
0.4191 0.0005 102.4176 36.8475 272.9142 0.6038 4.0352
