-1.1022 0.0052 100.2412 179.1998 258.4702 0.5235 2.2740
0.7837 0.0006 100.2484 363.4542 241.8884 0.5409 2.6128
3.0468 0.0000 100.2084 532.1520 225.8460 0.5349 2.9653
5.1305 0.0000 100.1030 617.2921 226.2686 0.5014 2.6325
6.3100 0.0000 99.9836 621.7398 230.0421 0.5024 2.1202
7.0731 0.0000 99.8884 558.7379 232.5079 0.5110 1.7796
7.5185 0.0000 99.8213 432.9891 234.8053 0.5174 1.7601
7.5809 0.0000 99.7878 261.8048 236.1546 0.5224 1.9548
7.1831 0.0000 99.7843 78.3994 236.5045 0.5300 2.5613
6.4019 0.0000 99.8025 0.1518 235.2891 0.5356 3.5291
5.4824 0.0000 99.8154 0.0000 233.0998 0.5386 3.9794
4.5397 0.0000 99.8048 0.0000 231.6453 0.5408 4.1362
3.7355 0.0000 99.7914 0.0000 230.5781 0.5427 4.0188
3.1528 0.0000 99.7878 0.0000 230.1318 0.5453 3.5996
2.7343 0.0000 99.7943 0.0000 230.2028 0.5490 3.1224
2.2993 0.0000 99.7763 0.0000 230.4508 0.5522 2.7322
1.8466 0.0000 99.7549 0.0000 230.5139 0.5549 2.5053
1.4399 0.0000 99.7309 0.0000 232.4196 0.5573 2.4624
1.0502 0.0000 99.6884 0.0000 235.3213 0.5598 2.2742
0.6881 0.0001 99.6571 0.0000 251.3232 0.5613 2.0152
0.3891 0.0009 99.6629 0.0000 263.7667 0.5595 2.0907
0.2666 0.0018 99.6670 0.0000 260.7981 0.5586 2.3217
0.1700 0.0046 99.6596 0.0077 264.9806 0.5613 2.6062
0.0849 0.0036 99.6207 51.0528 254.1976 0.5654 3.0775
