1.5223 0.0045 102.9948 194.0088 265.1809 0.6249 4.4669
2.9557 0.0004 103.0094 371.3397 251.7132 0.6322 4.0101
4.7879 0.0000 102.9542 539.1061 233.6331 0.6271 3.6287
6.1723 0.0000 102.8504 606.7494 236.5256 0.5995 3.2063
7.2234 0.0000 102.7318 605.3056 238.6809 0.5768 2.7979
7.8878 0.0000 102.6304 536.9567 240.3703 0.5652 2.5908
8.2651 0.0000 102.5612 410.2240 241.2871 0.5586 2.5551
8.3433 0.0000 102.5310 238.1942 242.1010 0.5570 2.5771
8.1203 0.0000 102.5256 61.0021 242.2126 0.5643 2.8478
7.6916 0.0000 102.5467 0.0002 241.4236 0.5807 3.4593
7.2247 0.0000 102.5654 0.0000 240.4040 0.6004 3.9578
6.7646 0.0000 102.5606 0.0000 239.4480 0.6226 4.3396
6.2980 0.0000 102.5366 0.0000 238.6074 0.6475 4.5970
5.8465 0.0000 102.5181 0.0000 237.9064 0.6757 4.6466
5.4872 0.0000 102.5125 0.0000 237.5646 0.7013 4.2959
5.0566 0.0000 102.5006 0.0000 237.4703 0.7183 3.9235
4.5331 0.0000 102.4826 0.0000 236.6896 0.7265 3.7095
4.0531 0.0000 102.4721 0.0000 235.9605 0.7252 3.4981
3.6055 0.0004 102.4305 0.0000 245.2197 0.7128 3.4628
3.1450 0.0012 102.3826 0.0000 256.1286 0.6928 3.4916
2.7835 0.0009 102.3792 0.0000 260.2856 0.6783 3.5890
2.6858 0.0004 102.4223 0.0000 264.3936 0.6693 3.7460
2.7199 0.0002 102.4425 0.2796 264.9953 0.6633 3.7045
2.8391 0.0001 102.4145 62.3902 256.6982 0.6590 3.5591
