-0.4050 0.0003 101.3719 156.4016 256.0252 0.5475 4.7984
1.4715 0.0000 101.3885 374.4724 220.4753 0.5556 4.4994
4.1939 0.0000 101.3584 520.6995 222.0738 0.5273 4.6026
6.1620 0.0000 101.2632 604.2914 227.3899 0.4906 4.2843
7.2025 0.0000 101.1505 616.8875 230.5939 0.4825 3.8807
7.8551 0.0000 101.0526 560.5520 233.8158 0.4830 3.8464
8.0853 0.0000 100.9771 435.4085 237.5308 0.4894 4.0232
7.9367 0.0000 100.9406 271.0682 239.8677 0.4967 4.2113
7.2673 0.0000 100.9314 92.6280 240.8317 0.5151 4.6824
6.2622 0.0000 100.9378 1.2990 239.7520 0.5300 5.4604
5.3817 0.0000 100.9436 0.0000 238.0143 0.5337 5.7370
4.7224 0.0000 100.9390 0.0000 236.4132 0.5363 5.3512
4.2192 0.0000 100.9423 0.0000 235.2387 0.5389 4.6857
3.7906 0.0000 100.9484 0.0000 237.2043 0.5417 4.3279
3.3977 0.0000 100.9395 0.0000 242.6471 0.5455 3.9819
3.0467 0.0000 100.9138 0.0000 248.7082 0.5493 3.5630
2.7640 0.0000 100.8858 0.0000 257.6758 0.5523 3.1048
2.5429 0.0000 100.8678 0.0000 264.2408 0.5550 2.9051
2.3019 0.0000 100.8422 0.0000 267.0590 0.5580 2.9357
2.0428 0.0000 100.8116 0.0000 270.3290 0.5611 3.2968
1.8321 0.0000 100.7758 0.0000 274.1725 0.5642 3.6288
1.8128 0.0000 100.7460 0.0000 275.5488 0.5676 3.8403
1.9810 0.0000 100.6983 0.0000 274.4740 0.5706 4.1858
2.2209 0.0000 100.6885 23.9732 278.6663 0.5736 3.5595
