-0.9020 0.0017 102.1160 149.4347 259.7775 0.5296 4.1767
0.9278 0.0001 102.1274 323.2273 239.3428 0.5390 4.2450
3.4656 0.0000 102.0895 487.3052 232.0820 0.5149 4.3606
5.3694 0.0000 101.9877 589.4768 230.0226 0.4857 3.9025
6.4249 0.0000 101.8683 608.6878 230.0728 0.4864 3.3229
7.1273 0.0000 101.7634 554.0302 231.4222 0.4922 3.0341
7.5247 0.0000 101.6903 433.7274 233.5676 0.4974 3.0347
7.5488 0.0000 101.6498 267.0083 235.1260 0.5015 3.1907
7.1128 0.0000 101.6409 85.5828 236.0628 0.5124 3.7459
6.4046 0.0000 101.6477 0.5345 236.0892 0.5199 4.7319
5.7249 0.0000 101.6503 0.0000 236.0813 0.5229 5.3588
5.0926 0.0000 101.6290 0.0000 236.0081 0.5287 5.6017
4.4943 0.0000 101.6221 0.0000 235.7499 0.5367 5.3181
3.9743 0.0000 101.6344 0.0000 235.4314 0.5446 4.7973
3.5454 0.0000 101.6323 0.0000 235.4449 0.5500 4.5874
3.1377 0.0000 101.6045 0.0000 236.0418 0.5532 4.4159
2.7924 0.0000 101.5793 0.0000 243.1894 0.5553 4.0893
2.5421 0.0000 101.5603 0.0000 249.4814 0.5572 3.5890
2.2907 0.0000 101.5415 0.0000 257.7028 0.5589 3.2282
1.9913 0.0000 101.5090 0.0000 263.1520 0.5604 3.2265
1.7174 0.0000 101.4859 0.0000 264.2787 0.5616 3.6637
1.6291 0.0000 101.4669 0.0000 268.4307 0.5630 4.1853
1.7259 0.0000 101.4296 0.0000 266.5644 0.5651 4.7863
1.9318 0.0000 101.3897 38.0880 256.0673 0.5670 5.0353
