-1.3647 0.0032 98.4149 143.9222 250.8120 0.5111 5.4008
0.3479 0.0003 98.4446 331.9619 228.8670 0.5148 5.1036
2.4549 0.0000 98.4216 482.8902 227.9434 0.5175 4.6532
4.4264 0.0000 98.3456 574.5271 229.6011 0.5020 3.7271
5.9548 0.0000 98.2323 598.1541 231.9882 0.4847 2.9896
6.9545 0.0000 98.1250 545.9076 236.6592 0.4854 2.8963
7.5661 0.0000 98.0414 427.3082 240.6630 0.4888 2.8930
7.6702 0.0000 98.0023 272.2187 241.1998 0.4952 3.0256
7.0982 0.0000 97.9851 99.5632 240.1543 0.5074 3.6179
5.8219 0.0000 97.9936 2.5979 237.5038 0.5195 4.7383
4.4947 0.0000 98.0276 0.0000 234.2569 0.5218 4.8173
3.5368 0.0000 98.0511 0.0000 232.2293 0.5198 4.0925
2.9443 0.0000 98.0623 0.0000 235.2331 0.5150 3.6165
2.6078 0.0000 98.0625 0.0000 246.5619 0.5093 3.1598
2.4767 0.0000 98.0500 0.0000 253.4526 0.5044 2.8962
2.5167 0.0000 98.0150 0.0000 261.3733 0.5009 2.8133
2.6861 0.0000 97.9904 0.0000 266.1956 0.4996 2.8438
2.9067 0.0000 97.9646 0.0000 270.6420 0.5006 2.9362
3.0982 0.0000 97.9287 0.0000 276.0991 0.5029 3.1550
3.1795 0.0000 97.8817 0.0000 280.1917 0.5060 3.3009
3.1550 0.0000 97.8363 0.0000 282.3771 0.5091 3.3370
2.9924 0.0000 97.7787 0.0000 284.0717 0.5122 3.9048
2.6345 0.0000 97.7703 0.0000 282.4179 0.5156 4.0290
2.4710 0.0000 97.8180 18.7163 275.3229 0.5188 3.0509
