-2.1734 0.0016 102.9751 170.8086 251.2011 0.5006 3.1182
0.4247 0.0000 102.9817 378.5677 219.3756 0.5318 3.2448
3.2267 0.0000 102.9478 509.5494 221.5683 0.5220 3.0687
4.4340 0.0000 102.8462 563.8247 229.9858 0.5074 2.4060
5.1828 0.0000 102.7322 570.6046 230.7316 0.5052 1.8572
5.7316 0.0000 102.6327 515.7976 230.1491 0.5071 1.5215
6.0731 0.0000 102.5611 397.5032 230.4291 0.5074 1.3898
6.0745 0.0000 102.5192 233.8195 230.6955 0.5096 1.4296
5.7636 0.0000 102.5101 62.1730 230.6008 0.5136 1.7271
5.3325 0.0000 102.5284 0.0054 230.2904 0.5173 2.3146
4.8896 0.0000 102.5371 0.0000 230.5521 0.5215 2.9382
4.4315 0.0000 102.5203 0.0000 230.1622 0.5280 3.6767
3.9654 0.0000 102.4923 0.0000 229.2196 0.5384 4.3566
3.4715 0.0000 102.4851 0.0000 228.8229 0.5537 4.6485
2.9468 0.0000 102.5018 0.0000 228.6177 0.5722 4.5122
2.3570 0.0000 102.4976 0.0000 228.6876 0.5896 4.4286
1.7218 0.0000 102.4617 0.0000 228.4547 0.6040 4.6999
1.0764 0.0000 102.4459 0.0000 228.5057 0.6145 4.6180
0.4675 0.0002 102.4412 0.0000 239.3592 0.6162 3.9081
-0.1631 0.0048 102.4215 0.0000 264.2795 0.6037 3.5651
-0.7434 0.0146 102.3930 0.0000 285.1080 0.5820 3.6101
-0.9771 0.0098 102.3646 0.0000 284.7879 0.5693 3.7252
-1.0313 0.0066 102.3384 0.0000 279.9363 0.5652 4.0481
-0.9684 0.0052 102.2987 30.1789 278.5913 0.5638 4.2318
