-1.0915 0.0002 99.0904 191.0395 240.6901 0.5192 4.0113
1.2234 0.0000 99.0995 406.0889 214.9582 0.5294 3.9083
4.1117 0.0000 99.0638 547.6836 218.6721 0.5039 3.9075
6.0957 0.0000 98.9773 625.5044 224.3933 0.4784 3.2541
7.1785 0.0000 98.8711 633.0397 228.4062 0.4779 2.5877
7.8644 0.0000 98.7802 572.1769 231.7712 0.4846 2.3668
8.2026 0.0000 98.7086 447.0787 235.0641 0.4930 2.5771
8.1396 0.0000 98.6822 278.2106 236.4286 0.5015 2.8809
7.5559 0.0000 98.6773 92.3033 237.2223 0.5157 3.4745
6.5730 0.0000 98.6913 0.8159 236.8299 0.5258 4.2617
5.5907 0.0000 98.6962 0.0000 236.0834 0.5297 4.5046
4.7909 0.0000 98.6883 0.0000 235.3168 0.5333 4.2703
4.2126 0.0000 98.6847 0.0000 234.7090 0.5367 3.7164
3.8232 0.0000 98.6837 0.0000 235.2673 0.5397 3.2914
3.5571 0.0000 98.6812 0.0000 237.8689 0.5425 3.0473
3.3319 0.0000 98.6583 0.0000 241.7256 0.5444 2.8794
3.1535 0.0000 98.6305 0.0000 249.0506 0.5454 2.8380
3.0117 0.0000 98.6005 0.0000 256.8901 0.5461 2.6665
2.8406 0.0000 98.5708 0.0000 266.0031 0.5463 2.1740
2.6486 0.0000 98.5486 0.0000 267.6897 0.5462 1.7745
2.4934 0.0000 98.5272 0.0000 267.5430 0.5456 1.9520
2.4960 0.0000 98.5160 0.0000 269.0165 0.5458 2.3870
2.6193 0.0000 98.4805 0.0000 259.0354 0.5464 3.1368
2.7782 0.0000 98.4478 39.3595 263.5693 0.5474 3.5784
