-0.8644 0.0052 103.0698 168.5872 262.3106 0.5523 3.3580
1.4886 0.0011 103.0837 341.6481 249.4043 0.5793 3.4776
3.8039 0.0001 103.0379 524.3015 225.2789 0.5713 3.1426
5.0152 0.0001 102.9346 588.3841 229.6769 0.5600 2.5671
5.8426 0.0001 102.8169 575.2603 235.2985 0.5560 2.0714
6.4467 0.0000 102.7235 512.4299 235.8698 0.5547 1.7244
6.7696 0.0000 102.6534 391.2087 236.2039 0.5563 1.5563
6.7649 0.0000 102.6177 225.7913 236.6876 0.5596 1.5087
6.4875 0.0000 102.6152 55.6712 236.4793 0.5643 1.7257
6.0868 0.0001 102.6358 0.0001 240.4940 0.5728 2.3754
5.6084 0.0001 102.6560 0.0000 243.4964 0.5855 3.0839
5.0307 0.0001 102.6461 0.0000 241.2949 0.6005 3.8956
4.3472 0.0000 102.6243 0.0000 235.9623 0.6155 4.7759
3.6258 0.0000 102.6065 0.0000 231.0866 0.6262 5.4636
3.0151 0.0000 102.6105 0.0000 229.7948 0.6315 5.5177
2.5125 0.0000 102.6132 0.0000 228.8678 0.6300 5.1123
2.1002 0.0000 102.5935 0.0000 227.8818 0.6241 4.9105
1.8063 0.0000 102.5644 0.0000 227.3185 0.6164 5.0104
1.5723 0.0000 102.5269 0.0000 229.1668 0.6097 4.7825
1.3351 0.0005 102.5043 0.0000 233.1256 0.6045 4.2137
1.0933 0.0011 102.5023 0.0000 236.0580 0.5994 4.1436
1.0451 0.0008 102.5046 0.0000 243.3252 0.5961 4.1075
1.1796 0.0004 102.4884 0.0222 252.8412 0.5953 4.0075
1.4230 0.0001 102.4531 41.6361 258.9200 0.5973 4.0740
