-1.0842 0.0038 103.1030 169.3757 258.5078 0.5392 3.3032
1.4277 0.0007 103.1136 357.2904 236.0257 0.5636 3.2987
3.6490 0.0001 103.0739 513.8887 224.6651 0.5574 2.9627
4.7206 0.0001 102.9725 580.5586 228.2385 0.5495 2.3907
5.4502 0.0000 102.8561 577.8974 230.8265 0.5490 1.9384
5.9849 0.0000 102.7627 508.1482 233.6982 0.5496 1.5917
6.2621 0.0000 102.6935 384.1493 235.2805 0.5508 1.3924
6.2170 0.0000 102.6571 220.9685 235.3553 0.5533 1.3682
5.8796 0.0001 102.6520 54.0335 235.3605 0.5572 1.6832
5.3823 0.0002 102.6744 0.0000 239.3785 0.5637 2.3873
4.8131 0.0002 102.6930 0.0000 243.9792 0.5722 3.0194
4.1975 0.0001 102.6846 0.0000 242.3406 0.5813 3.7263
3.5549 0.0000 102.6622 0.0000 235.9582 0.5905 4.5201
2.9072 0.0000 102.6444 0.0000 229.5301 0.5986 5.1393
2.3348 0.0000 102.6515 0.0000 227.9092 0.6041 5.2369
1.8447 0.0000 102.6576 0.0000 226.8140 0.6050 4.8421
1.4363 0.0000 102.6373 0.0000 225.9734 0.6013 4.6060
1.1125 0.0000 102.6055 0.0000 225.8993 0.5946 4.6600
0.8205 0.0001 102.5776 0.0000 230.0002 0.5864 4.2324
0.5496 0.0012 102.5611 0.0000 237.7830 0.5790 3.5006
0.3435 0.0020 102.5453 0.0000 242.8953 0.5722 3.3374
0.3469 0.0014 102.5277 0.0000 251.3524 0.5685 3.3351
0.4850 0.0010 102.5055 0.0046 248.7760 0.5679 3.4838
0.7005 0.0007 102.4702 44.7506 250.7920 0.5700 3.7343
