-2.0691 0.0026 102.7160 165.6166 255.6536 0.5015 2.5543
0.3707 0.0002 102.7233 363.1811 231.2706 0.5320 2.9531
3.3400 0.0000 102.6810 475.7315 233.9747 0.5221 3.3782
4.7392 0.0000 102.5844 540.4030 239.9318 0.5077 2.8318
5.6249 0.0000 102.4666 586.5375 230.6636 0.5059 2.2671
6.2877 0.0000 102.3645 531.4381 230.7621 0.5072 1.9520
6.7113 0.0000 102.2838 413.7178 230.8315 0.5071 1.8280
6.7413 0.0000 102.2481 246.6122 231.7252 0.5090 1.8833
6.3962 0.0000 102.2390 70.0572 231.8160 0.5139 2.3308
5.8369 0.0000 102.2548 0.0433 231.2126 0.5184 3.2290
5.2460 0.0000 102.2645 0.0000 230.6560 0.5213 4.0678
4.6457 0.0000 102.2441 0.0000 229.9313 0.5243 4.7937
4.0943 0.0000 102.2163 0.0000 229.2967 0.5282 5.1819
3.6567 0.0000 102.2226 0.0000 228.9580 0.5345 4.9860
3.2957 0.0000 102.2399 0.0000 229.1197 0.5441 4.4899
2.8719 0.0000 102.2198 0.0000 229.5161 0.5557 4.3192
2.3639 0.0000 102.1889 0.0000 229.4408 0.5714 4.4677
1.8097 0.0000 102.1731 0.0000 229.7140 0.5907 4.2504
1.2679 0.0000 102.1642 0.0000 236.2308 0.6075 3.6198
0.7321 0.0012 102.1423 0.0000 253.6477 0.6155 3.5242
0.1480 0.0070 102.1207 0.0000 275.4926 0.6122 3.8457
-0.2757 0.0085 102.0994 0.0000 290.3198 0.6012 4.2367
-0.4305 0.0096 102.0791 0.0000 296.7567 0.5949 4.6128
-0.2530 0.0033 102.0358 26.0336 292.4072 0.5990 4.8240
