-0.5920 0.0003 100.5255 169.1361 252.2707 0.5435 4.6370
1.5191 0.0000 100.5395 393.6170 216.2682 0.5551 4.3083
4.4586 0.0000 100.5103 535.4910 220.0821 0.5280 4.3653
6.5399 0.0000 100.4181 614.9953 226.7505 0.4893 3.9541
7.6265 0.0000 100.3086 625.1316 230.8225 0.4806 3.5491
8.2732 0.0000 100.2145 566.9013 234.6672 0.4818 3.5883
8.4858 0.0000 100.1420 440.7595 238.3539 0.4889 3.8470
8.3019 0.0000 100.1091 275.1697 240.5036 0.4971 4.1026
7.5540 0.0000 100.1001 94.5987 241.2819 0.5163 4.6389
6.3982 0.0000 100.1100 1.3518 239.9453 0.5319 5.4255
5.3474 0.0000 100.1196 0.0000 237.9062 0.5367 5.6242
4.5809 0.0000 100.1159 0.0000 236.0917 0.5399 5.1443
4.0473 0.0000 100.1181 0.0000 234.8905 0.5418 4.4808
3.6441 0.0000 100.1228 0.0000 238.2837 0.5432 4.0850
3.3197 0.0000 100.1162 0.0000 244.4623 0.5450 3.6539
3.0636 0.0000 100.0894 0.0000 250.6007 0.5465 3.2678
2.8778 0.0000 100.0592 0.0000 258.9676 0.5479 2.9230
2.7398 0.0000 100.0381 0.0000 265.6050 0.5497 2.7205
2.5649 0.0000 100.0125 0.0000 268.9697 0.5520 2.5741
2.3658 0.0000 99.9839 0.0000 271.9720 0.5542 2.7758
2.2036 0.0000 99.9502 0.0000 274.7190 0.5566 3.0914
2.2331 0.0000 99.9261 0.0000 275.4398 0.5596 3.3951
2.4549 0.0000 99.8791 0.0000 272.1328 0.5623 3.8486
2.7356 0.0000 99.8658 26.8080 277.2536 0.5652 3.3993
