-1.8793 0.0019 102.8676 164.6034 251.3828 0.5055 3.6590
0.2639 0.0001 102.8847 343.3468 230.6457 0.5269 3.7433
3.1593 0.0000 102.8486 457.7620 235.0602 0.5089 3.8122
4.6013 0.0000 102.7491 545.6396 235.5360 0.4898 3.0859
5.5141 0.0000 102.6311 584.6458 228.7443 0.4876 2.4264
6.1823 0.0000 102.5227 533.1915 228.1813 0.4910 2.0719
6.6259 0.0000 102.4418 413.7591 229.8068 0.4923 1.9440
6.6925 0.0000 102.3999 247.5273 231.2578 0.4960 2.0436
6.4096 0.0000 102.3907 72.2001 232.0765 0.5033 2.5018
5.9400 0.0000 102.4036 0.1135 232.1423 0.5113 3.4606
5.3705 0.0000 102.4068 0.0000 232.0711 0.5182 4.4517
4.7143 0.0000 102.3864 0.0000 231.5304 0.5242 5.3307
4.0397 0.0000 102.3651 0.0000 230.8635 0.5294 5.7620
3.4563 0.0000 102.3745 0.0000 230.4498 0.5348 5.5309
3.0088 0.0000 102.3952 0.0000 230.4511 0.5403 5.1386
2.5874 0.0000 102.3652 0.0000 230.6384 0.5451 5.1963
2.1321 0.0000 102.3310 0.0000 230.3778 0.5507 5.1700
1.6523 0.0000 102.3313 0.0000 233.5145 0.5596 4.5472
1.2028 0.0000 102.3256 0.0000 242.2269 0.5699 4.0577
0.8104 0.0004 102.2909 0.0000 252.1017 0.5802 4.1663
0.4337 0.0015 102.2563 0.0000 259.1692 0.5893 4.5484
0.1034 0.0016 102.2254 0.0000 269.2819 0.5932 5.0743
-0.2386 0.0035 102.1925 0.0000 278.4447 0.5910 5.4378
-0.3602 0.0037 102.1492 25.1757 285.2870 0.5883 5.4430
