-1.4727 0.0052 100.8570 176.1008 256.0497 0.5135 2.4605
0.4218 0.0003 100.8635 351.0067 243.0879 0.5326 2.8192
3.1399 0.0000 100.8240 505.7795 230.4277 0.5199 3.2928
5.1472 0.0000 100.7188 597.4821 230.3376 0.4892 2.8643
6.2492 0.0000 100.6014 608.5169 232.0181 0.4922 2.2749
6.9859 0.0000 100.5053 555.8381 231.4367 0.5007 1.9168
7.4198 0.0000 100.4361 432.1634 233.6421 0.5068 1.8807
7.4528 0.0000 100.3988 262.3436 234.8310 0.5122 2.0786
7.0240 0.0000 100.3938 79.5741 234.9163 0.5208 2.7423
6.2246 0.0000 100.4103 0.1892 233.9011 0.5271 3.8160
5.3338 0.0000 100.4197 0.0000 232.6250 0.5303 4.3775
4.4740 0.0000 100.4014 0.0000 231.6457 0.5327 4.6474
3.7451 0.0000 100.3861 0.0000 230.9035 0.5344 4.6038
3.2105 0.0000 100.3891 0.0000 230.5800 0.5360 4.2070
2.8414 0.0000 100.4002 0.0000 230.7445 0.5381 3.7946
2.4807 0.0000 100.3755 0.0000 231.4012 0.5394 3.5001
2.1187 0.0000 100.3522 0.0000 232.0240 0.5406 3.3673
1.7896 0.0000 100.3263 0.0000 234.8297 0.5432 3.2354
1.4561 0.0000 100.2945 0.0000 239.5891 0.5471 2.7305
1.1308 0.0000 100.2699 0.0000 250.7645 0.5522 2.2429
0.8595 0.0001 100.2669 0.0000 259.4872 0.5577 2.2532
0.7104 0.0016 100.2600 0.0000 262.2230 0.5628 2.7428
0.5881 0.0044 100.2400 0.0010 264.5790 0.5669 3.4528
0.5099 0.0024 100.1957 47.0252 255.5051 0.5698 4.2140
