-0.6037 0.0003 100.2048 168.6152 254.5711 0.5464 4.7051
1.4964 0.0000 100.2217 395.2432 216.0624 0.5618 4.3159
4.4317 0.0000 100.1938 536.1005 220.3066 0.5386 4.3122
6.5634 0.0000 100.1036 615.5732 227.1854 0.4983 3.8738
7.6866 0.0000 99.9957 625.5639 231.5904 0.4895 3.4812
8.3676 0.0000 99.9000 567.4444 235.7886 0.4901 3.5621
8.5991 0.0000 99.8291 441.1890 239.6812 0.4964 3.8348
8.4292 0.0000 99.7949 276.1104 241.9162 0.5030 4.1002
7.7008 0.0000 99.7859 96.0304 242.5330 0.5201 4.6093
6.5612 0.0000 99.7945 1.5200 240.8867 0.5340 5.3700
5.4796 0.0000 99.8071 0.0000 238.4665 0.5379 5.5706
4.6562 0.0000 99.8052 0.0000 236.3108 0.5406 5.0701
4.0759 0.0000 99.8085 0.0000 234.8624 0.5417 4.4858
3.6413 0.0000 99.8145 0.0000 240.2586 0.5423 4.1401
3.3007 0.0000 99.8078 0.0000 246.2650 0.5434 3.6984
3.0414 0.0000 99.7825 0.0000 253.9532 0.5443 3.3474
2.8671 0.0000 99.7523 0.0000 261.8683 0.5457 3.0355
2.7463 0.0000 99.7292 0.0000 268.0787 0.5479 2.8788
2.5986 0.0000 99.7036 0.0000 270.7391 0.5507 2.7900
2.4344 0.0000 99.6704 0.0000 273.8865 0.5533 3.0801
2.2769 0.0000 99.6370 0.0000 276.5227 0.5560 3.3841
2.2886 0.0000 99.6120 0.0000 276.4382 0.5594 3.6855
2.4746 0.0000 99.5670 0.0000 275.4291 0.5625 4.1036
2.7102 0.0000 99.5625 27.7936 275.6442 0.5658 3.4996
