-1.5163 0.0012 98.7641 203.7845 234.7586 0.5035 3.0926
0.6247 0.0001 98.7716 398.6168 220.0882 0.5168 3.2743
3.3576 0.0000 98.7357 543.4129 219.7225 0.4925 3.4585
5.3351 0.0000 98.6395 626.9198 222.3907 0.4680 2.8770
6.3743 0.0000 98.5330 632.2567 226.1924 0.4774 2.1857
7.0760 0.0000 98.4455 568.7851 229.6547 0.4898 1.8318
7.5025 0.0000 98.3795 444.0906 232.1785 0.4981 1.9279
7.5097 0.0000 98.3512 273.2112 233.6100 0.5051 2.2215
6.9744 0.0000 98.3498 86.6789 233.8998 0.5164 2.8615
6.0215 0.0000 98.3656 0.3878 232.7562 0.5246 3.7286
5.0594 0.0000 98.3763 0.0000 231.7386 0.5284 3.9939
4.2645 0.0000 98.3594 0.0000 231.3344 0.5314 3.9711
3.6506 0.0000 98.3485 0.0000 231.1100 0.5344 3.7111
3.2368 0.0000 98.3474 0.0000 231.1105 0.5370 3.3941
2.9664 0.0000 98.3506 0.0000 231.7453 0.5395 3.2420
2.6704 0.0000 98.3262 0.0000 233.4958 0.5404 3.1338
2.3996 0.0000 98.3042 0.0000 236.2630 0.5401 3.1601
2.1750 0.0000 98.2725 0.0000 241.8957 0.5394 3.1127
1.9616 0.0000 98.2351 0.0000 251.9782 0.5387 2.5791
1.7766 0.0000 98.2122 0.0000 261.7142 0.5382 1.9051
1.6590 0.0000 98.2044 0.0000 260.2265 0.5379 1.6728
1.6904 0.0000 98.1956 0.0000 261.5602 0.5386 2.0453
1.7681 0.0000 98.1739 0.0010 254.7260 0.5405 2.8289
1.8060 0.0004 98.1322 51.6078 246.5112 0.5422 3.7133
