-0.1195 0.0053 102.7113 169.1131 267.6957 0.5658 2.7913
1.2809 0.0012 102.7250 335.3956 258.7735 0.5806 2.5880
3.2154 0.0000 102.6872 513.9127 235.0530 0.5800 2.7054
4.6972 0.0000 102.5827 545.9724 246.6540 0.5518 2.3938
5.5628 0.0000 102.4634 579.6215 240.0582 0.5367 2.0734
6.1613 0.0000 102.3689 525.1328 238.6481 0.5297 1.9821
6.4687 0.0000 102.2958 414.5615 234.8655 0.5266 2.0672
6.4806 0.0000 102.2614 245.7232 235.1021 0.5259 2.1946
6.1431 0.0000 102.2522 67.8635 234.5825 0.5291 2.6375
5.5821 0.0000 102.2699 0.0108 233.1496 0.5328 3.3918
5.0949 0.0000 102.2814 0.0000 231.8947 0.5352 3.8118
4.7607 0.0000 102.2631 0.0000 231.2611 0.5387 4.0938
4.5523 0.0000 102.2357 0.0000 231.2580 0.5464 4.2496
4.3445 0.0000 102.2255 0.0000 231.8415 0.5615 4.0882
4.0505 0.0000 102.2269 0.0000 232.7462 0.5832 3.6769
3.5892 0.0000 102.2151 0.0000 233.4911 0.6073 3.4834
3.0219 0.0000 102.1930 0.0000 233.4559 0.6301 3.4955
2.4634 0.0000 102.1683 0.0000 233.2626 0.6492 3.5256
1.9360 0.0000 102.1405 0.0000 233.3763 0.6637 3.3098
1.4212 0.0009 102.1108 0.0000 248.5953 0.6643 3.0171
0.8784 0.0044 102.1156 0.0000 278.4119 0.6488 3.0509
0.6208 0.0049 102.1300 0.0000 290.5548 0.6352 3.0245
0.5961 0.0058 102.1210 0.0097 289.9755 0.6308 3.0843
0.7463 0.0027 102.0866 38.6962 281.1763 0.6325 3.2218
