-1.0150 0.0009 102.7502 129.9464 264.7215 0.5284 4.5700
0.7656 0.0000 102.7706 292.5211 244.3453 0.5381 4.5310
2.9892 0.0000 102.7359 451.1366 236.4608 0.5226 4.5592
4.7464 0.0000 102.6385 564.4353 231.6888 0.4942 4.0615
5.7875 0.0000 102.5200 594.8503 228.9031 0.4877 3.4353
6.5185 0.0000 102.4098 541.8150 229.9436 0.4885 3.0563
6.9465 0.0000 102.3260 424.1364 231.7867 0.4889 2.9419
7.0669 0.0000 102.2827 260.0856 233.7734 0.4885 3.0237
6.7764 0.0000 102.2726 82.9117 235.0671 0.4953 3.4108
6.2745 0.0000 102.2731 0.5471 235.3322 0.5008 4.2551
5.7429 0.0000 102.2751 0.0000 235.3790 0.5045 5.0434
5.1784 0.0000 102.2564 0.0000 235.3053 0.5130 5.5270
4.5958 0.0000 102.2488 0.0000 235.0120 0.5256 5.4509
4.0287 0.0000 102.2671 0.0000 234.6253 0.5382 5.1049
3.4764 0.0000 102.2636 0.0000 234.2625 0.5488 5.2110
2.8967 0.0000 102.2316 0.0000 234.4443 0.5565 5.2990
2.3697 0.0000 102.2102 0.0000 240.4803 0.5617 4.8853
1.9703 0.0000 102.2079 0.0000 250.0758 0.5653 4.4165
1.6551 0.0000 102.1889 0.0000 256.8028 0.5669 4.4382
1.3703 0.0000 102.1469 0.0000 260.5389 0.5671 4.8049
1.1251 0.0000 102.1111 0.0000 264.1179 0.5672 5.3351
1.0094 0.0000 102.0793 0.0000 268.8566 0.5694 5.6525
0.9934 0.0000 102.0417 0.0000 270.6791 0.5741 5.9415
1.0063 0.0000 102.0063 27.8456 267.3785 0.5808 5.7251
