-2.1345 0.0023 102.8522 168.0700 255.4289 0.5027 2.7494
0.3766 0.0001 102.8598 372.0381 226.9726 0.5359 3.0287
3.2891 0.0000 102.8209 500.0250 227.0105 0.5285 3.2115
4.5968 0.0000 102.7207 552.9972 235.7968 0.5140 2.6187
5.4070 0.0000 102.6063 576.1829 232.2548 0.5112 2.0486
6.0154 0.0000 102.5068 524.4781 230.9235 0.5119 1.7177
6.4012 0.0000 102.4303 406.8082 230.8132 0.5114 1.5878
6.4271 0.0000 102.3910 240.3501 231.5843 0.5130 1.6177
6.1115 0.0000 102.3819 65.9020 231.5693 0.5173 1.9589
5.6330 0.0000 102.3993 0.0170 230.9708 0.5216 2.6691
5.1399 0.0000 102.4097 0.0000 230.4893 0.5253 3.3937
4.6410 0.0000 102.3902 0.0000 229.9925 0.5303 4.1381
4.1640 0.0000 102.3617 0.0000 229.5366 0.5383 4.7021
3.7170 0.0000 102.3594 0.0000 229.3015 0.5506 4.7893
3.2764 0.0000 102.3767 0.0000 229.3532 0.5665 4.4906
2.7539 0.0000 102.3634 0.0000 229.6028 0.5824 4.3689
2.1570 0.0000 102.3311 0.0000 229.3878 0.5983 4.6134
1.5341 0.0000 102.3144 0.0000 229.3452 0.6135 4.5453
0.9280 0.0001 102.3059 0.0000 238.4941 0.6218 3.8927
0.3018 0.0032 102.2872 0.0000 261.9456 0.6170 3.6124
-0.3083 0.0117 102.2660 0.0000 283.8893 0.6014 3.7571
-0.6333 0.0095 102.2459 0.0000 290.4769 0.5881 3.9368
-0.6929 0.0077 102.2229 0.0001 290.7062 0.5834 4.2366
-0.5212 0.0037 102.1814 28.4430 286.3090 0.5860 4.4462
