-0.9855 0.0010 100.9791 168.0231 249.3873 0.5234 4.0818
1.0643 0.0000 100.9883 358.3023 228.5623 0.5311 4.0843
3.7483 0.0000 100.9514 513.0727 225.9437 0.5036 4.1677
5.6783 0.0000 100.8550 604.6124 227.2160 0.4755 3.6410
6.7220 0.0000 100.7408 618.7408 228.9849 0.4769 3.0637
7.3904 0.0000 100.6422 561.3234 231.1891 0.4844 2.8507
7.7396 0.0000 100.5702 439.5861 233.5388 0.4918 2.9719
7.6995 0.0000 100.5360 271.5292 235.1377 0.4986 3.2028
7.1629 0.0000 100.5282 88.1105 236.0246 0.5121 3.7994
6.2886 0.0000 100.5394 0.6261 235.8449 0.5216 4.7170
5.4506 0.0000 100.5430 0.0000 235.5180 0.5253 5.1452
4.7508 0.0000 100.5271 0.0000 235.1958 0.5300 5.1525
4.1822 0.0000 100.5201 0.0000 234.8558 0.5359 4.7155
3.7481 0.0000 100.5261 0.0000 234.7356 0.5415 4.1985
3.4251 0.0000 100.5230 0.0000 235.7402 0.5456 3.9643
3.1333 0.0000 100.4952 0.0000 237.9197 0.5481 3.7821
2.8951 0.0000 100.4688 0.0000 244.9176 0.5497 3.5592
2.7198 0.0000 100.4456 0.0000 251.4318 0.5511 3.1604
2.5192 0.0000 100.4226 0.0000 260.6262 0.5524 2.6927
2.2701 0.0000 100.3955 0.0000 264.5607 0.5534 2.4874
2.0495 0.0000 100.3724 0.0000 265.6214 0.5540 2.7798
2.0120 0.0000 100.3566 0.0000 268.8163 0.5552 3.2805
2.1470 0.0000 100.3193 0.0000 262.2625 0.5568 3.9764
2.3721 0.0000 100.2803 39.1650 258.1338 0.5583 4.3506
