-1.1907 0.0003 102.7804 127.2508 256.9731 0.5180 4.5460
0.4663 0.0000 102.8029 287.0325 240.3977 0.5265 4.3790
2.6545 0.0000 102.7760 447.7193 233.0418 0.5146 4.3838
4.4911 0.0000 102.6806 560.8997 228.4403 0.4878 4.0003
5.5001 0.0000 102.5600 586.2730 227.3276 0.4804 3.3730
6.2254 0.0000 102.4460 533.3246 229.0929 0.4777 2.9644
6.6527 0.0000 102.3617 416.1360 231.9287 0.4777 2.8190
6.7882 0.0000 102.3147 254.9679 234.1746 0.4776 2.8720
6.5789 0.0000 102.2991 81.9436 235.4520 0.4818 3.1906
6.1681 0.0000 102.2996 0.6696 235.7265 0.4855 3.9506
5.6637 0.0000 102.3020 0.0000 235.7107 0.4879 4.7586
5.0718 0.0000 102.2880 0.0000 235.2873 0.4936 5.2373
4.4742 0.0000 102.2867 0.0000 234.5186 0.5034 5.1141
3.9264 0.0000 102.3043 0.0000 233.8331 0.5151 4.8816
3.3979 0.0000 102.2926 0.0000 233.2737 0.5275 5.1757
2.8318 0.0000 102.2632 0.0000 234.0016 0.5399 5.2102
2.2977 0.0000 102.2496 0.0000 243.4964 0.5500 4.7535
1.8646 0.0000 102.2493 0.0000 251.6333 0.5572 4.5802
1.5083 0.0000 102.2271 0.0000 257.5727 0.5618 4.7822
1.2088 0.0000 102.1789 0.0000 260.3843 0.5642 5.2485
0.9680 0.0000 102.1290 0.0000 264.6574 0.5656 5.7332
0.8449 0.0000 102.0912 0.0000 270.1529 0.5684 5.9144
0.7938 0.0000 102.0501 0.0000 273.7963 0.5732 6.0997
0.7490 0.0000 102.0331 23.5926 270.5384 0.5806 5.5935
