0.8625 0.0067 103.0734 173.9117 260.8934 0.5826 4.0249
2.4992 0.0020 103.0905 321.9184 258.5761 0.5870 3.8485
4.0828 0.0007 103.0495 509.1382 230.3029 0.5818 3.4575
5.0192 0.0004 102.9470 579.2633 232.2703 0.5774 2.9635
5.6783 0.0003 102.8342 582.3441 232.2471 0.5773 2.5320
6.1332 0.0002 102.7461 508.4168 235.5636 0.5772 2.1918
6.3305 0.0001 102.6833 381.5162 237.1094 0.5779 1.9912
6.2530 0.0001 102.6513 217.7132 237.5067 0.5782 1.9346
5.8925 0.0001 102.6502 51.0654 237.0496 0.5808 2.2515
5.3460 0.0002 102.6694 0.0000 243.5540 0.5884 3.0433
4.7326 0.0003 102.6956 0.0000 246.8787 0.5973 3.6411
4.0954 0.0002 102.6935 0.0000 244.7269 0.6042 4.1950
3.4723 0.0001 102.6707 0.0000 237.2033 0.6072 4.8087
2.9249 0.0000 102.6505 0.0000 228.9513 0.6057 5.3045
2.5667 0.0000 102.6465 0.0000 227.4149 0.6024 5.2551
2.3250 0.0000 102.6480 0.0000 226.5717 0.5972 4.7144
2.1178 0.0000 102.6339 0.0000 225.6810 0.5911 4.3846
1.9744 0.0000 102.6000 0.0000 225.1046 0.5863 4.5261
1.8654 0.0000 102.5560 0.0000 224.8824 0.5841 4.5467
1.7292 0.0000 102.5280 0.0000 225.0974 0.5842 4.1121
1.5626 0.0000 102.5257 0.0000 226.2256 0.5835 4.0199
1.5599 0.0000 102.5256 0.0000 233.5205 0.5831 3.9804
1.7131 0.0000 102.5119 0.0409 239.7088 0.5844 3.7946
1.9495 0.0000 102.4793 47.9639 249.2640 0.5886 3.7783
