0.1152 0.0061 102.8950 167.9660 272.5851 0.5824 3.2636
1.7747 0.0008 102.9088 336.6164 260.9676 0.5980 3.1117
3.9359 0.0000 102.8627 528.3347 230.6983 0.5927 2.9128
5.4935 0.0000 102.7531 580.9136 238.6968 0.5581 2.4648
6.5369 0.0000 102.6322 583.1008 240.5527 0.5368 2.1085
7.1950 0.0000 102.5310 523.1815 240.5344 0.5302 2.0045
7.5501 0.0000 102.4613 409.6598 237.6493 0.5292 2.0806
7.5739 0.0000 102.4286 240.1164 238.2394 0.5308 2.1989
7.2570 0.0000 102.4195 63.7508 237.9444 0.5362 2.6098
6.7284 0.0000 102.4422 0.0053 236.6079 0.5434 3.3369
6.2136 0.0000 102.4588 0.0000 235.3356 0.5514 3.8416
5.7315 0.0000 102.4471 0.0000 234.3532 0.5635 4.2549
5.2624 0.0000 102.4231 0.0000 233.7741 0.5824 4.6036
4.7655 0.0000 102.4043 0.0000 233.5373 0.6074 4.7048
4.2674 0.0000 102.4092 0.0000 233.6056 0.6325 4.4224
3.7029 0.0000 102.3973 0.0000 233.7121 0.6500 4.1511
3.1074 0.0000 102.3804 0.0000 233.0910 0.6599 4.0175
2.5923 0.0000 102.3624 0.0000 232.5382 0.6636 3.9102
2.1300 0.0002 102.3244 0.0000 236.4022 0.6613 3.7761
1.6850 0.0008 102.2881 0.0000 245.8848 0.6523 3.5760
1.3014 0.0019 102.2928 0.0000 258.7617 0.6415 3.5843
1.1855 0.0021 102.3206 0.0000 268.8364 0.6349 3.5381
1.2455 0.0031 102.3200 0.0711 273.0216 0.6326 3.4205
1.4097 0.0015 102.2855 47.0650 266.3617 0.6322 3.4201
