2.4993 0.0063 103.0587 184.2533 260.5271 0.6044 4.7670
3.5073 0.0025 103.0796 324.0898 259.0408 0.5930 4.4075
4.3905 0.0015 103.0428 497.1336 235.9235 0.5914 3.9814
5.0461 0.0009 102.9406 572.2090 235.1776 0.5883 3.5266
5.5165 0.0007 102.8355 577.7424 233.5295 0.5867 3.1093
5.8014 0.0004 102.7554 506.5635 235.4700 0.5862 2.7925
5.8840 0.0002 102.6964 378.1278 236.7492 0.5844 2.6002
5.7559 0.0002 102.6683 214.6254 236.5202 0.5811 2.5462
5.3267 0.0002 102.6672 48.6755 236.6597 0.5824 2.8598
4.6857 0.0002 102.6896 0.0000 239.5082 0.5881 3.5593
4.0710 0.0002 102.7155 0.0000 237.5257 0.5913 3.8701
3.5712 0.0001 102.7169 0.0000 235.8759 0.5906 4.0833
3.2560 0.0001 102.6906 0.0000 230.4932 0.5874 4.4058
3.0750 0.0000 102.6665 0.0000 226.5869 0.5836 4.7091
3.0127 0.0000 102.6545 0.0000 226.0109 0.5824 4.6171
2.9346 0.0000 102.6518 0.0000 225.9426 0.5824 4.1452
2.7775 0.0000 102.6380 0.0000 225.3067 0.5817 3.9077
2.6104 0.0000 102.6042 0.0000 224.8325 0.5810 4.1215
2.4575 0.0000 102.5563 0.0000 224.3754 0.5819 4.3735
2.3114 0.0000 102.5168 0.0000 224.2500 0.5851 4.2258
2.1607 0.0000 102.5184 0.0000 224.9705 0.5879 4.2081
2.1596 0.0000 102.5262 0.0000 228.5338 0.5905 4.2015
2.3066 0.0000 102.5196 0.0836 236.7497 0.5944 3.8893
2.5479 0.0000 102.4912 53.8998 245.0350 0.6006 3.6972
