-1.8060 0.0033 102.7375 161.8748 257.0903 0.5094 3.0265
0.3738 0.0002 102.7481 335.8359 239.9967 0.5330 3.3387
3.2578 0.0000 102.7085 459.5079 237.6930 0.5209 3.7046
4.7900 0.0000 102.6078 548.8367 237.8465 0.5015 3.0940
5.7621 0.0000 102.4888 588.4609 231.0634 0.4985 2.4667
6.4653 0.0000 102.3835 537.3441 230.2381 0.5006 2.1152
6.9201 0.0000 102.3031 418.5476 231.2412 0.5012 1.9835
6.9848 0.0000 102.2637 251.5774 232.3945 0.5041 2.0815
6.6751 0.0000 102.2546 73.9589 232.8258 0.5107 2.5700
6.1538 0.0000 102.2670 0.1209 232.5333 0.5176 3.5580
5.5626 0.0000 102.2729 0.0000 232.2631 0.5231 4.4925
4.9090 0.0000 102.2519 0.0000 231.6947 0.5281 5.2868
4.2434 0.0000 102.2290 0.0000 231.0951 0.5329 5.6418
3.6752 0.0000 102.2397 0.0000 230.6963 0.5381 5.3643
3.2309 0.0000 102.2564 0.0000 230.6705 0.5437 4.9318
2.7897 0.0000 102.2316 0.0000 230.8156 0.5490 4.8462
2.3214 0.0000 102.2017 0.0000 230.6286 0.5560 4.8298
1.8578 0.0000 102.1915 0.0000 233.2725 0.5662 4.3916
1.4223 0.0000 102.1806 0.0000 240.6507 0.5768 3.8041
1.0095 0.0003 102.1515 0.0000 252.4981 0.5855 3.7728
0.5820 0.0025 102.1287 0.0000 264.6400 0.5916 4.1442
0.2700 0.0036 102.1055 0.0000 274.3204 0.5944 4.6845
0.0574 0.0048 102.0784 0.0000 282.3758 0.5953 5.1559
0.0630 0.0023 102.0345 28.3753 282.6197 0.5987 5.4144
