-1.5293 0.0032 102.6927 159.4532 256.9692 0.5170 3.5288
0.4492 0.0002 102.7052 314.1882 245.5092 0.5342 3.7428
3.2284 0.0000 102.6671 454.4366 238.6746 0.5187 4.0186
4.8915 0.0000 102.5640 560.8963 234.7865 0.4946 3.3893
5.9323 0.0000 102.4432 591.7329 231.1898 0.4910 2.7189
6.6581 0.0000 102.3363 542.9856 229.9886 0.4940 2.3453
7.1216 0.0000 102.2572 423.3747 231.6790 0.4956 2.2224
7.2037 0.0000 102.2148 256.6741 233.0368 0.4992 2.3611
6.9010 0.0000 102.2057 77.9417 233.7141 0.5077 2.8812
6.3951 0.0000 102.2162 0.2186 233.6832 0.5162 3.9024
5.8240 0.0000 102.2186 0.0000 233.7252 0.5236 4.8359
5.1660 0.0000 102.1958 0.0000 233.4830 0.5312 5.6153
4.4361 0.0000 102.1782 0.0000 233.0501 0.5381 5.8921
3.7722 0.0000 102.1927 0.0000 232.6393 0.5434 5.5525
3.2620 0.0000 102.2066 0.0000 232.4429 0.5468 5.2231
2.8026 0.0000 102.1785 0.0000 232.3923 0.5479 5.2214
2.3680 0.0000 102.1486 0.0000 232.6809 0.5484 5.1013
1.9843 0.0000 102.1420 0.0000 238.0493 0.5510 4.5253
1.6425 0.0000 102.1296 0.0000 246.1331 0.5551 3.9622
1.3257 0.0000 102.0952 0.0000 255.3073 0.5608 3.9429
1.0252 0.0000 102.0716 0.0000 258.7403 0.5697 4.3380
0.8381 0.0000 102.0459 0.0000 262.4859 0.5800 4.9846
0.6714 0.0002 102.0140 0.0000 269.7524 0.5866 5.5439
0.6040 0.0011 101.9684 32.5215 268.5621 0.5901 5.8668
