-0.5040 0.0063 102.2842 166.8138 266.4235 0.5505 2.5183
1.0727 0.0011 102.2946 334.9599 257.2441 0.5677 2.5161
3.2562 0.0000 102.2538 510.6118 233.7680 0.5651 2.7963
4.9618 0.0000 102.1471 563.9455 241.5777 0.5335 2.4871
5.9306 0.0000 102.0269 588.5981 238.0502 0.5244 2.1080
6.5923 0.0000 101.9302 536.2474 236.2935 0.5229 1.9361
6.9505 0.0000 101.8576 419.4643 235.1479 0.5230 1.9816
6.9722 0.0000 101.8216 250.1690 235.6957 0.5241 2.1369
6.5962 0.0000 101.8132 71.0182 235.3423 0.5288 2.6822
5.9241 0.0000 101.8315 0.0441 233.9342 0.5332 3.6003
5.2478 0.0000 101.8437 0.0000 232.4791 0.5353 4.1062
4.6778 0.0000 101.8276 0.0000 231.4805 0.5378 4.3789
4.2625 0.0000 101.8039 0.0000 231.0330 0.5425 4.4291
3.9436 0.0000 101.7980 0.0000 231.2212 0.5519 4.1099
3.6306 0.0000 101.8032 0.0000 231.8515 0.5664 3.6031
3.2040 0.0000 101.7874 0.0000 232.4481 0.5827 3.3220
2.6937 0.0000 101.7651 0.0000 232.4018 0.5989 3.2445
2.1902 0.0000 101.7411 0.0000 232.6833 0.6139 3.2093
1.6977 0.0000 101.7104 0.0000 233.5999 0.6269 2.9455
1.2079 0.0006 101.6817 0.0000 246.7314 0.6312 2.6794
0.7041 0.0033 101.6858 0.0000 274.8226 0.6233 2.7823
0.4241 0.0050 101.6968 0.0000 285.4492 0.6155 2.8986
0.2965 0.0089 101.6853 0.0068 286.1886 0.6129 3.1001
0.3433 0.0043 101.6494 38.9505 278.9490 0.6146 3.3687
