-2.2182 0.0019 103.0322 170.2822 253.2939 0.5020 3.0490
0.4519 0.0001 103.0388 374.7691 222.7861 0.5381 3.1929
3.2577 0.0000 103.0041 512.6539 221.5551 0.5310 3.0152
4.4529 0.0000 102.9018 571.4813 228.3196 0.5171 2.3372
5.2087 0.0000 102.7860 572.2839 230.5945 0.5147 1.7876
5.7636 0.0000 102.6890 511.9693 231.4817 0.5164 1.4298
6.1090 0.0000 102.6167 394.8801 231.2542 0.5167 1.2695
6.1106 0.0000 102.5756 230.9432 231.5918 0.5194 1.2886
5.8114 0.0000 102.5665 60.3370 231.3118 0.5236 1.5341
5.4059 0.0000 102.5874 0.0032 230.9610 0.5279 2.0721
4.9810 0.0000 102.5967 0.0000 231.7712 0.5336 2.6902
4.5212 0.0000 102.5817 0.0000 231.2306 0.5422 3.4704
4.0314 0.0000 102.5545 0.0000 229.7310 0.5551 4.2701
3.4863 0.0000 102.5429 0.0000 229.2574 0.5724 4.7449
2.8875 0.0000 102.5589 0.0000 228.7583 0.5909 4.7683
2.2426 0.0000 102.5591 0.0000 228.4712 0.6055 4.6653
1.5946 0.0000 102.5265 0.0000 228.0242 0.6145 4.8556
0.9720 0.0000 102.5056 0.0000 228.3560 0.6174 4.8442
0.3740 0.0002 102.4964 0.0000 239.2551 0.6123 4.1203
-0.2094 0.0042 102.4812 0.0000 261.0791 0.5982 3.5700
-0.6846 0.0106 102.4552 0.0000 276.9556 0.5797 3.5341
-0.8425 0.0071 102.4294 0.0000 279.2194 0.5696 3.5925
-0.8340 0.0048 102.4032 0.0000 274.1723 0.5666 3.9052
-0.7007 0.0036 102.3653 32.9363 272.9789 0.5667 4.1427
