-0.3771 0.0008 101.8107 140.5541 260.5321 0.5456 4.8472
1.2365 0.0000 101.8315 352.2072 224.6632 0.5490 4.6244
3.5728 0.0000 101.7992 502.7447 223.8380 0.5248 4.7760
5.3489 0.0000 101.7045 588.7055 228.0918 0.4966 4.5448
6.3609 0.0000 101.5887 604.5819 230.5011 0.4908 4.0939
7.0710 0.0000 101.4813 550.4971 233.3548 0.4910 3.9336
7.3943 0.0000 101.4018 429.0422 236.9997 0.4959 4.0125
7.3493 0.0000 101.3628 266.9176 239.3128 0.5011 4.1501
6.8514 0.0000 101.3513 91.2144 240.1130 0.5152 4.5540
6.0914 0.0000 101.3559 1.3642 239.1717 0.5263 5.3316
5.4180 0.0000 101.3586 0.0000 237.6634 0.5272 5.6522
4.8485 0.0000 101.3595 0.0000 236.1928 0.5282 5.2848
4.3600 0.0000 101.3646 0.0000 235.1275 0.5300 4.6240
3.9158 0.0000 101.3677 0.0000 236.4820 0.5326 4.2710
3.4869 0.0000 101.3547 0.0000 240.7498 0.5368 3.9977
3.0831 0.0000 101.3307 0.0000 248.7675 0.5418 3.6169
2.7424 0.0000 101.3066 0.0000 257.1912 0.5460 3.2034
2.4604 0.0000 101.2865 0.0000 263.0555 0.5495 3.0963
2.1674 0.0000 101.2586 0.0000 266.6286 0.5532 3.3468
1.8369 0.0000 101.2208 0.0000 269.8483 0.5576 3.8129
1.5228 0.0000 101.1847 0.0000 274.2859 0.5623 4.0903
1.3514 0.0000 101.1498 0.0000 275.8618 0.5675 4.2157
1.3257 0.0000 101.1081 0.0000 276.0390 0.5724 4.3821
1.4284 0.0000 101.1130 23.1064 275.7930 0.5767 3.5361
