-0.2123 0.0015 101.6734 156.2518 254.8944 0.5572 5.5608
1.5509 0.0001 101.6943 369.0210 221.0246 0.5632 5.2383
3.9849 0.0000 101.6609 512.8663 223.5561 0.5450 5.3526
5.8957 0.0000 101.5711 593.8847 230.0750 0.5090 5.1036
6.9510 0.0000 101.4601 606.7545 234.3450 0.4968 4.6748
7.6574 0.0000 101.3536 551.8320 238.1143 0.4941 4.5676
7.9851 0.0000 101.2739 431.4096 241.4927 0.4978 4.6497
7.9431 0.0000 101.2337 271.1364 243.1609 0.5031 4.8570
7.3810 0.0000 101.2185 95.7218 243.2068 0.5205 5.3237
6.4253 0.0000 101.2268 1.9082 241.1902 0.5359 6.2651
5.5573 0.0000 101.2369 0.0000 238.6682 0.5397 6.6130
4.8899 0.0000 101.2504 0.0000 236.6325 0.5430 6.0537
4.3873 0.0000 101.2545 0.0000 236.2194 0.5444 5.5636
3.9811 0.0000 101.2597 0.0000 244.5986 0.5450 5.1297
3.6488 0.0000 101.2466 0.0000 252.0077 0.5457 4.6115
3.3594 0.0000 101.2189 0.0000 259.1355 0.5460 4.2626
3.1184 0.0000 101.1949 0.0000 265.6814 0.5459 4.0800
2.9029 0.0000 101.1709 0.0000 270.1317 0.5464 4.0841
2.6622 0.0000 101.1391 0.0000 273.1868 0.5480 4.2705
2.3567 0.0000 101.0925 0.0000 277.7614 0.5511 4.5955
2.0333 0.0000 101.0564 0.0000 279.6828 0.5557 4.7602
1.8001 0.0000 101.0165 0.0000 280.4147 0.5619 4.9255
1.7400 0.0000 100.9788 0.0000 279.8230 0.5690 4.8996
1.8256 0.0000 101.0041 23.8636 274.3551 0.5749 3.8231
