-1.6390 0.0039 102.7184 168.3808 260.0435 0.5180 2.5226
0.4489 0.0004 102.7281 356.0094 240.7016 0.5463 2.7487
3.2515 0.0000 102.6876 492.5772 233.2438 0.5407 3.1099
4.7191 0.0000 102.5860 550.4693 240.4708 0.5210 2.6228
5.5844 0.0000 102.4697 578.0059 235.8330 0.5162 2.0872
6.2305 0.0000 102.3715 530.6518 233.0078 0.5152 1.7910
6.6205 0.0000 102.2949 413.3364 232.4986 0.5146 1.6966
6.6661 0.0000 102.2568 245.7286 233.1552 0.5153 1.7566
6.3504 0.0000 102.2477 68.8478 233.0237 0.5194 2.1826
5.8180 0.0000 102.2642 0.0320 232.1375 0.5238 3.0137
5.2704 0.0000 102.2746 0.0000 231.3432 0.5268 3.7194
4.7508 0.0000 102.2541 0.0000 230.6626 0.5309 4.3412
4.2927 0.0000 102.2272 0.0000 230.2882 0.5375 4.7385
3.8833 0.0000 102.2250 0.0000 230.2415 0.5486 4.6751
3.4926 0.0000 102.2403 0.0000 230.5823 0.5633 4.3000
3.0199 0.0000 102.2220 0.0000 230.9850 0.5783 4.1146
2.4771 0.0000 102.1964 0.0000 230.8297 0.5931 4.2219
1.9280 0.0000 102.1739 0.0000 230.8102 0.6078 4.1755
1.3893 0.0001 102.1571 0.0000 236.5847 0.6188 3.6251
0.8456 0.0009 102.1356 0.0000 253.5591 0.6209 3.2728
0.3083 0.0049 102.1258 0.0000 274.3530 0.6147 3.4226
-0.0402 0.0065 102.1193 0.0000 287.1293 0.6060 3.6991
-0.1511 0.0079 102.0984 0.0010 290.1965 0.6022 4.0508
0.0052 0.0026 102.0583 32.2088 284.4405 0.6060 4.3608
