4.7265 0.0041 103.0234 208.6978 267.2150 0.6167 5.9146
4.9266 0.0034 103.0491 362.3179 260.3257 0.6139 5.5694
5.1251 0.0027 103.0207 490.9867 253.0851 0.6147 5.2483
5.2778 0.0022 102.9285 554.3327 252.0719 0.6173 4.8225
5.3874 0.0021 102.8403 549.5998 251.9884 0.6184 4.3172
5.4388 0.0019 102.7626 481.0162 252.2968 0.6161 3.9081
5.4060 0.0013 102.7126 355.9604 252.7182 0.6120 3.6305
5.3112 0.0012 102.6858 201.3271 250.7892 0.6077 3.4480
5.1379 0.0007 102.6809 44.1558 249.6685 0.6045 3.3362
4.9971 0.0002 102.7019 0.0000 246.9180 0.6020 3.3672
4.9436 0.0001 102.7283 0.0000 241.3347 0.5998 3.3581
4.9034 0.0000 102.7283 0.0000 234.8526 0.6002 3.4499
4.8696 0.0000 102.7034 0.0000 233.9579 0.6004 3.6403
4.8672 0.0000 102.6780 0.0000 233.0454 0.6037 3.8522
4.8943 0.0000 102.6560 0.0000 232.9834 0.6112 3.9669
4.8361 0.0000 102.6336 0.0000 233.4208 0.6176 3.8763
4.7109 0.0000 102.6156 0.0000 233.5254 0.6228 3.8597
4.5876 0.0000 102.5967 0.0000 233.4490 0.6272 4.0506
4.4660 0.0000 102.5471 0.0000 233.2058 0.6313 4.3311
4.3663 0.0000 102.4880 0.0000 232.8681 0.6361 4.4657
4.3026 0.0000 102.4732 0.0000 232.8856 0.6405 4.5400
4.3576 0.0000 102.5043 0.0000 233.4011 0.6446 4.7007
4.4769 0.0000 102.5208 0.3834 236.1712 0.6484 4.5265
4.6611 0.0000 102.5045 68.5084 247.9059 0.6527 4.0788
