-2.2713 0.0021 102.9862 168.3082 254.3540 0.5002 3.0198
0.3974 0.0000 102.9928 375.0380 222.7021 0.5363 3.2110
3.2629 0.0000 102.9575 514.3595 221.1993 0.5294 3.1296
4.4916 0.0000 102.8546 567.5146 229.8854 0.5149 2.4591
5.2559 0.0000 102.7406 571.5575 231.3277 0.5125 1.8874
5.8198 0.0000 102.6424 516.0027 230.8699 0.5142 1.5302
6.1777 0.0000 102.5695 398.9429 230.6843 0.5143 1.3827
6.1838 0.0000 102.5273 233.7952 231.3423 0.5168 1.4037
5.8776 0.0000 102.5182 61.9586 231.2532 0.5214 1.6661
5.4539 0.0000 102.5378 0.0053 230.7792 0.5259 2.2400
5.0128 0.0000 102.5478 0.0000 230.6586 0.5309 2.8919
4.5499 0.0000 102.5309 0.0000 230.2898 0.5383 3.6742
4.0781 0.0000 102.5027 0.0000 229.6281 0.5496 4.4119
3.5790 0.0000 102.4943 0.0000 229.2917 0.5657 4.7631
3.0384 0.0000 102.5113 0.0000 229.0155 0.5845 4.6760
2.4273 0.0000 102.5067 0.0000 228.9558 0.6009 4.5922
1.7748 0.0000 102.4718 0.0000 228.5951 0.6134 4.8622
1.1204 0.0000 102.4551 0.0000 228.9107 0.6213 4.8465
0.4808 0.0002 102.4475 0.0000 240.7498 0.6199 4.1400
-0.1783 0.0050 102.4323 0.0000 266.4608 0.6054 3.6991
-0.7520 0.0144 102.4066 0.0000 286.0081 0.5831 3.6980
-0.9621 0.0093 102.3811 0.0000 285.5583 0.5709 3.7376
-0.9702 0.0057 102.3549 0.0000 281.2330 0.5681 4.0286
-0.8470 0.0043 102.3152 30.3569 278.9186 0.5684 4.2473
