1.3412 0.0044 103.0236 192.6301 263.3566 0.6146 4.6029
2.9966 0.0004 103.0382 371.1899 249.6241 0.6207 4.2769
4.8378 0.0000 102.9881 540.8002 230.3816 0.6087 3.7871
6.0981 0.0000 102.8842 602.1435 235.0674 0.5835 3.2571
7.0111 0.0000 102.7682 590.9587 239.7242 0.5656 2.7918
7.6158 0.0000 102.6693 521.8024 241.5482 0.5576 2.5522
7.9269 0.0000 102.6027 403.5049 239.7562 0.5556 2.5133
7.9382 0.0000 102.5722 234.2170 239.8686 0.5573 2.5316
7.6662 0.0000 102.5668 58.8222 239.9053 0.5651 2.8119
7.2067 0.0000 102.5901 0.0001 239.1140 0.5788 3.4386
6.7107 0.0000 102.6111 0.0000 237.8761 0.5941 3.9592
6.1786 0.0000 102.6038 0.0000 236.7325 0.6111 4.4471
5.6338 0.0000 102.5846 0.0000 235.6492 0.6304 4.8898
5.1147 0.0000 102.5613 0.0000 234.6571 0.6507 5.1323
4.7103 0.0000 102.5605 0.0000 234.0373 0.6657 4.9280
4.2768 0.0000 102.5486 0.0000 233.7710 0.6720 4.6229
3.8070 0.0000 102.5306 0.0000 232.8690 0.6716 4.5023
3.4089 0.0000 102.5153 0.0000 232.1576 0.6666 4.4072
3.0505 0.0001 102.4737 0.0000 234.9469 0.6580 4.3271
2.7121 0.0004 102.4283 0.0000 238.4068 0.6485 4.2243
2.4328 0.0003 102.4272 0.0000 239.6830 0.6430 4.2623
2.3681 0.0001 102.4629 0.0000 245.5335 0.6400 4.3688
2.4545 0.0001 102.4759 0.2144 256.9792 0.6382 4.2091
2.6198 0.0000 102.4455 55.4002 254.9446 0.6368 4.0354
