-1.5373 0.0011 102.8164 139.0767 259.4496 0.5136 4.3493
0.3905 0.0000 102.8381 293.6640 243.0807 0.5292 4.2616
2.8635 0.0000 102.8044 440.3835 237.2381 0.5152 4.3184
4.5148 0.0000 102.7081 552.8481 232.2575 0.4882 3.7073
5.5123 0.0000 102.5878 587.7541 227.8623 0.4800 3.0390
6.2197 0.0000 102.4785 535.4956 228.2155 0.4803 2.6361
6.6626 0.0000 102.3923 418.0716 229.7389 0.4792 2.4800
6.7872 0.0000 102.3499 253.9222 231.6665 0.4790 2.5664
6.5241 0.0000 102.3408 78.3755 232.8403 0.4851 2.9609
6.0624 0.0000 102.3428 0.3405 233.0008 0.4913 3.8225
5.5328 0.0000 102.3452 0.0000 232.9609 0.4973 4.7337
4.9359 0.0000 102.3248 0.0000 232.8844 0.5075 5.4660
4.2967 0.0000 102.3111 0.0000 232.7001 0.5203 5.6874
3.6801 0.0000 102.3318 0.0000 232.4876 0.5322 5.4182
3.1142 0.0000 102.3358 0.0000 232.2121 0.5419 5.4827
2.5333 0.0000 102.3007 0.0000 231.7687 0.5485 5.7410
1.9838 0.0000 102.2788 0.0000 233.8068 0.5529 5.4183
1.5466 0.0000 102.2841 0.0000 243.9867 0.5565 4.8800
1.2237 0.0000 102.2681 0.0000 250.4482 0.5588 4.8075
0.9700 0.0000 102.2248 0.0000 256.3294 0.5604 5.1058
0.7553 0.0000 102.1854 0.0000 259.7414 0.5637 5.5932
0.6200 0.0000 102.1503 0.0000 264.1485 0.5701 5.9609
0.5057 0.0003 102.1141 0.0000 269.3121 0.5784 6.2077
0.3741 0.0006 102.0728 25.3004 271.8605 0.5871 6.0736
