-2.1812 0.0019 103.0968 171.5009 253.6103 0.5047 3.0057
0.5447 0.0001 103.1034 374.8808 223.4894 0.5432 3.1385
3.2896 0.0000 103.0682 513.4126 221.6582 0.5375 2.8769
4.4473 0.0000 102.9653 576.8044 226.6946 0.5253 2.1977
5.2036 0.0000 102.8475 574.0178 229.7748 0.5232 1.6765
5.7584 0.0000 102.7531 507.2578 232.4779 0.5247 1.3119
6.0948 0.0000 102.6803 389.5658 232.3688 0.5253 1.1232
6.0871 0.0000 102.6412 226.4670 232.4755 0.5284 1.1242
5.7952 0.0000 102.6321 57.8544 231.8219 0.5323 1.3344
5.4133 0.0000 102.6556 0.0007 231.6581 0.5365 1.8282
5.0042 0.0000 102.6655 0.0000 234.3573 0.5434 2.4206
4.5343 0.0000 102.6525 0.0000 233.3896 0.5541 3.2222
3.9972 0.0000 102.6274 0.0000 230.1017 0.5695 4.1368
3.3627 0.0000 102.6112 0.0000 229.3923 0.5882 4.8099
2.6604 0.0000 102.6251 0.0000 228.4453 0.6047 5.0058
1.9560 0.0000 102.6315 0.0000 227.6926 0.6144 4.8539
1.3156 0.0000 102.6036 0.0000 227.0161 0.6163 4.8981
0.7462 0.0000 102.5759 0.0000 227.3364 0.6110 4.9120
0.2201 0.0001 102.5638 0.0000 236.0582 0.6003 4.1577
-0.2340 0.0028 102.5500 0.0000 252.2610 0.5871 3.3983
-0.5407 0.0055 102.5249 0.0000 262.1049 0.5741 3.2868
-0.5842 0.0038 102.5001 0.0000 268.8002 0.5673 3.3401
-0.4998 0.0029 102.4739 0.0000 261.2297 0.5650 3.6816
-0.3169 0.0020 102.4380 37.7380 261.8571 0.5658 3.9773
