-1.4622 0.0031 99.3663 191.6901 248.2924 0.5089 2.5443
0.5363 0.0002 99.3738 382.7823 230.0914 0.5252 2.8994
3.0177 0.0000 99.3374 535.3375 223.4026 0.5119 3.2241
5.0844 0.0000 99.2365 624.3859 223.2342 0.4831 2.7739
6.2269 0.0000 99.1228 628.5644 227.4199 0.4886 2.1506
6.9737 0.0000 99.0315 564.3590 230.7553 0.4998 1.7602
7.4211 0.0000 98.9659 439.0298 233.2122 0.5076 1.7519
7.4703 0.0000 98.9342 267.8271 234.7049 0.5140 1.9748
7.0357 0.0000 98.9324 82.6026 235.1635 0.5232 2.5886
6.2076 0.0000 98.9487 0.2552 233.8222 0.5298 3.5165
5.2700 0.0000 98.9597 0.0000 232.2772 0.5333 3.8978
4.3546 0.0000 98.9458 0.0000 231.2442 0.5356 4.0033
3.5770 0.0000 98.9345 0.0000 230.4845 0.5374 3.8600
3.0140 0.0000 98.9329 0.0000 230.1597 0.5390 3.5160
2.6265 0.0000 98.9395 0.0000 230.3881 0.5407 3.2078
2.2399 0.0000 98.9181 0.0000 231.1305 0.5411 2.9238
1.8667 0.0000 98.8965 0.0000 232.2014 0.5404 2.7880
1.5493 0.0000 98.8686 0.0000 235.8073 0.5395 2.7554
1.2507 0.0000 98.8279 0.0000 241.7638 0.5388 2.4077
0.9890 0.0000 98.8007 0.0000 256.4854 0.5386 1.9187
0.8135 0.0000 98.8006 0.0000 258.6901 0.5390 1.8211
0.7962 0.0000 98.7956 0.0000 254.4105 0.5411 2.1597
0.7902 0.0000 98.7821 0.0029 255.0907 0.5455 2.7264
0.7220 0.0010 98.7399 54.4969 244.0460 0.5494 3.4629
