-1.7820 0.0027 103.1119 170.4911 256.0246 0.5180 3.0928
0.8854 0.0003 103.1200 367.7371 228.8499 0.5525 3.1834
3.4353 0.0001 103.0828 514.5312 222.7357 0.5473 2.8959
4.5581 0.0000 102.9802 579.7285 226.9794 0.5370 2.2551
5.3071 0.0000 102.8625 575.9200 230.1296 0.5355 1.7606
5.8570 0.0000 102.7692 506.8288 233.2236 0.5366 1.3979
6.1725 0.0000 102.6974 386.8893 233.6871 0.5375 1.1978
6.1500 0.0000 102.6596 223.6542 233.8091 0.5405 1.1831
5.8432 0.0000 102.6520 55.9725 233.3393 0.5444 1.4206
5.4235 0.0001 102.6757 0.0000 234.7404 0.5496 1.9831
4.9576 0.0001 102.6892 0.0000 238.4039 0.5574 2.5908
4.4308 0.0001 102.6783 0.0000 237.1172 0.5680 3.3680
3.8454 0.0000 102.6545 0.0000 232.4194 0.5817 4.2667
3.1899 0.0000 102.6367 0.0000 229.5458 0.5968 4.9632
2.5160 0.0000 102.6477 0.0000 228.2595 0.6089 5.1599
1.8779 0.0000 102.6550 0.0000 227.2784 0.6143 4.9090
1.3225 0.0000 102.6309 0.0000 226.4803 0.6127 4.8237
0.8522 0.0000 102.6004 0.0000 226.6961 0.6049 4.8680
0.4205 0.0001 102.5814 0.0000 233.4917 0.5937 4.2310
0.0518 0.0020 102.5675 0.0000 245.7353 0.5824 3.4301
-0.1878 0.0032 102.5466 0.0000 252.5772 0.5726 3.2788
-0.1905 0.0023 102.5251 0.0000 260.6570 0.5677 3.2976
-0.0654 0.0017 102.5004 0.0017 254.6133 0.5663 3.5667
0.1483 0.0011 102.4651 41.1971 255.9028 0.5680 3.8612
