-0.7049 0.0065 101.8263 167.6484 264.9670 0.5419 2.3889
0.9891 0.0011 101.8350 338.5127 254.7683 0.5599 2.5078
3.2529 0.0000 101.7931 513.6823 231.8954 0.5563 2.8453
5.0979 0.0000 101.6857 579.6702 237.1202 0.5226 2.5335
6.1430 0.0000 101.5650 597.1889 236.0551 0.5168 2.1168
6.8424 0.0000 101.4677 543.5291 234.9464 0.5187 1.8947
7.2318 0.0000 101.3962 423.0764 235.2711 0.5209 1.9202
7.2631 0.0000 101.3600 253.3209 236.0426 0.5234 2.0934
6.8684 0.0000 101.3528 73.1246 235.8143 0.5292 2.6850
6.1367 0.0000 101.3715 0.0702 234.4289 0.5340 3.6671
5.3524 0.0000 101.3842 0.0000 232.8265 0.5364 4.1904
4.6367 0.0000 101.3702 0.0000 231.6145 0.5386 4.4377
4.0841 0.0000 101.3494 0.0000 230.9037 0.5421 4.4237
3.6834 0.0000 101.3450 0.0000 230.8473 0.5487 4.0354
3.3473 0.0000 101.3516 0.0000 231.2815 0.5591 3.4991
2.9307 0.0000 101.3344 0.0000 231.7732 0.5706 3.1699
2.4480 0.0000 101.3121 0.0000 231.7046 0.5824 3.0350
1.9781 0.0000 101.2885 0.0000 232.3402 0.5938 2.9735
1.5135 0.0000 101.2546 0.0000 233.7007 0.6044 2.7125
1.0519 0.0004 101.2256 0.0000 246.5323 0.6094 2.4675
0.5929 0.0025 101.2301 0.0000 272.0395 0.6048 2.5919
0.3333 0.0046 101.2395 0.0000 280.0071 0.5999 2.7613
0.1806 0.0094 101.2280 0.0068 281.6912 0.5987 3.0071
0.1764 0.0049 101.1914 40.9717 274.3094 0.6008 3.3434
