-1.1790 0.0014 100.7030 178.0366 244.7636 0.5176 3.7348
0.8638 0.0001 100.7110 358.9835 230.0358 0.5279 3.8147
3.6241 0.0000 100.6729 513.6014 226.0881 0.5008 3.9779
5.5459 0.0000 100.5752 604.9461 227.1376 0.4737 3.4430
6.5827 0.0000 100.4611 618.0032 229.0662 0.4774 2.8257
7.2612 0.0000 100.3650 561.3672 230.7607 0.4861 2.5680
7.6393 0.0000 100.2943 439.2505 233.0026 0.4932 2.6666
7.6154 0.0000 100.2602 270.6760 234.4421 0.4996 2.9177
7.0848 0.0000 100.2536 86.7736 235.0090 0.5124 3.5438
6.2127 0.0000 100.2673 0.5044 234.5681 0.5216 4.4742
5.3856 0.0000 100.2723 0.0000 234.2024 0.5258 4.8894
4.6991 0.0000 100.2525 0.0000 234.0543 0.5310 4.9682
4.1208 0.0000 100.2429 0.0000 233.8780 0.5367 4.6591
3.6771 0.0000 100.2489 0.0000 233.8087 0.5416 4.2062
3.3639 0.0000 100.2496 0.0000 234.4499 0.5451 3.9918
3.0697 0.0000 100.2218 0.0000 236.3407 0.5468 3.8742
2.8210 0.0000 100.1955 0.0000 241.1967 0.5475 3.7739
2.6261 0.0000 100.1709 0.0000 247.5887 0.5484 3.4570
2.4189 0.0000 100.1466 0.0000 256.9962 0.5491 2.8777
2.1860 0.0000 100.1208 0.0000 263.3851 0.5498 2.4884
1.9868 0.0000 100.1028 0.0000 263.5079 0.5504 2.6180
1.9557 0.0000 100.0870 0.0000 266.8088 0.5519 3.1552
2.0734 0.0000 100.0549 0.0000 261.1544 0.5542 3.9374
2.2476 0.0000 100.0121 43.1425 252.4872 0.5565 4.5432
