-1.3075 0.0045 103.0796 168.9519 260.4470 0.5365 3.2006
1.0727 0.0008 103.0915 346.6088 244.6431 0.5680 3.2982
3.5768 0.0001 103.0504 521.4162 224.4986 0.5631 3.0850
4.7801 0.0001 102.9471 584.0883 229.4093 0.5513 2.4723
5.5737 0.0000 102.8299 575.1678 233.8982 0.5478 1.9420
6.1588 0.0000 102.7365 511.4458 235.0118 0.5470 1.5728
6.4916 0.0000 102.6660 392.6185 234.6794 0.5476 1.3906
6.5013 0.0000 102.6277 227.1892 235.3609 0.5502 1.3546
6.2315 0.0000 102.6227 56.9571 234.9559 0.5546 1.5601
5.8448 0.0001 102.6431 0.0002 237.9341 0.5620 2.1635
5.3969 0.0001 102.6604 0.0000 240.1977 0.5725 2.8539
4.8687 0.0001 102.6495 0.0000 238.7580 0.5854 3.6776
4.2597 0.0000 102.6252 0.0000 234.9335 0.5997 4.5661
3.6019 0.0000 102.6074 0.0000 230.8753 0.6134 5.2283
2.9902 0.0000 102.6164 0.0000 229.7925 0.6246 5.3194
2.4294 0.0000 102.6181 0.0000 229.0056 0.6294 5.0244
1.9251 0.0000 102.5959 0.0000 228.1313 0.6280 4.9592
1.5141 0.0000 102.5673 0.0000 228.0798 0.6222 5.0894
1.1282 0.0001 102.5374 0.0000 234.4221 0.6134 4.6956
0.7381 0.0017 102.5210 0.0000 245.4595 0.6028 4.0266
0.4178 0.0032 102.5128 0.0000 251.7666 0.5924 3.9222
0.3361 0.0021 102.5073 0.0000 258.0767 0.5868 3.8649
0.4478 0.0011 102.4865 0.0113 261.9755 0.5859 3.8868
0.6999 0.0005 102.4512 38.6790 264.6583 0.5889 4.0440
