-2.0777 0.0007 102.8805 170.2081 246.0875 0.4979 3.7520
0.1958 0.0000 102.8983 367.2017 218.1791 0.5216 3.6966
3.1470 0.0000 102.8628 478.1764 227.8892 0.4995 3.5526
4.4747 0.0000 102.7655 545.1747 233.5426 0.4823 2.8281
5.2777 0.0000 102.6490 578.5266 227.6522 0.4823 2.2134
5.8768 0.0000 102.5423 525.9316 227.2148 0.4867 1.8905
6.2669 0.0000 102.4639 406.3230 228.7337 0.4888 1.7908
6.2928 0.0000 102.4215 240.8364 230.0524 0.4927 1.8765
5.9802 0.0000 102.4123 67.8892 230.8155 0.4993 2.3061
5.4894 0.0000 102.4283 0.0562 230.8348 0.5057 3.1658
4.9216 0.0000 102.4332 0.0000 230.6310 0.5111 4.0382
4.3114 0.0000 102.4130 0.0000 230.0485 0.5162 4.8418
3.7299 0.0000 102.3903 0.0000 229.3491 0.5214 5.3117
3.2368 0.0000 102.3937 0.0000 229.0089 0.5283 5.1914
2.8451 0.0000 102.4168 0.0000 229.1956 0.5376 4.8096
2.4468 0.0000 102.3888 0.0000 229.6368 0.5474 4.8854
1.9738 0.0000 102.3510 0.0000 229.6071 0.5586 4.9973
1.4276 0.0000 102.3521 0.0000 231.5943 0.5724 4.4661
0.9014 0.0001 102.3505 0.0000 240.6003 0.5851 3.9911
0.4248 0.0015 102.3172 0.0000 254.0653 0.5933 4.0516
-0.0294 0.0053 102.2772 0.0000 265.0748 0.5943 4.3391
-0.4194 0.0041 102.2428 0.0000 275.6190 0.5885 4.7351
-0.7841 0.0061 102.2112 0.0000 282.0114 0.5795 5.0064
-0.8977 0.0060 102.1686 24.1104 288.1817 0.5722 4.8831
