-0.4728 0.0020 101.4995 141.1074 260.5926 0.5470 5.0304
1.1408 0.0001 101.5218 356.5778 222.0204 0.5514 4.8009
3.4148 0.0000 101.4901 502.5089 223.0342 0.5342 5.0255
5.1822 0.0000 101.3985 583.6241 229.3059 0.5070 4.8834
6.2244 0.0000 101.2842 599.6066 232.5402 0.4981 4.4405
6.9764 0.0000 101.1719 545.5141 236.4730 0.4957 4.2781
7.3600 0.0000 101.0909 427.0062 239.9885 0.4988 4.3381
7.3594 0.0000 101.0523 267.7769 241.8334 0.5029 4.5213
6.8567 0.0000 101.0358 94.2231 241.6913 0.5168 4.9680
6.0024 0.0000 101.0440 1.8542 239.6467 0.5296 5.8518
5.2428 0.0000 101.0538 0.0000 237.1387 0.5311 6.0905
4.6486 0.0000 101.0681 0.0000 235.1118 0.5319 5.4300
4.1857 0.0000 101.0753 0.0000 234.4703 0.5313 4.7992
3.7953 0.0000 101.0743 0.0000 240.1656 0.5303 4.3783
3.4509 0.0000 101.0598 0.0000 247.4607 0.5299 3.9023
3.1439 0.0000 101.0322 0.0000 257.1090 0.5304 3.5494
2.8854 0.0000 101.0096 0.0000 263.1720 0.5312 3.3807
2.6493 0.0000 100.9844 0.0000 267.5812 0.5328 3.4613
2.3838 0.0000 100.9513 0.0000 270.8677 0.5353 3.8159
2.0427 0.0000 100.9039 0.0000 275.9139 0.5399 4.2450
1.6752 0.0000 100.8678 0.0000 278.1998 0.5465 4.3634
1.3866 0.0000 100.8283 0.0000 279.5305 0.5546 4.4566
1.2315 0.0000 100.7932 0.0000 279.0481 0.5636 4.3648
1.2640 0.0000 100.8232 21.6228 275.0487 0.5704 3.2017
