-2.1549 0.0003 102.7961 166.8948 242.8499 0.4909 4.0088
-0.0096 0.0000 102.8156 344.6650 220.7970 0.5095 3.7141
2.9155 0.0000 102.7824 467.9959 226.9747 0.4785 3.4862
4.3422 0.0000 102.6871 548.6306 229.4002 0.4580 2.8185
5.1488 0.0000 102.5670 576.8229 225.3545 0.4582 2.2570
5.7278 0.0000 102.4615 522.1176 225.8719 0.4634 1.9660
6.0956 0.0000 102.3832 404.7149 227.1121 0.4665 1.9029
6.1070 0.0000 102.3408 240.7979 228.4782 0.4706 2.0214
5.7738 0.0000 102.3317 68.8465 229.5452 0.4769 2.5071
5.2403 0.0000 102.3418 0.0887 229.5706 0.4823 3.4043
4.6261 0.0000 102.3473 0.0000 229.1579 0.4865 4.2337
3.9771 0.0000 102.3277 0.0000 228.4923 0.4909 4.9499
3.3581 0.0000 102.3080 0.0000 227.8786 0.4954 5.3149
2.8490 0.0000 102.3137 0.0000 227.7417 0.5012 5.1335
2.4637 0.0000 102.3356 0.0000 228.1132 0.5092 4.8173
2.0915 0.0000 102.3058 0.0000 228.6414 0.5182 4.9608
1.6656 0.0000 102.2756 0.0000 229.1981 0.5285 4.9485
1.2152 0.0000 102.2787 0.0000 233.6124 0.5414 4.3540
0.8091 0.0000 102.2738 0.0000 241.1242 0.5553 4.0570
0.4708 0.0000 102.2287 0.0000 247.6685 0.5702 4.1880
0.1482 0.0000 102.1821 0.0000 253.3131 0.5804 4.5462
-0.2076 0.0008 102.1423 0.0000 260.5049 0.5820 5.0075
-0.6477 0.0050 102.1102 0.0000 270.4350 0.5759 5.2289
-0.9097 0.0060 102.0717 24.4816 281.1715 0.5677 5.0157
