-1.5801 0.0040 103.0814 169.4138 259.8661 0.5278 3.1086
0.8572 0.0006 103.0924 352.4992 241.0273 0.5626 3.2181
3.4703 0.0001 103.0530 521.1702 224.0426 0.5590 3.0610
4.6803 0.0001 102.9497 582.6682 229.2863 0.5461 2.4274
5.4636 0.0000 102.8329 573.3762 233.9682 0.5421 1.8759
6.0448 0.0000 102.7396 511.5919 234.6450 0.5412 1.5002
6.3875 0.0000 102.6682 394.2796 233.8862 0.5413 1.3184
6.4089 0.0000 102.6286 228.6570 234.5761 0.5435 1.2894
6.1467 0.0000 102.6223 57.9423 234.2296 0.5479 1.4790
5.7750 0.0001 102.6432 0.0002 236.0355 0.5548 2.0355
5.3573 0.0001 102.6583 0.0000 237.4178 0.5643 2.7033
4.8725 0.0001 102.6462 0.0000 236.3508 0.5766 3.5313
4.3196 0.0000 102.6205 0.0000 233.6885 0.5916 4.4275
3.7034 0.0000 102.6027 0.0000 230.8595 0.6081 5.0828
3.0875 0.0000 102.6144 0.0000 230.0009 0.6233 5.1975
2.4825 0.0000 102.6152 0.0000 229.3435 0.6320 4.9750
1.9157 0.0000 102.5913 0.0000 228.5323 0.6332 4.9932
1.4316 0.0000 102.5635 0.0000 228.6956 0.6284 5.1366
0.9598 0.0001 102.5375 0.0000 237.1764 0.6185 4.6608
0.4897 0.0023 102.5232 0.0000 251.7743 0.6051 3.9588
0.1263 0.0042 102.5129 0.0000 259.8076 0.5922 3.8500
0.0235 0.0028 102.5053 0.0000 265.3596 0.5854 3.7889
0.1224 0.0015 102.4827 0.0078 267.4814 0.5844 3.8637
0.3795 0.0006 102.4474 37.2707 267.8452 0.5878 4.0564
