-0.7353 0.0044 103.0985 168.8181 259.7494 0.5498 3.4083
1.6988 0.0009 103.1104 352.0670 239.6137 0.5691 3.3564
3.7558 0.0001 103.0694 513.5675 225.6298 0.5625 2.9962
4.8018 0.0001 102.9686 580.9736 228.8680 0.5557 2.4584
5.5217 0.0001 102.8528 578.8862 231.1750 0.5558 2.0274
6.0489 0.0000 102.7595 508.8079 233.9356 0.5561 1.6886
6.3069 0.0000 102.6915 382.7793 236.0773 0.5575 1.4896
6.2504 0.0000 102.6558 219.6257 236.1284 0.5596 1.4607
5.8978 0.0001 102.6520 53.0640 236.3712 0.5637 1.8146
5.3617 0.0003 102.6738 0.0000 241.6976 0.5708 2.5894
4.7408 0.0003 102.6949 0.0000 246.7668 0.5796 3.2338
4.0809 0.0002 102.6878 0.0000 244.9523 0.5880 3.9055
3.4097 0.0000 102.6660 0.0000 237.7276 0.5949 4.6468
2.7658 0.0000 102.6482 0.0000 229.5223 0.5996 5.2274
2.2443 0.0000 102.6534 0.0000 227.7340 0.6018 5.2754
1.8281 0.0000 102.6588 0.0000 226.5818 0.6003 4.8086
1.4933 0.0000 102.6406 0.0000 225.7200 0.5957 4.4972
1.2426 0.0000 102.6081 0.0000 225.5008 0.5894 4.5559
1.0205 0.0001 102.5757 0.0000 228.2545 0.5828 4.2331
0.7985 0.0008 102.5579 0.0000 233.8068 0.5773 3.5359
0.6091 0.0013 102.5446 0.0000 238.0543 0.5719 3.3668
0.6156 0.0009 102.5289 0.0000 246.7002 0.5689 3.3538
0.7602 0.0007 102.5081 0.0060 245.8573 0.5686 3.4424
0.9767 0.0004 102.4728 46.5274 248.2365 0.5710 3.6708
