-0.4992 0.0005 100.4223 167.7098 254.4153 0.5501 4.8726
1.5593 0.0000 100.4401 391.9465 216.9228 0.5644 4.4758
4.4282 0.0000 100.4117 532.8962 221.1129 0.5426 4.4728
6.5467 0.0000 100.3218 612.5944 228.0033 0.5014 4.0637
7.6660 0.0000 100.2135 622.9645 232.5013 0.4912 3.6841
8.3464 0.0000 100.1163 565.4539 236.6235 0.4910 3.7566
8.5857 0.0000 100.0444 440.0587 240.4068 0.4968 4.0091
8.4288 0.0000 100.0090 275.8212 242.5118 0.5031 4.2730
7.7159 0.0000 99.9992 96.4598 242.9793 0.5206 4.7695
6.5895 0.0000 100.0077 1.6324 241.1867 0.5350 5.5542
5.5303 0.0000 100.0206 0.0000 238.6780 0.5391 5.7820
4.7233 0.0000 100.0211 0.0000 236.5188 0.5419 5.2809
4.1469 0.0000 100.0243 0.0000 235.4982 0.5431 4.7380
3.7098 0.0000 100.0309 0.0000 241.7013 0.5438 4.3776
3.3670 0.0000 100.0234 0.0000 248.0069 0.5449 3.9232
3.1029 0.0000 99.9977 0.0000 255.6742 0.5456 3.5783
2.9198 0.0000 99.9682 0.0000 263.2319 0.5467 3.2884
2.7857 0.0000 99.9449 0.0000 269.0883 0.5486 3.1531
2.6267 0.0000 99.9186 0.0000 271.6632 0.5513 3.1084
2.4466 0.0000 99.8829 0.0000 275.0125 0.5539 3.4056
2.2698 0.0000 99.8490 0.0000 277.4593 0.5569 3.6790
2.2489 0.0000 99.8212 0.0000 277.3283 0.5607 3.9622
2.4006 0.0000 99.7774 0.0000 276.3972 0.5646 4.2978
2.6115 0.0000 99.7793 27.7521 274.3861 0.5682 3.5860
