-1.9934 0.0026 103.0725 172.2964 258.7060 0.5145 2.9101
0.4240 0.0002 103.0833 366.0001 234.4751 0.5534 3.0065
3.2245 0.0001 103.0472 521.1517 224.0890 0.5528 2.9820
4.4557 0.0000 102.9439 575.6439 231.1119 0.5369 2.3341
5.2113 0.0000 102.8295 566.5822 235.8384 0.5307 1.7382
5.7866 0.0000 102.7361 514.7000 233.8558 0.5284 1.3636
6.1468 0.0000 102.6629 399.4540 232.4180 0.5269 1.1951
6.2100 0.0000 102.6208 233.2507 233.0337 0.5273 1.1785
5.9811 0.0000 102.6119 60.8198 232.8278 0.5311 1.3412
5.6554 0.0000 102.6323 0.0005 232.2408 0.5366 1.8015
5.3243 0.0000 102.6430 0.0000 231.8470 0.5436 2.4130
4.9621 0.0000 102.6267 0.0000 231.5487 0.5543 3.2313
4.5548 0.0000 102.5985 0.0000 231.3372 0.5708 4.1042
4.0413 0.0000 102.5807 0.0000 231.1475 0.5935 4.6999
3.4366 0.0000 102.5975 0.0000 230.9268 0.6180 4.8193
2.7510 0.0000 102.5936 0.0000 230.6771 0.6363 4.7536
2.0550 0.0000 102.5677 0.0000 230.0169 0.6448 4.9529
1.4201 0.0000 102.5417 0.0000 230.2576 0.6447 5.1320
0.7869 0.0002 102.5234 0.0000 242.1286 0.6351 4.5303
0.1565 0.0029 102.5103 0.0000 264.6194 0.6168 3.8038
-0.3133 0.0061 102.4988 0.0000 276.9626 0.5981 3.7106
-0.4793 0.0045 102.4916 0.0000 281.4595 0.5881 3.6588
-0.4038 0.0022 102.4657 0.0013 279.8506 0.5868 3.8097
-0.1319 0.0008 102.4304 34.8294 274.8442 0.5911 4.0535
