3.0186 0.0046 103.0484 197.4898 255.4485 0.6144 5.2018
3.9452 0.0020 103.0682 345.8390 252.6374 0.5973 4.7516
4.6664 0.0011 103.0320 510.0671 234.4468 0.5957 4.2915
5.2726 0.0006 102.9310 586.4531 232.5531 0.5954 3.8222
5.7476 0.0004 102.8254 587.2964 232.1970 0.5943 3.3573
6.0473 0.0002 102.7449 511.9131 235.0699 0.5932 3.0133
6.1316 0.0001 102.6870 384.1104 235.5230 0.5921 2.8219
6.0096 0.0001 102.6578 218.2623 235.1466 0.5897 2.7638
5.5892 0.0001 102.6567 49.4791 235.6636 0.5914 3.0442
4.9762 0.0002 102.6809 0.0000 238.9676 0.5969 3.6984
4.4035 0.0002 102.7072 0.0000 237.6111 0.6003 3.9931
3.9391 0.0001 102.7103 0.0000 234.2635 0.5998 4.1989
3.6486 0.0001 102.6822 0.0000 229.2959 0.5966 4.4890
3.5111 0.0000 102.6592 0.0000 227.1611 0.5930 4.7390
3.4956 0.0000 102.6452 0.0000 226.4655 0.5912 4.6063
3.4430 0.0000 102.6394 0.0000 226.5273 0.5905 4.1642
3.2928 0.0000 102.6249 0.0000 226.0320 0.5896 4.0126
3.0948 0.0000 102.5936 0.0000 225.6174 0.5897 4.2437
2.8865 0.0000 102.5444 0.0000 225.0181 0.5909 4.5230
2.6976 0.0000 102.5010 0.0000 224.6648 0.5940 4.4575
2.5178 0.0000 102.5022 0.0000 224.9009 0.5974 4.5013
2.4891 0.0000 102.5185 0.0000 226.7531 0.6008 4.5575
2.6187 0.0000 102.5181 0.1303 235.4141 0.6047 4.2228
2.8674 0.0000 102.4904 52.8402 248.3017 0.6104 3.9212
