-2.1002 0.0006 102.8996 172.1443 244.6423 0.4963 3.6483
0.2292 0.0000 102.9130 365.7950 217.5145 0.5176 3.5212
3.0856 0.0000 102.8790 486.0714 224.6024 0.4930 3.2521
4.3562 0.0000 102.7819 553.0795 230.0587 0.4762 2.5689
5.1228 0.0000 102.6653 573.8575 227.5336 0.4761 2.0207
5.6782 0.0000 102.5616 519.6319 227.3758 0.4805 1.7229
6.0248 0.0000 102.4876 400.9275 228.3809 0.4827 1.6449
6.0286 0.0000 102.4452 237.6319 228.9873 0.4860 1.7441
5.7011 0.0000 102.4361 65.5758 229.6039 0.4912 2.1673
5.2080 0.0000 102.4504 0.0334 229.5627 0.4955 2.9336
4.6689 0.0000 102.4567 0.0000 229.3246 0.4993 3.6508
4.1133 0.0000 102.4380 0.0000 228.8119 0.5039 4.3536
3.5799 0.0000 102.4141 0.0000 228.1676 0.5100 4.8329
3.1026 0.0000 102.4130 0.0000 227.8947 0.5193 4.8258
2.6877 0.0000 102.4348 0.0000 228.1335 0.5324 4.5181
2.2480 0.0000 102.4170 0.0000 228.6351 0.5464 4.5618
1.7394 0.0000 102.3809 0.0000 228.7122 0.5605 4.7451
1.1872 0.0000 102.3763 0.0000 230.4518 0.5751 4.3217
0.6741 0.0001 102.3747 0.0000 239.7252 0.5863 3.8096
0.1870 0.0021 102.3390 0.0000 253.9485 0.5912 3.7793
-0.2876 0.0066 102.3001 0.0000 267.9794 0.5872 4.0179
-0.6499 0.0052 102.2637 0.0000 273.0482 0.5799 4.3854
-1.0001 0.0070 102.2352 0.0000 277.7365 0.5708 4.6697
-1.1542 0.0071 102.1958 26.1310 283.7038 0.5623 4.5979
