-2.1697 0.0002 102.6002 147.4718 245.8102 0.4853 4.3291
-0.2660 0.0000 102.6232 304.2223 231.3963 0.5044 3.9147
2.5427 0.0000 102.5988 449.6750 229.2881 0.4853 3.8611
4.3454 0.0000 102.5034 553.9594 226.5343 0.4563 3.3196
5.2217 0.0000 102.3770 577.5485 224.8179 0.4509 2.7172
5.8349 0.0000 102.2696 523.4446 226.0423 0.4517 2.3748
6.2330 0.0000 102.1873 408.2196 227.6216 0.4523 2.2543
6.2825 0.0000 102.1449 246.1060 229.6272 0.4547 2.3492
5.9862 0.0000 102.1344 74.7675 230.6624 0.4605 2.8020
5.4782 0.0000 102.1349 0.2883 230.5398 0.4657 3.6991
4.8736 0.0000 102.1373 0.0000 230.1488 0.4701 4.6043
4.1970 0.0000 102.1197 0.0000 229.7816 0.4767 5.3193
3.5161 0.0000 102.1067 0.0000 229.4936 0.4847 5.5676
2.9178 0.0000 102.1270 0.0000 229.3972 0.4928 5.3379
2.4189 0.0000 102.1301 0.0000 229.4186 0.5013 5.3578
1.9308 0.0000 102.0956 0.0000 229.4992 0.5091 5.5640
1.4639 0.0000 102.0827 0.0000 232.6772 0.5157 5.1552
1.0998 0.0000 102.0875 0.0000 241.6250 0.5214 4.7339
0.8339 0.0000 102.0695 0.0000 247.2351 0.5268 4.7226
0.6258 0.0000 102.0204 0.0000 254.6516 0.5331 4.9915
0.4543 0.0000 101.9660 0.0000 254.7205 0.5424 5.4233
0.3391 0.0000 101.9268 0.0000 255.1081 0.5560 5.7330
0.2098 0.0001 101.8869 0.0000 260.7807 0.5694 5.8926
-0.0081 0.0006 101.8553 24.3126 267.5997 0.5789 5.6843
