0.9049 0.0003 101.5811 165.1442 249.2487 0.5944 6.8541
2.3929 0.0000 101.6120 357.6305 231.4789 0.5955 6.4061
4.4919 0.0000 101.5903 501.4759 233.4537 0.5829 6.0440
6.4802 0.0000 101.5114 586.0567 238.4202 0.5428 5.4544
7.8752 0.0000 101.3929 603.1048 242.8336 0.5110 4.8655
8.7301 0.0000 101.2752 553.6844 245.8580 0.5048 4.6558
9.1915 0.0000 101.1914 435.4737 248.0649 0.5068 4.6211
9.3178 0.0000 101.1406 279.1933 248.6762 0.5112 4.7922
8.8854 0.0000 101.1235 104.5482 248.3823 0.5276 5.0969
7.8438 0.0000 101.1323 3.3895 246.9451 0.5493 5.8134
6.6732 0.0000 101.1751 0.0000 245.8334 0.5655 6.1019
5.7012 0.0000 101.1988 0.0000 246.5932 0.5769 6.1181
4.9790 0.0000 101.2059 0.0000 259.6465 0.5828 5.9478
4.4929 0.0000 101.2235 0.0000 267.1194 0.5869 5.3958
4.1851 0.0000 101.2107 0.0000 271.8995 0.5873 5.3708
4.0053 0.0000 101.1750 0.0000 276.0023 0.5838 5.5773
3.9369 0.0000 101.1453 0.0000 279.9420 0.5791 5.5903
3.9485 0.0000 101.1191 0.0000 283.4936 0.5763 5.5378
3.9938 0.0000 101.0721 0.0000 286.5438 0.5757 5.5955
3.9981 0.0000 101.0250 0.0000 288.2987 0.5775 5.4920
3.9324 0.0000 100.9720 0.0000 288.0858 0.5810 5.5762
3.7640 0.0000 100.9118 0.0000 286.1875 0.5865 5.9778
3.4615 0.0000 100.9253 0.0000 265.8254 0.5949 5.1971
3.2104 0.0000 100.9793 30.1137 256.7389 0.6009 4.0426
