0.1612 0.0063 102.8538 167.2632 272.5885 0.5827 3.1804
1.8343 0.0008 102.8670 337.7535 260.5451 0.5986 2.9996
3.9934 0.0000 102.8177 529.3053 230.7081 0.5957 2.8395
5.6163 0.0000 102.7076 586.3288 237.7441 0.5600 2.4406
6.7181 0.0000 102.5851 589.9938 239.3079 0.5382 2.0992
7.4074 0.0000 102.4823 528.8201 239.7117 0.5319 1.9976
7.7860 0.0000 102.4116 411.3454 238.2149 0.5307 2.0774
7.8221 0.0000 102.3799 241.3263 238.8924 0.5320 2.2088
7.4984 0.0000 102.3708 64.4699 238.6264 0.5374 2.6447
6.9350 0.0000 102.3940 0.0069 237.2696 0.5447 3.4108
6.3699 0.0000 102.4111 0.0000 235.8936 0.5527 3.9267
5.8487 0.0000 102.4016 0.0000 234.8036 0.5646 4.3059
5.3635 0.0000 102.3771 0.0000 234.1255 0.5831 4.5711
4.8802 0.0000 102.3593 0.0000 233.8604 0.6088 4.5687
4.4054 0.0000 102.3631 0.0000 233.9337 0.6363 4.1992
3.8537 0.0000 102.3513 0.0000 234.0616 0.6568 3.8801
3.2511 0.0000 102.3343 0.0000 233.4745 0.6694 3.7010
2.7128 0.0000 102.3180 0.0000 232.9177 0.6749 3.5584
2.2148 0.0003 102.2789 0.0000 239.4812 0.6720 3.4633
1.7109 0.0011 102.2410 0.0000 251.7987 0.6600 3.3451
1.2838 0.0021 102.2462 0.0000 266.8630 0.6464 3.3991
1.1408 0.0025 102.2772 0.0000 275.5203 0.6381 3.3460
1.1657 0.0042 102.2793 0.0811 276.0878 0.6347 3.2280
1.3142 0.0021 102.2454 47.4976 268.6980 0.6337 3.2089
