-1.6328 0.0037 97.8723 138.9025 252.8934 0.5024 4.9781
0.0499 0.0003 97.9020 326.9614 229.0296 0.5074 4.6891
2.1284 0.0000 97.8806 478.2005 227.9466 0.5118 4.2590
4.1042 0.0000 97.8058 571.9386 228.7622 0.4970 3.3607
5.6123 0.0000 97.6938 597.8995 230.3616 0.4802 2.6750
6.5858 0.0000 97.5892 545.2638 235.1563 0.4812 2.6501
7.1754 0.0000 97.5070 426.3836 239.3628 0.4844 2.6994
7.2463 0.0000 97.4709 271.7220 239.6286 0.4905 2.8524
6.6344 0.0000 97.4537 99.2837 238.2802 0.5021 3.4616
5.3391 0.0000 97.4622 2.5223 235.4657 0.5131 4.5440
4.0388 0.0000 97.4948 0.0000 232.0770 0.5136 4.5168
3.1314 0.0000 97.5152 0.0000 230.0063 0.5105 3.6816
2.5880 0.0000 97.5267 0.0000 231.5414 0.5054 3.1249
2.2835 0.0000 97.5250 0.0000 243.1062 0.4999 2.7042
2.1765 0.0000 97.5111 0.0000 250.8168 0.4958 2.4485
2.2479 0.0000 97.4761 0.0000 259.2134 0.4934 2.3340
2.4520 0.0000 97.4530 0.0000 264.4318 0.4929 2.3411
2.7020 0.0000 97.4271 0.0000 268.7697 0.4943 2.4413
2.9145 0.0000 97.3927 0.0000 274.6131 0.4972 2.6679
3.0095 0.0000 97.3473 0.0000 278.9183 0.5004 2.8285
2.9977 0.0000 97.3033 0.0000 281.2800 0.5032 2.8160
2.8418 0.0000 97.2459 0.0000 283.3163 0.5056 3.3835
2.4663 0.0000 97.2346 0.0000 281.3303 0.5083 3.6478
2.3096 0.0000 97.2793 16.6860 278.4823 0.5114 2.7299
