3.8349 0.0011 103.0057 235.0740 247.3660 0.6349 6.1995
4.8509 0.0002 103.0262 415.7021 237.5830 0.6280 5.7364
5.6626 0.0001 102.9850 551.5239 233.1199 0.6199 5.2700
6.2491 0.0001 102.8921 613.2375 234.5732 0.6185 4.7939
6.6846 0.0001 102.7895 603.1715 236.9258 0.6171 4.2312
7.0016 0.0000 102.7044 523.3773 240.3405 0.6144 3.8135
7.1092 0.0000 102.6448 396.2343 240.1128 0.6140 3.6142
7.0246 0.0000 102.6171 227.9802 238.8865 0.6149 3.5162
6.7466 0.0000 102.6150 52.9726 239.2227 0.6203 3.6103
6.3616 0.0001 102.6419 0.0000 239.5595 0.6300 3.9995
5.9808 0.0000 102.6659 0.0000 239.0643 0.6385 4.2978
5.6019 0.0000 102.6662 0.0000 236.7783 0.6444 4.6145
5.2812 0.0000 102.6467 0.0000 234.9253 0.6473 4.8893
5.0872 0.0000 102.6222 0.0000 233.7647 0.6486 5.0336
5.0303 0.0000 102.6048 0.0000 232.9792 0.6495 4.8949
4.9105 0.0000 102.5870 0.0000 232.8927 0.6488 4.6718
4.7084 0.0000 102.5685 0.0000 232.3646 0.6469 4.7102
4.4950 0.0000 102.5469 0.0000 231.9306 0.6464 4.8295
4.2654 0.0000 102.5055 0.0000 231.4603 0.6468 4.8937
4.0512 0.0000 102.4508 0.0000 231.0376 0.6482 4.8940
3.8634 0.0000 102.4374 0.0000 230.8624 0.6504 4.9845
3.8179 0.0000 102.4746 0.0000 231.2493 0.6517 5.2104
3.8848 0.0000 102.4963 0.4238 241.4157 0.6524 5.0871
4.0581 0.0000 102.4783 56.7789 256.4828 0.6539 4.7050
