-1.5043 0.0016 99.2112 200.1666 235.8229 0.5046 3.0399
0.5993 0.0001 99.2178 388.4134 223.6473 0.5178 3.2486
3.3309 0.0000 99.1815 535.7982 221.3883 0.4930 3.4714
5.2986 0.0000 99.0833 621.7651 223.2698 0.4674 2.9107
6.3381 0.0000 98.9751 628.3777 226.7151 0.4762 2.2475
7.0259 0.0000 98.8864 566.5003 229.6343 0.4890 1.9329
7.4438 0.0000 98.8204 442.1960 232.0543 0.4972 2.0423
7.4382 0.0000 98.7907 271.6717 233.3947 0.5039 2.3358
6.8892 0.0000 98.7889 85.7525 233.5491 0.5156 2.9949
5.9282 0.0000 98.8054 0.3557 232.5144 0.5240 3.8866
4.9772 0.0000 98.8153 0.0000 231.5623 0.5277 4.1494
4.2034 0.0000 98.7963 0.0000 231.2180 0.5309 4.1465
3.6046 0.0000 98.7837 0.0000 231.0430 0.5342 3.9091
3.2039 0.0000 98.7831 0.0000 231.0952 0.5370 3.5750
2.9530 0.0000 98.7871 0.0000 231.4516 0.5396 3.4051
2.6777 0.0000 98.7612 0.0000 233.4798 0.5407 3.3065
2.4244 0.0000 98.7385 0.0000 235.8486 0.5406 3.3328
2.2104 0.0000 98.7078 0.0000 240.6510 0.5405 3.2495
1.9982 0.0000 98.6734 0.0000 250.5487 0.5403 2.6540
1.8044 0.0000 98.6504 0.0000 260.4427 0.5404 1.9745
1.6723 0.0000 98.6424 0.0000 260.4603 0.5406 1.7364
1.6921 0.0001 98.6322 0.0000 262.2117 0.5419 2.1480
1.7699 0.0003 98.6099 0.0007 255.8536 0.5441 2.9775
1.8244 0.0005 98.5661 51.3796 245.8917 0.5461 3.9034
