-1.0256 0.0052 99.6759 188.5743 253.5700 0.5255 2.4777
0.8405 0.0004 99.6868 389.3276 231.6751 0.5390 2.7641
3.2209 0.0000 99.6431 549.1150 222.0841 0.5283 3.0181
5.3246 0.0000 99.5366 625.4709 226.3557 0.5044 2.7122
6.4333 0.0000 99.4220 628.1538 230.2443 0.5116 2.1977
7.2364 0.0000 99.3269 563.3530 233.2896 0.5201 1.8262
7.7038 0.0000 99.2597 436.7619 235.8005 0.5264 1.7914
7.7824 0.0000 99.2310 264.3717 237.6633 0.5312 1.9675
7.4165 0.0000 99.2250 79.5285 239.4672 0.5378 2.4912
6.7027 0.0000 99.2420 0.2104 238.4234 0.5425 3.3457
5.8472 0.0000 99.2586 0.0000 234.4612 0.5451 3.7829
4.9375 0.0000 99.2480 0.0000 232.9259 0.5472 3.9300
4.1102 0.0000 99.2395 0.0000 231.7059 0.5494 3.7727
3.4459 0.0000 99.2358 0.0000 231.0203 0.5519 3.3454
2.9217 0.0000 99.2375 0.0000 230.9586 0.5550 2.8748
2.3988 0.0000 99.2195 0.0000 230.7220 0.5568 2.4318
1.8927 0.0000 99.2029 0.0000 231.3650 0.5572 2.1666
1.4608 0.0000 99.1789 0.0000 234.6297 0.5571 2.1655
1.0652 0.0000 99.1316 0.0000 241.0051 0.5572 2.1328
0.7174 0.0000 99.0955 0.0000 256.1496 0.5573 1.9699
0.4430 0.0003 99.1013 0.0000 257.2955 0.5563 2.1492
0.2885 0.0010 99.1091 0.0000 252.4823 0.5544 2.4302
0.1265 0.0049 99.1065 0.0177 260.4118 0.5537 2.5469
-0.0208 0.0040 99.0713 52.9539 253.0936 0.5565 2.7679
