0.0523 0.0049 103.0928 167.9408 262.7987 0.5726 3.6585
2.4450 0.0010 103.1073 351.9651 241.1768 0.5789 3.4658
4.0153 0.0002 103.0637 510.9240 228.0302 0.5712 3.0357
4.9478 0.0001 102.9658 580.7848 230.0180 0.5673 2.5928
5.6080 0.0001 102.8528 578.6852 232.1007 0.5686 2.2306
6.0938 0.0001 102.7594 510.3945 233.8120 0.5682 1.9243
6.2869 0.0001 102.6940 378.1568 237.8595 0.5696 1.7300
6.1903 0.0001 102.6596 215.5130 237.4645 0.5707 1.7012
5.7734 0.0002 102.6584 50.3545 238.9604 0.5750 2.1897
5.0952 0.0004 102.6804 0.0000 246.4850 0.5834 3.1404
4.3140 0.0005 102.7067 0.0000 252.1466 0.5912 3.7525
3.5528 0.0003 102.7022 0.0000 250.1258 0.5956 4.2671
2.8698 0.0000 102.6817 0.0000 241.1783 0.5957 4.8198
2.3067 0.0000 102.6639 0.0000 229.0208 0.5922 5.2640
1.9523 0.0000 102.6652 0.0000 226.9086 0.5878 5.1971
1.7254 0.0000 102.6694 0.0000 225.6783 0.5829 4.5714
1.5657 0.0000 102.6550 0.0000 224.8480 0.5777 4.0705
1.4757 0.0000 102.6212 0.0000 224.3976 0.5734 4.1253
1.3952 0.0000 102.5799 0.0000 224.4573 0.5704 4.0226
1.2761 0.0000 102.5594 0.0000 225.7846 0.5689 3.3916
1.1317 0.0000 102.5497 0.0000 228.8250 0.5669 3.1903
1.1527 0.0000 102.5347 0.0000 237.5325 0.5656 3.1696
1.3109 0.0000 102.5164 0.0067 239.0658 0.5663 3.1725
1.5217 0.0000 102.4811 53.1050 238.5977 0.5692 3.3991
