-2.1440 0.0003 102.6929 157.2165 244.9180 0.4893 4.2063
-0.1317 0.0000 102.7148 322.5178 227.1663 0.5091 3.8586
2.7462 0.0000 102.6862 455.1314 229.5807 0.4847 3.7635
4.3517 0.0000 102.5909 551.5376 228.2874 0.4589 3.1423
5.1987 0.0000 102.4669 578.8912 224.9874 0.4557 2.5448
5.8017 0.0000 102.3599 524.1078 225.9064 0.4585 2.2194
6.1944 0.0000 102.2793 407.6918 227.3258 0.4600 2.1165
6.2321 0.0000 102.2369 244.2423 229.1544 0.4632 2.2163
5.9234 0.0000 102.2277 72.2828 230.2268 0.4696 2.6763
5.4109 0.0000 102.2325 0.1854 230.1820 0.4754 3.5791
4.8099 0.0000 102.2356 0.0000 229.8152 0.4804 4.4742
4.1471 0.0000 102.2167 0.0000 229.3550 0.4869 5.2203
3.4871 0.0000 102.2002 0.0000 228.9868 0.4941 5.5445
2.9185 0.0000 102.2152 0.0000 228.8947 0.5015 5.3219
2.4641 0.0000 102.2270 0.0000 229.0586 0.5096 5.1812
2.0264 0.0000 102.1926 0.0000 229.2355 0.5174 5.3937
1.5790 0.0000 102.1715 0.0000 230.6594 0.5245 5.1429
1.1803 0.0000 102.1770 0.0000 237.9420 0.5324 4.6019
0.8578 0.0000 102.1644 0.0000 244.3134 0.5407 4.4542
0.5970 0.0000 102.1194 0.0000 251.9910 0.5502 4.6556
0.3652 0.0000 102.0682 0.0000 254.3496 0.5604 5.0603
0.1493 0.0003 102.0300 0.0000 257.7508 0.5699 5.4483
-0.1086 0.0019 101.9925 0.0000 265.0558 0.5763 5.6456
-0.3531 0.0026 101.9554 24.5035 273.5967 0.5791 5.4583
