-0.3812 0.0005 101.4273 154.9285 256.4580 0.5488 4.8915
1.4576 0.0000 101.4449 372.6023 220.6154 0.5566 4.5908
4.1223 0.0000 101.4145 518.5341 222.2598 0.5299 4.7059
6.0708 0.0000 101.3198 601.7101 227.7829 0.4938 4.4119
7.1120 0.0000 101.2072 614.5858 231.0880 0.4851 4.0065
7.7765 0.0000 101.1075 558.6070 234.4082 0.4850 3.9586
8.0246 0.0000 101.0312 434.2576 238.1119 0.4908 4.1178
7.8945 0.0000 100.9940 270.7251 240.3743 0.4977 4.3049
7.2450 0.0000 100.9839 93.0351 241.1806 0.5158 4.7701
6.2553 0.0000 100.9904 1.4013 239.9311 0.5307 5.5664
5.3873 0.0000 100.9968 0.0000 238.0449 0.5342 5.8453
4.7350 0.0000 100.9952 0.0000 236.3555 0.5367 5.4216
4.2360 0.0000 100.9990 0.0000 235.2666 0.5389 4.7728
3.8107 0.0000 101.0047 0.0000 238.0730 0.5412 4.4106
3.4228 0.0000 100.9949 0.0000 243.8828 0.5445 4.0408
3.0759 0.0000 100.9690 0.0000 250.3600 0.5478 3.6285
2.7947 0.0000 100.9417 0.0000 258.9306 0.5504 3.2086
2.5696 0.0000 100.9229 0.0000 265.1580 0.5529 3.0516
2.3246 0.0000 100.8962 0.0000 267.8697 0.5558 3.1314
2.0550 0.0000 100.8629 0.0000 271.4298 0.5590 3.5080
1.8236 0.0000 100.8268 0.0000 275.0549 0.5626 3.8094
1.7670 0.0000 100.7951 0.0000 276.3540 0.5666 4.0012
1.8924 0.0000 100.7490 0.0000 275.5959 0.5704 4.2760
2.1029 0.0000 100.7456 23.4975 278.3895 0.5740 3.5517
