0.4642 0.0042 103.0580 182.0356 258.9536 0.5769 4.0698
2.4692 0.0011 103.0733 355.1518 247.0830 0.5902 4.0378
4.2393 0.0002 103.0282 528.3492 227.1012 0.5819 3.5998
5.2671 0.0002 102.9266 594.8247 229.7561 0.5743 3.0515
6.0134 0.0001 102.8114 579.8512 235.3364 0.5706 2.5535
6.5504 0.0001 102.7212 512.5921 236.6547 0.5688 2.2019
6.8093 0.0000 102.6544 390.4232 236.6680 0.5705 2.0334
6.7701 0.0000 102.6207 224.1348 236.7496 0.5735 1.9738
6.4628 0.0000 102.6196 53.6763 237.1901 0.5780 2.1795
6.0331 0.0001 102.6425 0.0000 240.7969 0.5860 2.7975
5.5598 0.0001 102.6650 0.0000 242.8092 0.5973 3.3874
5.0248 0.0001 102.6591 0.0000 239.1678 0.6099 4.0401
4.4317 0.0000 102.6362 0.0000 233.8025 0.6214 4.7673
3.8556 0.0000 102.6177 0.0000 230.5767 0.6285 5.3487
3.4102 0.0000 102.6139 0.0000 229.3403 0.6300 5.3412
3.0452 0.0000 102.6138 0.0000 228.6648 0.6259 4.9068
2.7324 0.0000 102.5956 0.0000 227.8248 0.6190 4.7060
2.4907 0.0000 102.5674 0.0000 227.1857 0.6122 4.8318
2.2913 0.0000 102.5234 0.0000 226.7369 0.6078 4.8047
2.1073 0.0000 102.4915 0.0000 226.5343 0.6065 4.4440
1.9043 0.0000 102.4920 0.0000 227.1202 0.6062 4.4452
1.8661 0.0000 102.5045 0.0000 232.3033 0.6060 4.4685
1.9995 0.0000 102.4970 0.0753 244.8851 0.6063 4.2573
2.2414 0.0000 102.4642 45.5412 255.1521 0.6082 4.1504
