-1.1504 0.0014 102.0461 108.1337 267.6630 0.5244 3.7342
0.4478 0.0000 102.0710 280.7188 238.9099 0.5262 3.9673
2.5705 0.0000 102.0433 450.0959 229.7564 0.5172 4.1364
4.5676 0.0000 101.9508 547.1798 230.7980 0.4967 3.9944
5.6316 0.0000 101.8253 573.3979 231.0577 0.4913 3.4522
6.3944 0.0000 101.7094 523.7479 234.2312 0.4877 3.1165
6.8157 0.0000 101.6206 410.8895 237.3798 0.4865 3.0055
6.8733 0.0000 101.5791 255.2306 239.0017 0.4868 3.0592
6.5269 0.0000 101.5659 86.7724 239.2910 0.4917 3.4392
5.9465 0.0000 101.5664 1.3990 238.1572 0.4955 4.2050
5.3712 0.0000 101.5717 0.0000 236.5280 0.4938 4.5683
4.8371 0.0000 101.5707 0.0000 234.9046 0.4931 4.3627
4.3503 0.0000 101.5791 0.0000 233.9319 0.4941 3.8905
3.9048 0.0000 101.5776 0.0000 233.9999 0.4961 3.7020
3.4548 0.0000 101.5628 0.0000 236.6119 0.5005 3.6106
3.0340 0.0000 101.5438 0.0000 245.9553 0.5066 3.1781
2.6870 0.0000 101.5218 0.0000 255.2727 0.5135 2.8460
2.3820 0.0000 101.5120 0.0000 261.0961 0.5213 2.6609
2.0710 0.0000 101.4844 0.0000 264.8945 0.5298 2.7381
1.7438 0.0000 101.4316 0.0000 270.1111 0.5386 3.1284
1.4387 0.0000 101.3846 0.0000 275.2972 0.5474 3.4704
1.2129 0.0000 101.3410 0.0000 278.3133 0.5551 3.9162
1.0252 0.0000 101.2985 0.0000 279.0675 0.5617 4.3947
0.9646 0.0004 101.3237 18.4321 275.6667 0.5677 3.9678
