-0.8587 0.0062 100.4396 177.2985 259.6814 0.5320 2.3356
0.9845 0.0008 100.4477 363.0925 243.6151 0.5477 2.5928
3.2312 0.0000 100.4042 538.0594 225.0966 0.5412 2.8863
5.3177 0.0000 100.2967 616.6178 227.9109 0.5090 2.5992
6.4676 0.0000 100.1777 620.8816 231.3943 0.5106 2.1419
7.2403 0.0000 100.0813 558.0678 233.6037 0.5179 1.8396
7.6848 0.0000 100.0128 431.9719 235.8918 0.5235 1.8443
7.7471 0.0000 99.9809 260.5308 237.2707 0.5278 2.0376
7.3501 0.0000 99.9761 77.4210 237.8890 0.5347 2.6238
6.5787 0.0000 99.9948 0.1452 237.3714 0.5399 3.5618
5.6812 0.0000 100.0098 0.0000 233.9762 0.5426 4.0116
4.7668 0.0000 100.0005 0.0000 232.4190 0.5448 4.1539
3.9871 0.0000 99.9875 0.0000 231.2624 0.5474 3.9975
3.4130 0.0000 99.9826 0.0000 230.7574 0.5510 3.5311
2.9807 0.0000 99.9862 0.0000 230.7994 0.5562 2.9933
2.5188 0.0000 99.9694 0.0000 230.9243 0.5609 2.5670
2.0332 0.0000 99.9496 0.0000 231.0450 0.5650 2.3137
1.5921 0.0000 99.9269 0.0000 232.8528 0.5687 2.2704
1.1690 0.0000 99.8828 0.0000 236.0862 0.5724 2.1726
0.7706 0.0002 99.8487 0.0000 251.0853 0.5744 2.0339
0.4190 0.0012 99.8557 0.0000 265.0739 0.5717 2.2174
0.2283 0.0026 99.8658 0.0000 263.9797 0.5683 2.4167
0.0706 0.0080 99.8612 0.0147 270.0683 0.5676 2.5369
-0.0109 0.0056 99.8257 48.4347 261.5240 0.5705 2.8013
