-0.6556 0.0023 100.7755 142.8324 257.4224 0.5393 5.2617
0.9866 0.0001 100.8001 350.7063 223.8356 0.5430 5.0133
3.2066 0.0000 100.7703 497.7763 224.3984 0.5316 5.0497
5.0234 0.0000 100.6830 580.9956 229.7151 0.5079 4.6887
6.2089 0.0000 100.5686 598.5811 232.9585 0.4963 4.1478
7.0422 0.0000 100.4563 545.1763 237.1265 0.4946 3.9817
7.5028 0.0000 100.3740 427.0266 240.7118 0.4976 4.0054
7.5467 0.0000 100.3344 269.0903 242.2354 0.5023 4.1703
7.0403 0.0000 100.3173 95.9486 241.8573 0.5158 4.6541
6.0738 0.0000 100.3258 2.1170 239.6201 0.5287 5.6216
5.1478 0.0000 100.3432 0.0000 236.8856 0.5309 5.8402
4.4386 0.0000 100.3619 0.0000 234.8380 0.5312 5.1731
3.9279 0.0000 100.3703 0.0000 235.6600 0.5293 4.6095
3.5470 0.0000 100.3698 0.0000 243.1177 0.5266 4.1639
3.2602 0.0000 100.3560 0.0000 250.2359 0.5244 3.7342
3.0468 0.0000 100.3262 0.0000 259.4406 0.5231 3.4687
2.9025 0.0000 100.3029 0.0000 264.8712 0.5230 3.3800
2.7876 0.0000 100.2770 0.0000 269.2074 0.5241 3.4768
2.6448 0.0000 100.2424 0.0000 273.0012 0.5264 3.8045
2.4155 0.0000 100.1938 0.0000 277.8414 0.5306 4.1507
2.1341 0.0000 100.1546 0.0000 279.9242 0.5364 4.2474
1.8670 0.0000 100.1096 0.0000 281.2553 0.5436 4.4692
1.6457 0.0000 100.0834 0.0000 280.5198 0.5515 4.3768
1.6129 0.0000 100.1213 21.2493 274.1121 0.5575 3.2222
