0.2120 0.0090 102.2975 161.5152 273.3281 0.5783 2.7453
1.8702 0.0013 102.3069 335.2149 261.4119 0.5924 2.5832
3.9644 0.0000 102.2524 536.3298 229.6586 0.5934 2.6062
5.8654 0.0000 102.1398 605.5481 234.4082 0.5572 2.4095
7.1211 0.0000 102.0147 610.7473 236.3447 0.5398 2.1432
7.9007 0.0000 101.9105 546.5925 237.9120 0.5371 2.0619
8.3269 0.0000 101.8372 419.3505 239.8648 0.5375 2.1733
8.3825 0.0000 101.8081 247.8664 240.7717 0.5387 2.3501
8.0119 0.0000 101.8015 68.6387 240.5934 0.5442 2.8844
7.3194 0.0000 101.8248 0.0236 240.9514 0.5509 3.7503
6.5832 0.0000 101.8432 0.0000 237.3176 0.5569 4.2143
5.9026 0.0000 101.8388 0.0000 235.8093 0.5659 4.3866
5.3309 0.0000 101.8167 0.0000 234.7248 0.5799 4.2874
4.8722 0.0000 101.8029 0.0000 234.2748 0.6001 3.8626
4.4708 0.0000 101.8003 0.0000 234.2641 0.6250 3.1974
3.9735 0.0000 101.7884 0.0000 234.4261 0.6465 2.6773
3.3885 0.0000 101.7715 0.0000 233.9323 0.6623 2.2964
2.8230 0.0000 101.7577 0.0000 233.4467 0.6721 2.0787
2.2670 0.0003 101.7136 0.0000 240.3899 0.6736 2.0967
1.6776 0.0011 101.6718 0.0000 255.6982 0.6653 2.2342
1.1356 0.0023 101.6783 0.0000 279.5039 0.6517 2.5686
0.8445 0.0038 101.7158 0.0000 284.7773 0.6407 2.6373
0.6719 0.0104 101.7243 0.1010 285.7440 0.6332 2.4882
0.6981 0.0069 101.6942 44.4846 282.6336 0.6302 2.3519
