-0.8648 0.0062 102.5905 166.1244 266.2231 0.5413 2.5234
0.7275 0.0008 102.6015 335.1643 255.3339 0.5611 2.5792
3.1879 0.0000 102.5622 495.9388 236.3694 0.5567 2.9423
4.8180 0.0000 102.4559 550.7527 244.1022 0.5292 2.5723
5.7268 0.0000 102.3378 579.4147 239.1467 0.5215 2.1361
6.3757 0.0000 102.2409 532.7051 235.6848 0.5193 1.9225
6.7326 0.0000 102.1673 417.6266 234.2195 0.5188 1.9168
6.7524 0.0000 102.1292 249.0385 234.7246 0.5199 2.0397
6.3999 0.0000 102.1201 70.5415 234.3928 0.5242 2.5710
5.7800 0.0000 102.1366 0.0411 233.1628 0.5284 3.5095
5.1594 0.0000 102.1470 0.0000 231.9859 0.5305 4.1020
4.6403 0.0000 102.1266 0.0000 231.1768 0.5329 4.4975
4.2517 0.0000 102.1014 0.0000 230.8501 0.5374 4.6729
3.9271 0.0000 102.0984 0.0000 231.0563 0.5468 4.4403
3.6017 0.0000 102.1076 0.0000 231.7065 0.5609 3.9903
3.1807 0.0000 102.0888 0.0000 232.3073 0.5766 3.7405
2.6863 0.0000 102.0662 0.0000 232.3137 0.5920 3.7163
2.1965 0.0000 102.0407 0.0000 232.6410 0.6068 3.6748
1.7119 0.0000 102.0161 0.0000 234.7393 0.6197 3.2552
1.2272 0.0006 101.9915 0.0000 247.0459 0.6250 2.8425
0.7391 0.0029 101.9909 0.0000 270.8111 0.6213 2.8969
0.4396 0.0047 101.9947 0.0000 283.1258 0.6171 3.1535
0.2875 0.0076 101.9769 0.0031 284.6840 0.6156 3.5670
0.3185 0.0031 101.9380 37.5646 278.8609 0.6170 3.9773
