0.2533 0.0068 102.7713 165.8577 272.5952 0.5832 3.0140
1.9536 0.0010 102.7835 340.0278 259.7000 0.5998 2.7754
4.1085 0.0000 102.7278 531.2463 230.7275 0.6018 2.6929
5.8619 0.0000 102.6167 597.1592 235.8385 0.5639 2.3922
7.0804 0.0000 102.4910 603.7797 236.8182 0.5411 2.0805
7.8322 0.0000 102.3849 540.0972 238.0664 0.5352 1.9836
8.2577 0.0000 102.3121 414.7166 239.3461 0.5337 2.0710
8.3184 0.0000 102.2826 243.7460 240.1983 0.5344 2.2286
7.9811 0.0000 102.2734 65.9082 239.9905 0.5397 2.7143
7.3483 0.0000 102.2977 0.0101 238.5928 0.5473 3.5587
6.6824 0.0000 102.3159 0.0000 237.0094 0.5552 4.0969
6.0831 0.0000 102.3106 0.0000 235.7045 0.5667 4.4077
5.5657 0.0000 102.2850 0.0000 234.8281 0.5846 4.5062
5.1096 0.0000 102.2694 0.0000 234.5065 0.6115 4.2967
4.6814 0.0000 102.2711 0.0000 234.5899 0.6438 3.7527
4.1554 0.0000 102.2592 0.0000 234.7608 0.6704 3.3382
3.5385 0.0000 102.2423 0.0000 234.2416 0.6883 3.0680
2.9537 0.0000 102.2291 0.0000 233.6765 0.6973 2.8546
2.3843 0.0005 102.1880 0.0000 245.6393 0.6933 2.8378
1.7627 0.0018 102.1468 0.0000 263.6266 0.6755 2.8832
1.2486 0.0026 102.1531 0.0000 283.0655 0.6563 3.0288
1.0513 0.0032 102.1905 0.0000 288.8881 0.6444 2.9619
1.0060 0.0063 102.1979 0.1010 282.2202 0.6387 2.8430
1.1231 0.0034 102.1650 48.3629 273.3706 0.6367 2.7866
