-1.4181 0.0002 98.0827 203.8005 236.5042 0.5076 3.7080
0.8683 0.0000 98.0934 414.2510 213.4013 0.5220 3.6768
3.7889 0.0000 98.0577 553.2701 217.6768 0.4987 3.7122
5.7642 0.0000 97.9714 630.6236 223.1791 0.4762 3.0179
6.8125 0.0000 97.8682 636.3719 227.1170 0.4820 2.2180
7.5563 0.0000 97.7812 573.8217 230.7108 0.4895 1.7675
7.9830 0.0000 97.7109 448.7322 233.7502 0.4969 1.8334
8.0131 0.0000 97.6845 278.5723 235.2046 0.5045 2.1245
7.5195 0.0000 97.6826 91.3540 235.7143 0.5156 2.7056
6.6225 0.0000 97.6950 0.6410 234.9879 0.5239 3.5249
5.6799 0.0000 97.7037 0.0000 234.2358 0.5284 3.8941
4.8708 0.0000 97.6931 0.0000 233.7668 0.5320 3.8423
4.2427 0.0000 97.6897 0.0000 233.3947 0.5353 3.4738
3.7931 0.0000 97.6912 0.0000 233.5156 0.5381 3.1718
3.4583 0.0000 97.6916 0.0000 235.8019 0.5406 3.0427
3.1231 0.0000 97.6720 0.0000 237.1666 0.5418 2.9378
2.8304 0.0000 97.6480 0.0000 242.8303 0.5414 2.9842
2.5970 0.0000 97.6150 0.0000 252.7084 0.5406 2.9492
2.3901 0.0000 97.5766 0.0000 262.3416 0.5396 2.5217
2.2176 0.0000 97.5552 0.0000 267.3873 0.5387 1.9496
2.1038 0.0000 97.5406 0.0000 263.0218 0.5377 1.9454
2.1219 0.0000 97.5319 0.0000 266.0926 0.5376 2.3098
2.1998 0.0000 97.5032 0.0000 257.2307 0.5380 3.0342
2.2472 0.0000 97.4699 44.3814 257.7330 0.5386 3.6722
