2.3822 0.0028 103.0481 203.6270 251.2723 0.6070 5.0682
3.6639 0.0011 103.0645 371.7809 243.4590 0.5980 4.6966
4.6851 0.0004 103.0260 529.2467 230.0883 0.5929 4.2258
5.3984 0.0003 102.9271 596.5135 230.9856 0.5922 3.7136
5.9693 0.0002 102.8169 589.5923 233.2534 0.5911 3.1927
6.3728 0.0001 102.7317 512.1176 236.9575 0.5889 2.8125
6.5256 0.0001 102.6714 388.9325 236.3009 0.5899 2.6194
6.4443 0.0001 102.6388 221.6784 236.1133 0.5908 2.5464
6.0983 0.0001 102.6377 51.2930 236.9776 0.5938 2.7566
5.6236 0.0002 102.6617 0.0000 240.8823 0.5998 3.3519
5.1593 0.0001 102.6869 0.0000 242.1656 0.6068 3.7738
4.7024 0.0001 102.6876 0.0000 236.9603 0.6122 4.1838
4.2795 0.0000 102.6609 0.0000 231.7329 0.6152 4.6452
3.9658 0.0000 102.6413 0.0000 229.5768 0.6158 4.9954
3.7984 0.0000 102.6299 0.0000 228.3902 0.6141 4.8811
3.6454 0.0000 102.6231 0.0000 228.1512 0.6104 4.4519
3.4539 0.0000 102.6076 0.0000 227.6242 0.6061 4.3320
3.2336 0.0000 102.5795 0.0000 227.1695 0.6039 4.5340
2.9982 0.0000 102.5316 0.0000 226.5666 0.6031 4.7040
2.7809 0.0000 102.4909 0.0000 226.1713 0.6040 4.5632
2.5705 0.0000 102.4898 0.0000 226.3457 0.6059 4.6273
2.5189 0.0000 102.5100 0.0000 228.5990 0.6080 4.7169
2.6374 0.0000 102.5101 0.1428 238.3569 0.6101 4.4368
2.8856 0.0000 102.4812 49.2086 253.5550 0.6134 4.1501
