-0.6369 0.0005 102.6438 124.5664 261.5715 0.5356 4.6049
0.8882 0.0000 102.6664 299.5072 237.8466 0.5378 4.4998
2.8888 0.0000 102.6366 461.8048 231.3467 0.5209 4.5648
4.6649 0.0000 102.5412 569.6195 228.4503 0.4951 4.2896
5.6806 0.0000 102.4221 590.9088 228.8460 0.4895 3.7329
6.4265 0.0000 102.3069 538.7825 230.7833 0.4876 3.3873
6.8251 0.0000 102.2249 420.4747 234.1587 0.4897 3.3075
6.9220 0.0000 102.1781 259.3061 236.5777 0.4911 3.3543
6.6686 0.0000 102.1638 85.6426 237.9002 0.4972 3.6445
6.2311 0.0000 102.1647 0.9581 237.9978 0.5019 4.3531
5.7613 0.0000 102.1652 0.0000 237.6578 0.5021 4.9559
5.2336 0.0000 102.1567 0.0000 236.8372 0.5051 5.0927
4.7018 0.0000 102.1612 0.0000 235.7895 0.5121 4.6745
4.2008 0.0000 102.1708 0.0000 234.9162 0.5216 4.4195
3.6910 0.0000 102.1561 0.0000 235.0767 0.5328 4.5819
3.1563 0.0000 102.1311 0.0000 239.1992 0.5449 4.3994
2.6672 0.0000 102.1136 0.0000 250.3259 0.5547 3.9274
2.2618 0.0000 102.1057 0.0000 257.0853 0.5619 3.8065
1.8930 0.0000 102.0797 0.0000 262.1271 0.5674 4.0855
1.5392 0.0000 102.0367 0.0000 264.5011 0.5715 4.6073
1.2300 0.0000 101.9904 0.0000 270.7205 0.5744 5.0392
1.0536 0.0000 101.9537 0.0000 274.3151 0.5771 5.1913
0.9759 0.0000 101.9119 0.0000 276.3817 0.5802 5.4154
0.9641 0.0000 101.9072 23.9090 271.4376 0.5846 4.7320
