2.4320 0.0023 103.0215 216.2762 248.9442 0.6277 5.6799
4.1364 0.0002 103.0360 408.2993 233.4186 0.6220 5.2035
5.4862 0.0001 102.9860 548.3176 229.3324 0.6053 4.5700
6.3743 0.0000 102.8899 609.9138 232.2828 0.5952 4.0265
7.0278 0.0000 102.7791 597.0657 236.5673 0.5881 3.4423
7.5402 0.0000 102.6860 517.1368 240.7847 0.5826 3.0414
7.7553 0.0000 102.6213 395.9604 239.6902 0.5828 2.8878
7.7030 0.0000 102.5939 228.9953 238.6412 0.5861 2.8272
7.4037 0.0000 102.5924 54.8580 238.9726 0.5948 3.0443
6.9085 0.0000 102.6169 0.0000 239.0665 0.6098 3.6692
6.3377 0.0000 102.6429 0.0000 237.8122 0.6239 4.1974
5.7129 0.0000 102.6387 0.0000 235.8016 0.6350 4.7230
5.1443 0.0000 102.6246 0.0000 233.7758 0.6418 5.1767
4.7374 0.0000 102.5995 0.0000 232.1285 0.6452 5.4131
4.5518 0.0000 102.5928 0.0000 230.9703 0.6434 5.1927
4.3422 0.0000 102.5810 0.0000 230.5715 0.6383 4.8565
4.0650 0.0000 102.5597 0.0000 229.7107 0.6320 4.8280
3.7975 0.0000 102.5412 0.0000 229.0634 0.6271 4.8803
3.5199 0.0000 102.4990 0.0000 228.4704 0.6242 4.8653
3.2455 0.0000 102.4479 0.0000 228.0329 0.6230 4.8368
2.9785 0.0000 102.4442 0.0000 227.7777 0.6231 4.9436
2.8714 0.0000 102.4792 0.0000 228.7731 0.6223 5.1472
2.9277 0.0000 102.4985 0.2747 246.9869 0.6220 4.9276
3.1094 0.0000 102.4708 53.0355 254.3310 0.6229 4.5887
