-0.8129 0.0003 99.3932 178.9880 250.0465 0.5354 4.4040
1.4530 0.0000 99.4065 403.5951 215.5115 0.5495 4.1459
4.3561 0.0000 99.3735 544.5161 219.7667 0.5291 4.0725
6.4201 0.0000 99.2890 622.3669 226.2866 0.4984 3.4569
7.5802 0.0000 99.1827 631.0478 230.6889 0.4907 2.8715
8.2911 0.0000 99.0880 571.7004 234.4010 0.4933 2.7887
8.5976 0.0000 99.0160 445.1950 238.5080 0.5002 3.0492
8.5045 0.0000 98.9870 278.6830 239.9273 0.5072 3.3399
7.8979 0.0000 98.9806 95.1185 240.7261 0.5212 3.8697
6.9015 0.0000 98.9917 1.2111 240.0509 0.5312 4.5942
5.8921 0.0000 98.9981 0.0000 238.6737 0.5343 4.8084
5.0531 0.0000 98.9951 0.0000 237.1510 0.5374 4.4385
4.4460 0.0000 98.9960 0.0000 235.9862 0.5400 3.8656
4.0182 0.0000 98.9968 0.0000 239.1519 0.5422 3.4811
3.7078 0.0000 98.9929 0.0000 243.0478 0.5444 3.1365
3.4736 0.0000 98.9719 0.0000 249.5409 0.5463 2.9184
3.3069 0.0000 98.9416 0.0000 257.9804 0.5480 2.8094
3.1819 0.0000 98.9129 0.0000 265.0260 0.5498 2.6641
3.0234 0.0000 98.8873 0.0000 270.9809 0.5513 2.3476
2.8408 0.0000 98.8587 0.0000 271.2719 0.5520 2.2901
2.6676 0.0000 98.8321 0.0000 273.0373 0.5523 2.6276
2.6437 0.0000 98.8162 0.0000 272.6316 0.5532 3.0313
2.7526 0.0000 98.7768 0.0000 266.9975 0.5545 3.6441
2.9073 0.0000 98.7591 33.4444 271.0139 0.5563 3.5850
