-0.1805 0.0075 101.9833 162.4448 266.6710 0.5572 2.3483
1.5883 0.0018 101.9904 331.0322 260.6295 0.5739 2.3643
3.5806 0.0000 101.9419 530.4901 228.4647 0.5733 2.5957
5.5008 0.0000 101.8321 593.4951 235.0303 0.5327 2.3775
6.6114 0.0000 101.7073 603.5621 236.0936 0.5247 2.0642
7.3331 0.0000 101.6075 546.4999 235.7999 0.5268 1.9209
7.7290 0.0000 101.5351 421.9736 237.2290 0.5290 2.0215
7.7613 0.0000 101.5007 251.6547 237.9925 0.5310 2.2363
7.3221 0.0000 101.4925 71.8834 237.6851 0.5369 2.8556
6.5020 0.0000 101.5154 0.0474 235.9881 0.5420 3.8453
5.6279 0.0000 101.5321 0.0000 234.0140 0.5445 4.3247
4.8354 0.0000 101.5254 0.0000 232.4276 0.5471 4.4589
4.2508 0.0000 101.5053 0.0000 231.4423 0.5515 4.2885
3.8694 0.0000 101.4966 0.0000 231.2718 0.5588 3.7412
3.5548 0.0000 101.4990 0.0000 231.6215 0.5706 3.0499
3.1242 0.0000 101.4860 0.0000 232.0358 0.5839 2.6651
2.5999 0.0000 101.4637 0.0000 231.7747 0.5984 2.4669
2.0766 0.0000 101.4443 0.0000 231.8509 0.6124 2.3806
1.5561 0.0000 101.4040 0.0000 232.0342 0.6253 2.3260
1.0239 0.0006 101.3692 0.0000 244.3530 0.6309 2.3911
0.4555 0.0038 101.3794 0.0000 282.1946 0.6202 2.7008
0.1287 0.0072 101.4021 0.0000 292.5146 0.6082 2.6505
-0.0590 0.0161 101.3981 0.0137 292.6545 0.6031 2.5081
-0.0143 0.0087 101.3682 36.7283 286.1165 0.6047 2.5105
