-1.9817 0.0020 102.8383 165.3796 252.5000 0.5034 3.3163
0.3037 0.0001 102.8516 354.2204 228.5767 0.5283 3.4905
3.2153 0.0000 102.8142 470.7027 232.4839 0.5135 3.6215
4.6172 0.0000 102.7148 545.8973 236.1291 0.4961 2.9495
5.4993 0.0000 102.5981 582.6720 229.6187 0.4941 2.3253
6.1496 0.0000 102.4922 531.1016 228.8600 0.4968 1.9841
6.5751 0.0000 102.4125 412.0172 230.0115 0.4977 1.8597
6.6228 0.0000 102.3719 245.6798 231.2340 0.5007 1.9391
6.3185 0.0000 102.3628 70.4608 231.7733 0.5070 2.3746
5.8289 0.0000 102.3769 0.0806 231.6179 0.5135 3.2718
5.2688 0.0000 102.3828 0.0000 231.4036 0.5189 4.1795
4.6536 0.0000 102.3623 0.0000 230.8494 0.5240 5.0022
4.0414 0.0000 102.3384 0.0000 230.2110 0.5293 5.4479
3.5134 0.0000 102.3453 0.0000 229.8373 0.5360 5.2769
3.0861 0.0000 102.3648 0.0000 229.8817 0.5442 4.8729
2.6467 0.0000 102.3398 0.0000 230.1425 0.5527 4.8586
2.1522 0.0000 102.3056 0.0000 229.9449 0.5627 4.9329
1.6237 0.0000 102.3008 0.0000 231.9039 0.5755 4.4827
1.1224 0.0001 102.2951 0.0000 240.4385 0.5870 3.9306
0.6480 0.0014 102.2655 0.0000 255.2252 0.5934 3.9480
0.1731 0.0057 102.2347 0.0000 268.6415 0.5940 4.2705
-0.1719 0.0050 102.2063 0.0000 277.7228 0.5913 4.6968
-0.4267 0.0056 102.1773 0.0000 283.9155 0.5879 5.0525
-0.4537 0.0040 102.1340 25.6907 286.8253 0.5870 5.1268
