3.2377 0.0009 103.0299 223.8934 245.5092 0.6258 5.7917
4.3923 0.0003 103.0456 406.2172 234.9277 0.6127 5.2766
5.2482 0.0001 103.0061 546.2814 230.0187 0.6046 4.7569
5.8742 0.0001 102.9110 607.7513 231.8603 0.6048 4.2452
6.3909 0.0001 102.8030 599.0825 234.2365 0.6035 3.6697
6.7815 0.0001 102.7163 515.7196 239.2041 0.5999 3.2476
6.9198 0.0001 102.6573 392.9175 238.0198 0.6008 3.0460
6.8425 0.0001 102.6260 224.7590 237.2963 0.6026 2.9551
6.5403 0.0001 102.6243 52.0107 238.2347 0.6069 3.1065
6.1293 0.0001 102.6491 0.0000 240.9120 0.6147 3.6180
5.7188 0.0001 102.6752 0.0000 242.1184 0.6231 4.0138
5.2845 0.0000 102.6765 0.0000 236.9243 0.6292 4.4129
4.8698 0.0000 102.6528 0.0000 233.0830 0.6319 4.7976
4.5960 0.0000 102.6319 0.0000 231.5729 0.6322 5.0322
4.4989 0.0000 102.6182 0.0000 230.2969 0.6298 4.8639
4.3867 0.0000 102.6052 0.0000 230.1021 0.6253 4.5101
4.2094 0.0000 102.5881 0.0000 229.6307 0.6210 4.4863
3.9850 0.0000 102.5651 0.0000 229.2075 0.6196 4.6576
3.7227 0.0000 102.5183 0.0000 228.5926 0.6193 4.8018
3.4745 0.0000 102.4698 0.0000 228.1053 0.6200 4.7755
3.2452 0.0000 102.4636 0.0000 227.9371 0.6218 4.8891
3.1702 0.0000 102.4951 0.0000 228.4591 0.6237 5.0743
3.2538 0.0000 102.5074 0.2634 239.1879 0.6250 4.8361
3.4737 0.0000 102.4822 52.0210 255.5590 0.6271 4.4474
