1.5657 0.0053 103.0779 179.3031 260.5228 0.5898 4.2415
3.0200 0.0016 103.0962 342.1010 249.1972 0.5884 3.9632
4.1349 0.0015 103.0582 499.4425 234.2911 0.5827 3.5518
4.8152 0.0012 102.9605 556.6291 239.4145 0.5772 3.1050
5.2813 0.0010 102.8535 562.8334 237.7144 0.5757 2.7098
5.5947 0.0006 102.7695 494.1605 239.4737 0.5743 2.3920
5.6944 0.0004 102.7080 369.8131 240.9880 0.5735 2.1838
5.5778 0.0004 102.6773 209.1044 240.8118 0.5722 2.1139
5.1996 0.0004 102.6762 47.6220 241.8344 0.5741 2.4361
4.6444 0.0004 102.6967 0.0000 244.0584 0.5794 3.1429
4.0794 0.0004 102.7213 0.0000 244.0655 0.5840 3.5324
3.5618 0.0002 102.7188 0.0000 242.2045 0.5862 3.8635
3.1306 0.0000 102.6964 0.0000 235.6740 0.5860 4.2959
2.8005 0.0000 102.6748 0.0000 228.3293 0.5840 4.6845
2.6200 0.0000 102.6667 0.0000 227.2793 0.5827 4.6354
2.4882 0.0000 102.6652 0.0000 226.7459 0.5809 4.1135
2.3473 0.0000 102.6528 0.0000 226.0195 0.5782 3.7550
2.2359 0.0000 102.6189 0.0000 225.5198 0.5757 3.9166
2.1371 0.0000 102.5736 0.0000 225.2929 0.5752 4.0614
2.0216 0.0000 102.5418 0.0000 225.7312 0.5764 3.7473
1.8906 0.0000 102.5376 0.0000 227.7161 0.5769 3.6492
1.9122 0.0000 102.5352 0.0000 233.4568 0.5776 3.6152
2.0700 0.0000 102.5209 0.0415 240.0651 0.5797 3.4347
2.2899 0.0000 102.4912 55.6727 241.0647 0.5838 3.4391
