1.5939 0.0000 102.1141 156.1606 258.2548 0.6228 6.4613
2.9904 0.0000 102.1449 339.9562 241.9832 0.6262 5.9772
5.0454 0.0000 102.1230 489.3298 241.8307 0.6141 5.7055
7.0343 0.0000 102.0463 579.4142 245.3381 0.5681 5.3868
8.3697 0.0000 101.9279 602.4296 247.5214 0.5274 5.0390
9.1634 0.0000 101.8103 559.9405 247.7451 0.5127 4.9908
9.5695 0.0000 101.7286 440.5480 249.6296 0.5101 5.1131
9.6547 0.0000 101.6778 283.9562 249.9312 0.5111 5.3851
9.2031 0.0000 101.6608 107.8250 249.5799 0.5276 5.5847
8.2222 0.0000 101.6746 3.7669 248.4794 0.5509 6.0102
7.1194 0.0000 101.7172 0.0000 247.9549 0.5679 6.2274
6.1451 0.0000 101.7316 0.0000 251.8129 0.5826 6.4400
5.3833 0.0000 101.7391 0.0000 264.3236 0.5940 6.2239
4.8497 0.0000 101.7584 0.0000 271.7843 0.6032 5.7706
4.4680 0.0000 101.7432 0.0000 275.9762 0.6089 5.8275
4.2022 0.0000 101.7073 0.0000 279.5568 0.6099 6.0403
4.0431 0.0000 101.6778 0.0000 283.7997 0.6077 5.9624
3.9613 0.0000 101.6515 0.0000 286.0785 0.6057 5.8510
3.9190 0.0000 101.6049 0.0000 288.1188 0.6049 5.8458
3.8615 0.0000 101.5625 0.0000 288.0894 0.6060 5.6622
3.7698 0.0000 101.5120 0.0000 286.2499 0.6082 5.6677
3.6266 0.0000 101.4522 0.0000 279.7375 0.6122 5.9218
3.3852 0.0000 101.4705 0.0000 255.0870 0.6206 4.9389
3.1654 0.0000 101.5219 33.3969 252.5639 0.6275 3.8543
