-0.4056 0.0006 102.5447 132.9280 263.1512 0.5418 4.8423
1.1555 0.0000 102.5647 323.5918 234.1835 0.5442 4.7290
3.3320 0.0000 102.5295 483.7024 229.3857 0.5197 4.7803
5.0855 0.0000 102.4316 582.5519 228.9289 0.4929 4.4400
6.0852 0.0000 102.3132 602.1788 229.4259 0.4908 3.9118
6.7962 0.0000 102.2034 548.4581 231.2104 0.4934 3.6334
7.1642 0.0000 102.1244 428.1765 234.2752 0.4981 3.6225
7.1918 0.0000 102.0816 264.4481 236.5247 0.5016 3.7030
6.8285 0.0000 102.0720 87.2119 237.9084 0.5122 4.0804
6.2775 0.0000 102.0725 0.8897 238.0643 0.5192 4.8908
5.7517 0.0000 102.0701 0.0000 237.8102 0.5192 5.4623
5.2101 0.0000 102.0597 0.0000 237.2263 0.5219 5.5336
4.6734 0.0000 102.0602 0.0000 236.4005 0.5283 5.0476
4.1638 0.0000 102.0699 0.0000 235.5374 0.5363 4.6642
3.6620 0.0000 102.0581 0.0000 235.9077 0.5449 4.5974
3.1588 0.0000 102.0348 0.0000 240.3179 0.5531 4.3255
2.7234 0.0000 102.0129 0.0000 250.1195 0.5592 3.8005
2.3881 0.0000 101.9967 0.0000 256.5447 0.5638 3.4663
2.0685 0.0000 101.9739 0.0000 262.5699 0.5676 3.5981
1.7195 0.0000 101.9367 0.0000 264.7732 0.5710 4.0306
1.3963 0.0000 101.9023 0.0000 269.3901 0.5736 4.4776
1.2373 0.0000 101.8715 0.0000 272.5417 0.5759 4.6978
1.2289 0.0000 101.8295 0.0000 273.0379 0.5781 5.0070
1.3352 0.0000 101.8143 28.0491 268.4734 0.5804 4.5207
