-0.4399 0.0011 101.6957 138.9577 261.2560 0.5445 4.8058
1.1607 0.0000 101.7169 352.1745 224.0412 0.5480 4.5926
3.4734 0.0000 101.6850 501.8002 223.5014 0.5254 4.7761
5.2330 0.0000 101.5908 586.5669 228.2248 0.4985 4.5788
6.2510 0.0000 101.4749 602.8181 230.6957 0.4923 4.1296
6.9755 0.0000 101.3659 548.7731 233.8374 0.4920 3.9654
7.3175 0.0000 101.2860 428.1391 237.4781 0.4965 4.0404
7.2848 0.0000 101.2474 266.7566 239.7128 0.5013 4.1866
6.7881 0.0000 101.2347 91.7318 240.2740 0.5150 4.5998
6.0123 0.0000 101.2402 1.4663 239.0684 0.5262 5.3928
5.3277 0.0000 101.2446 0.0000 237.3222 0.5270 5.6759
4.7603 0.0000 101.2485 0.0000 235.7190 0.5277 5.2246
4.2833 0.0000 101.2545 0.0000 234.7104 0.5287 4.5487
3.8545 0.0000 101.2558 0.0000 236.6727 0.5301 4.1822
3.4445 0.0000 101.2424 0.0000 241.6686 0.5331 3.8660
3.0620 0.0000 101.2175 0.0000 250.3754 0.5371 3.4892
2.7397 0.0000 101.1938 0.0000 258.2048 0.5406 3.1321
2.4673 0.0000 101.1724 0.0000 263.7564 0.5438 3.0765
2.1788 0.0000 101.1432 0.0000 267.2616 0.5473 3.3686
1.8431 0.0000 101.1034 0.0000 270.9783 0.5519 3.8388
1.5141 0.0000 101.0673 0.0000 274.9569 0.5574 4.0746
1.3134 0.0000 101.0316 0.0000 276.5601 0.5634 4.1846
1.2510 0.0000 100.9916 0.0000 276.5636 0.5695 4.2883
1.3348 0.0000 101.0024 22.4397 275.8613 0.5744 3.3639
