-0.1046 0.0014 101.2271 160.9191 249.0380 0.5581 6.3537
1.6582 0.0001 101.2530 360.0771 225.1804 0.5607 5.9983
3.9335 0.0000 101.2215 505.7817 226.8464 0.5508 5.8031
5.8811 0.0000 101.1374 588.2874 232.5930 0.5199 5.2343
7.1769 0.0000 101.0237 602.3929 237.5020 0.5018 4.6208
8.0384 0.0000 100.9117 549.8398 241.3246 0.4990 4.4270
8.5197 0.0000 100.8280 431.4032 244.4534 0.5022 4.3917
8.6005 0.0000 100.7823 273.4805 245.7476 0.5080 4.5537
8.1097 0.0000 100.7657 99.1224 245.5625 0.5243 5.0247
7.0522 0.0000 100.7742 2.5107 243.3872 0.5410 6.0963
5.9527 0.0000 100.7983 0.0000 240.7647 0.5476 6.5154
5.0785 0.0000 100.8231 0.0000 238.9436 0.5514 6.0945
4.4488 0.0000 100.8290 0.0000 243.3138 0.5513 5.8157
4.0135 0.0000 100.8365 0.0000 253.7889 0.5497 5.2951
3.7320 0.0000 100.8252 0.0000 259.8782 0.5471 4.8835
3.5420 0.0000 100.7940 0.0000 266.4141 0.5438 4.7418
3.4286 0.0000 100.7679 0.0000 271.1292 0.5415 4.7318
3.3553 0.0000 100.7421 0.0000 275.2668 0.5409 4.7694
3.2720 0.0000 100.7054 0.0000 278.8652 0.5417 4.9586
3.1134 0.0000 100.6538 0.0000 282.6883 0.5443 5.1373
2.8933 0.0000 100.6112 0.0000 283.9737 0.5486 5.2765
2.6529 0.0000 100.5607 0.0000 284.1383 0.5547 5.6174
2.4506 0.0000 100.5432 0.0000 281.9862 0.5620 5.3484
2.3783 0.0000 100.5899 26.3650 266.4068 0.5672 4.1396
