-2.3149 0.0002 102.7120 164.4777 240.7976 0.4829 3.9892
-0.1902 0.0000 102.7302 334.0239 221.3637 0.4999 3.5605
2.7045 0.0000 102.7001 468.8773 223.9808 0.4655 3.2525
4.2273 0.0000 102.6047 552.1264 226.1947 0.4422 2.6612
5.0134 0.0000 102.4833 570.6355 224.8513 0.4426 2.1704
5.5575 0.0000 102.3811 515.5784 225.5196 0.4479 1.9171
5.8914 0.0000 102.3042 401.4731 225.9484 0.4513 1.8881
5.8790 0.0000 102.2618 238.9237 227.1644 0.4552 2.0226
5.5201 0.0000 102.2527 68.0978 228.2310 0.4606 2.5396
4.9531 0.0000 102.2588 0.0865 228.1091 0.4641 3.4229
4.3172 0.0000 102.2657 0.0000 227.4905 0.4666 4.1659
3.6663 0.0000 102.2479 0.0000 226.7745 0.4695 4.7940
3.0524 0.0000 102.2277 0.0000 226.2405 0.4735 5.1129
2.5498 0.0000 102.2328 0.0000 226.2863 0.4793 4.9517
2.1635 0.0000 102.2544 0.0000 226.7928 0.4882 4.6807
1.7884 0.0000 102.2274 0.0000 227.4273 0.4988 4.8083
1.3706 0.0000 102.2025 0.0000 228.4118 0.5107 4.7627
0.9650 0.0000 102.2042 0.0000 233.9654 0.5243 4.2474
0.6189 0.0000 102.1967 0.0000 240.8076 0.5384 4.0260
0.3226 0.0000 102.1457 0.0000 246.8806 0.5537 4.1570
0.0304 0.0000 102.0960 0.0000 251.8921 0.5650 4.5250
-0.2806 0.0007 102.0530 0.0000 252.1912 0.5704 4.9557
-0.7020 0.0045 102.0229 0.0000 260.9794 0.5679 5.1441
-1.0352 0.0060 101.9870 26.0656 273.5787 0.5604 4.9346
