0.0398 0.0006 99.5162 156.1023 244.2689 0.5383 5.4234
2.1070 0.0001 99.5523 330.1843 236.6862 0.5412 4.9907
4.4593 0.0000 99.5379 481.4036 234.5662 0.5405 3.9473
6.6577 0.0000 99.4679 573.3255 236.7364 0.5092 2.6555
8.0772 0.0000 99.3518 592.8426 241.0548 0.4966 2.5645
8.9277 0.0000 99.2335 546.2280 243.7482 0.5019 2.6246
9.4618 0.0000 99.1488 430.3689 246.0892 0.5103 2.6170
9.6013 0.0000 99.0974 275.7810 246.9869 0.5196 2.5583
9.2686 0.0000 99.0787 103.2190 247.1095 0.5300 2.6086
8.4762 0.0000 99.0872 3.4810 246.8980 0.5394 2.9842
7.4752 0.0000 99.1313 0.0000 246.8585 0.5459 3.2279
6.5391 0.0000 99.1599 0.0000 247.6751 0.5509 3.1463
5.7970 0.0000 99.1770 0.0000 259.4693 0.5539 3.1689
5.2349 0.0000 99.1920 0.0000 266.6627 0.5565 3.1775
4.7861 0.0000 99.1829 0.0000 269.9000 0.5582 3.2579
4.4478 0.0000 99.1541 0.0000 273.5989 0.5573 3.3228
4.2522 0.0000 99.1301 0.0000 275.8904 0.5538 3.2202
4.1879 0.0000 99.1034 0.0000 280.6493 0.5491 2.9920
4.2371 0.0000 99.0625 0.0000 283.8793 0.5449 2.7675
4.3029 0.0000 99.0107 0.0000 286.3047 0.5426 2.6213
4.3436 0.0000 98.9428 0.0000 288.3484 0.5414 2.9196
4.3345 0.0000 98.8702 0.0000 288.8870 0.5429 3.8987
4.2247 0.0000 98.8959 0.0000 283.9725 0.5470 3.3441
4.0455 0.0002 98.9513 19.3246 276.9823 0.5508 2.5591
