0.0692 0.0058 102.9362 168.6687 272.5817 0.5822 3.3467
1.7151 0.0007 102.9505 335.4793 261.3901 0.5974 3.2238
3.8783 0.0000 102.9076 527.3642 230.6886 0.5896 2.9861
5.3707 0.0000 102.7986 575.4984 239.6496 0.5561 2.4890
6.3558 0.0000 102.6793 576.2079 241.7976 0.5353 2.1178
6.9826 0.0000 102.5796 517.5430 241.3570 0.5286 2.0115
7.3142 0.0000 102.5111 407.9742 237.0837 0.5277 2.0838
7.3258 0.0000 102.4773 238.9066 237.5865 0.5295 2.1891
7.0156 0.0000 102.4681 63.0316 237.2623 0.5350 2.5750
6.5218 0.0000 102.4903 0.0037 235.9463 0.5421 3.2630
6.0574 0.0000 102.5064 0.0000 234.7777 0.5502 3.7565
5.6143 0.0000 102.4926 0.0000 233.9028 0.5624 4.2040
5.1613 0.0000 102.4691 0.0000 233.4228 0.5816 4.6361
4.6509 0.0000 102.4492 0.0000 233.2142 0.6060 4.8408
4.1294 0.0000 102.4552 0.0000 233.2775 0.6288 4.6457
3.5521 0.0000 102.4433 0.0000 233.3625 0.6432 4.4221
2.9637 0.0000 102.4264 0.0000 232.7074 0.6504 4.3339
2.4718 0.0000 102.4069 0.0000 232.1588 0.6524 4.2621
2.0453 0.0001 102.3699 0.0000 233.3232 0.6505 4.0888
1.6591 0.0005 102.3352 0.0000 239.9709 0.6446 3.8069
1.3191 0.0017 102.3394 0.0000 250.6604 0.6365 3.7695
1.2302 0.0017 102.3640 0.0000 262.1525 0.6318 3.7301
1.3254 0.0020 102.3607 0.0612 269.9554 0.6306 3.6130
1.5053 0.0009 102.3257 46.6324 264.0254 0.6307 3.6312
