-0.4343 0.0089 101.0156 168.2109 265.7234 0.5475 2.3422
1.3026 0.0013 101.0233 349.8925 252.1288 0.5608 2.4819
3.4928 0.0000 100.9751 542.8758 225.2599 0.5547 2.7057
5.6279 0.0000 100.8631 614.3670 230.6026 0.5213 2.5094
6.7591 0.0000 100.7432 618.2513 233.7554 0.5224 2.1725
7.5408 0.0000 100.6442 555.4771 235.5828 0.5278 1.9596
7.9785 0.0000 100.5731 428.9559 237.7989 0.5320 2.0157
8.0368 0.0000 100.5429 257.4513 239.0058 0.5350 2.2100
7.6333 0.0000 100.5378 75.3637 239.4364 0.5411 2.7915
6.8586 0.0000 100.5570 0.1059 241.7032 0.5458 3.7138
5.9744 0.0000 100.5743 0.0000 235.4132 0.5480 4.1609
5.0840 0.0000 100.5676 0.0000 233.6475 0.5504 4.2755
4.3360 0.0000 100.5536 0.0000 232.3092 0.5542 4.0496
3.7935 0.0000 100.5461 0.0000 231.7305 0.5598 3.4854
3.3712 0.0000 100.5455 0.0000 231.6929 0.5678 2.8186
2.8943 0.0000 100.5313 0.0000 231.7870 0.5756 2.3134
2.3703 0.0000 100.5132 0.0000 231.6855 0.5827 1.9935
1.8765 0.0000 100.4930 0.0000 232.5384 0.5889 1.9299
1.3917 0.0000 100.4473 0.0000 234.6954 0.5948 1.9462
0.9184 0.0002 100.4090 0.0000 248.5507 0.5985 2.0019
0.4658 0.0016 100.4186 0.0000 268.0093 0.5953 2.3720
0.1423 0.0040 100.4385 0.0000 269.9470 0.5883 2.5336
-0.1349 0.0148 100.4381 0.0279 281.4066 0.5818 2.4087
-0.1949 0.0104 100.4074 43.1035 275.8309 0.5826 2.3645
