-2.1205 0.0014 102.8734 168.1350 250.2289 0.4993 3.3710
0.2877 0.0000 102.8861 370.9428 220.2328 0.5266 3.4834
3.2143 0.0000 102.8499 489.5234 226.4487 0.5113 3.4602
4.5335 0.0000 102.7500 548.2589 234.3605 0.4951 2.7804
5.3409 0.0000 102.6358 576.5549 229.6666 0.4939 2.1763
5.9422 0.0000 102.5312 526.3290 228.2835 0.4971 1.8460
6.3317 0.0000 102.4540 406.7849 229.4648 0.4981 1.7333
6.3541 0.0000 102.4121 240.8604 230.5993 0.5011 1.7963
6.0378 0.0000 102.4030 67.2781 231.0444 0.5068 2.1895
5.5552 0.0000 102.4191 0.0434 230.8624 0.5123 2.9862
5.0210 0.0000 102.4263 0.0000 230.6242 0.5169 3.8042
4.4575 0.0000 102.4058 0.0000 230.1257 0.5218 4.5942
3.9152 0.0000 102.3806 0.0000 229.5004 0.5278 5.1010
3.4345 0.0000 102.3831 0.0000 229.1717 0.5367 5.0444
3.0173 0.0000 102.4032 0.0000 229.2650 0.5485 4.6745
2.5607 0.0000 102.3813 0.0000 229.6251 0.5609 4.6696
2.0252 0.0000 102.3440 0.0000 229.5114 0.5748 4.8639
1.4303 0.0000 102.3398 0.0000 230.6006 0.5903 4.5124
0.8618 0.0001 102.3372 0.0000 240.0854 0.6014 3.9376
0.2963 0.0030 102.3102 0.0000 260.3219 0.6018 3.9000
-0.2596 0.0112 102.2768 0.0000 277.7190 0.5923 4.1243
-0.6047 0.0078 102.2465 0.0000 283.3116 0.5831 4.4114
-0.8224 0.0067 102.2176 0.0000 285.1118 0.5772 4.7130
-0.8420 0.0055 102.1743 25.5436 287.0960 0.5739 4.7424
