4.7042 0.0007 102.9846 251.0045 246.1877 0.6446 6.6309
5.3782 0.0001 103.0107 424.7871 240.5249 0.6395 6.1957
5.9651 0.0001 102.9718 556.5663 236.2078 0.6346 5.8319
6.4345 0.0001 102.8820 617.9531 237.0463 0.6356 5.3983
6.7608 0.0000 102.7841 608.3222 238.6570 0.6365 4.8502
6.9703 0.0000 102.7029 529.6114 241.3055 0.6358 4.4322
7.0244 0.0000 102.6443 399.3805 241.4323 0.6352 4.2233
6.9259 0.0000 102.6177 229.8463 240.1812 0.6350 4.1120
6.6623 0.0000 102.6161 53.1308 240.2130 0.6403 4.1402
6.3213 0.0000 102.6461 0.0000 239.7527 0.6495 4.3928
6.0189 0.0000 102.6670 0.0000 238.9123 0.6562 4.5643
5.7601 0.0000 102.6687 0.0000 237.6346 0.6603 4.7589
5.5829 0.0000 102.6494 0.0000 236.6412 0.6619 4.8988
5.5141 0.0000 102.6238 0.0000 235.9014 0.6629 4.9458
5.5268 0.0000 102.5994 0.0000 235.4850 0.6665 4.8358
5.4385 0.0000 102.5760 0.0000 235.5833 0.6695 4.7176
5.2534 0.0000 102.5594 0.0000 235.1375 0.6705 4.8242
5.0608 0.0000 102.5359 0.0000 234.7684 0.6721 4.9477
4.8563 0.0000 102.4991 0.0000 234.3846 0.6739 4.9947
4.6730 0.0000 102.4407 0.0000 233.9685 0.6766 5.0030
4.5325 0.0000 102.4191 0.0000 233.8045 0.6795 5.0676
4.5255 0.0000 102.4605 0.0000 234.0939 0.6812 5.3201
4.5890 0.0000 102.4875 0.5777 240.5560 0.6818 5.3064
4.7350 0.0000 102.4777 59.6206 259.1147 0.6828 4.9250
