-1.5257 0.0037 102.7801 170.1613 260.3757 0.5229 2.6078
0.4977 0.0004 102.7910 357.0397 241.2538 0.5508 2.7552
3.2158 0.0000 102.7518 499.3596 232.2721 0.5468 3.0391
4.6405 0.0000 102.6498 551.9572 240.3999 0.5270 2.5491
5.4790 0.0000 102.5344 574.3968 236.9706 0.5205 2.0186
6.1073 0.0000 102.4374 528.3975 233.6003 0.5181 1.7316
6.4831 0.0000 102.3616 411.7690 232.6639 0.5168 1.6437
6.5375 0.0000 102.3231 244.2423 233.2348 0.5168 1.6941
6.2451 0.0000 102.3140 67.7456 233.0606 0.5204 2.0744
5.7579 0.0000 102.3305 0.0245 232.1550 0.5247 2.8284
5.2710 0.0000 102.3408 0.0000 231.3906 0.5281 3.4873
4.8176 0.0000 102.3204 0.0000 230.8195 0.5332 4.1093
4.4108 0.0000 102.2931 0.0000 230.5978 0.5416 4.5571
4.0124 0.0000 102.2875 0.0000 230.6763 0.5554 4.5857
3.6014 0.0000 102.3020 0.0000 231.0618 0.5733 4.2805
3.0944 0.0000 102.2853 0.0000 231.4524 0.5907 4.1254
2.5185 0.0000 102.2606 0.0000 231.2354 0.6061 4.2530
1.9488 0.0000 102.2372 0.0000 231.0981 0.6200 4.2602
1.3961 0.0001 102.2196 0.0000 237.1702 0.6287 3.7403
0.8366 0.0010 102.1977 0.0000 255.5471 0.6272 3.3377
0.3003 0.0051 102.1900 0.0000 275.9568 0.6176 3.4411
-0.0174 0.0061 102.1870 0.0000 287.3880 0.6077 3.6418
-0.0854 0.0066 102.1660 0.0014 289.0835 0.6043 3.9263
0.0943 0.0022 102.1271 33.3565 282.7735 0.6082 4.2061
