0.3303 0.0006 101.3512 173.5940 249.0209 0.5782 5.7490
2.3177 0.0000 101.3736 380.3753 222.7687 0.5865 5.2683
4.8893 0.0000 101.3438 520.0083 227.8402 0.5750 5.1396
7.0349 0.0000 101.2567 600.3429 234.9257 0.5226 4.8533
8.1761 0.0000 101.1467 612.5055 240.4365 0.4984 4.6354
8.8023 0.0000 101.0434 558.9555 243.5433 0.4939 4.7547
9.0410 0.0000 100.9684 438.3133 246.3413 0.4968 4.9743
8.9143 0.0000 100.9265 278.4538 247.0190 0.5020 5.3023
8.2352 0.0000 100.9153 101.2807 246.3024 0.5229 5.6991
7.1070 0.0000 100.9238 2.4275 243.5867 0.5431 6.5577
6.1491 0.0000 100.9399 0.0000 240.7231 0.5483 6.9497
5.4072 0.0000 100.9529 0.0000 238.9222 0.5518 6.5912
4.8073 0.0000 100.9511 0.0000 243.0805 0.5543 6.4278
4.3186 0.0000 100.9626 0.0000 253.3456 0.5578 5.9209
3.9535 0.0000 100.9538 0.0000 260.9603 0.5604 5.4626
3.6731 0.0000 100.9263 0.0000 268.0890 0.5612 5.2347
3.4518 0.0000 100.8981 0.0000 272.8308 0.5609 5.1335
3.2441 0.0000 100.8720 0.0000 276.7515 0.5613 5.0452
3.0251 0.0000 100.8443 0.0000 279.6878 0.5622 5.1354
2.7746 0.0000 100.7980 0.0000 282.5511 0.5644 5.2859
2.5393 0.0000 100.7623 0.0000 283.1998 0.5678 5.3238
2.3867 0.0000 100.7199 0.0000 281.7973 0.5731 5.5757
2.3696 0.0000 100.6854 0.0000 277.3217 0.5803 5.4517
2.4294 0.0000 100.7252 34.6161 256.1698 0.5861 4.1921
