-1.4053 0.0034 99.3709 191.3876 250.7370 0.5119 2.4520
0.5542 0.0002 99.3800 387.4361 229.5309 0.5283 2.8331
2.9829 0.0000 99.3420 538.6865 223.2888 0.5175 3.1660
5.0655 0.0000 99.2398 625.3958 223.8142 0.4905 2.7622
6.2151 0.0000 99.1251 628.8747 228.0492 0.4963 2.1521
6.9911 0.0000 99.0325 564.2792 231.3820 0.5066 1.7306
7.4528 0.0000 98.9670 438.4746 233.8814 0.5140 1.6776
7.5235 0.0000 98.9356 266.7660 235.5844 0.5201 1.8706
7.1362 0.0000 98.9322 81.5396 236.6545 0.5281 2.4439
6.3767 0.0000 98.9484 0.2352 234.6735 0.5338 3.3555
5.4723 0.0000 98.9611 0.0000 232.8834 0.5371 3.7836
4.5326 0.0000 98.9484 0.0000 231.6182 0.5392 3.9347
3.6992 0.0000 98.9387 0.0000 230.6439 0.5407 3.8211
3.0616 0.0000 98.9372 0.0000 230.1369 0.5419 3.4696
2.5956 0.0000 98.9434 0.0000 230.2710 0.5432 3.1129
2.1426 0.0000 98.9233 0.0000 230.4183 0.5432 2.7616
1.7100 0.0000 98.9033 0.0000 231.2109 0.5420 2.5696
1.3469 0.0000 98.8767 0.0000 234.8530 0.5406 2.5593
1.0145 0.0000 98.8331 0.0000 240.6448 0.5395 2.3368
0.7295 0.0000 98.8030 0.0000 256.5026 0.5391 1.9500
0.5364 0.0000 98.8055 0.0000 257.0114 0.5392 1.9357
0.4948 0.0000 98.8033 0.0000 250.8577 0.5409 2.2576
0.4473 0.0000 98.7940 0.0053 254.0444 0.5452 2.6811
0.3244 0.0009 98.7534 55.6628 243.4909 0.5495 3.2730
