-1.0670 0.0019 101.6136 108.7639 269.8440 0.5271 3.7378
0.4963 0.0000 101.6364 288.7953 237.8070 0.5281 3.9417
2.6178 0.0000 101.6089 459.2854 228.8588 0.5173 4.1456
4.5540 0.0000 101.5178 552.5537 231.1298 0.4967 4.0136
5.6374 0.0000 101.3943 580.0142 231.0120 0.4914 3.4980
6.4347 0.0000 101.2792 529.8242 234.3745 0.4883 3.2237
6.8556 0.0000 101.1908 415.2427 237.8961 0.4885 3.1763
6.8929 0.0000 101.1511 258.7851 239.4838 0.4896 3.2538
6.4895 0.0000 101.1410 89.0133 239.5319 0.4957 3.6523
5.8189 0.0000 101.1424 1.5454 238.0108 0.5010 4.4038
5.1957 0.0000 101.1500 0.0000 235.9525 0.4993 4.5985
4.6700 0.0000 101.1512 0.0000 234.1455 0.4980 4.1590
4.2269 0.0000 101.1609 0.0000 233.2355 0.4979 3.5445
3.8306 0.0000 101.1567 0.0000 233.8924 0.4985 3.3101
3.4271 0.0000 101.1419 0.0000 237.3789 0.5013 3.1873
3.0502 0.0000 101.1191 0.0000 247.6217 0.5059 2.7972
2.7454 0.0000 101.0951 0.0000 256.6840 0.5113 2.4773
2.4835 0.0000 101.0834 0.0000 262.5755 0.5180 2.2892
2.2029 0.0000 101.0551 0.0000 265.5941 0.5259 2.3468
1.8885 0.0000 101.0053 0.0000 272.5282 0.5348 2.7095
1.5877 0.0000 100.9619 0.0000 277.2913 0.5440 2.9866
1.3574 0.0000 100.9164 0.0000 279.0262 0.5516 3.4611
1.1512 0.0000 100.8776 0.0000 278.8426 0.5578 3.9788
1.1048 0.0000 100.9032 18.9227 276.0683 0.5631 3.4961
