-1.8289 0.0007 102.7765 150.6614 252.0687 0.5028 4.2458
0.1579 0.0000 102.7983 312.6717 234.5508 0.5214 4.0690
2.8859 0.0000 102.7664 448.2951 234.1429 0.5027 4.0937
4.4713 0.0000 102.6703 551.9474 230.9530 0.4776 3.4472
5.3951 0.0000 102.5481 585.4165 226.4016 0.4721 2.7895
6.0576 0.0000 102.4387 532.0137 226.9715 0.4737 2.4141
6.4879 0.0000 102.3557 413.5831 228.8370 0.4739 2.2729
6.5715 0.0000 102.3133 249.3156 230.7457 0.4759 2.3615
6.2942 0.0000 102.3041 75.2823 231.8527 0.4826 2.7819
5.8194 0.0000 102.3088 0.2518 231.9462 0.4893 3.6744
5.2595 0.0000 102.3112 0.0000 231.8019 0.4956 4.6134
4.6236 0.0000 102.2908 0.0000 231.5310 0.5042 5.3947
3.9616 0.0000 102.2759 0.0000 231.2205 0.5141 5.6982
3.3606 0.0000 102.2939 0.0000 231.0073 0.5233 5.4464
2.8527 0.0000 102.3018 0.0000 230.9224 0.5316 5.3746
2.3511 0.0000 102.2667 0.0000 230.7796 0.5380 5.6111
1.8562 0.0000 102.2440 0.0000 232.2343 0.5431 5.3381
1.4295 0.0000 102.2494 0.0000 240.2652 0.5486 4.7672
1.0922 0.0000 102.2360 0.0000 246.9648 0.5539 4.6102
0.8233 0.0000 102.1940 0.0000 254.1433 0.5596 4.8404
0.5909 0.0000 102.1494 0.0000 257.2351 0.5667 5.2733
0.4033 0.0002 102.1142 0.0000 263.0045 0.5744 5.6719
0.2052 0.0012 102.0762 0.0000 270.0286 0.5812 5.9136
0.0292 0.0016 102.0367 24.3854 275.4283 0.5868 5.7710
