0.3177 0.0063 103.0172 168.7143 274.8428 0.5918 3.3970
2.0181 0.0005 103.0317 343.9245 258.9829 0.6083 3.1297
4.2830 0.0000 102.9767 531.8416 230.9116 0.6076 2.8628
5.9229 0.0000 102.8653 598.0110 235.6651 0.5715 2.4514
7.1412 0.0000 102.7412 597.5320 238.1527 0.5437 2.1048
7.8782 0.0000 102.6342 531.9357 239.7995 0.5351 2.0068
8.2968 0.0000 102.5632 410.2894 239.6256 0.5330 2.0754
8.3571 0.0000 102.5344 239.4998 240.4875 0.5341 2.1951
8.0691 0.0000 102.5253 62.8722 240.3364 0.5396 2.6014
7.5489 0.0000 102.5498 0.0005 239.1135 0.5485 3.3472
7.0074 0.0000 102.5681 0.0000 237.7970 0.5591 3.9041
6.4928 0.0000 102.5614 0.0000 236.6829 0.5750 4.3364
5.9708 0.0000 102.5353 0.0000 235.8832 0.5994 4.6547
5.4241 0.0000 102.5153 0.0000 235.4218 0.6335 4.7250
4.8979 0.0000 102.5188 0.0000 235.2834 0.6704 4.3630
4.3115 0.0000 102.5069 0.0000 235.2589 0.6968 3.9825
3.6721 0.0000 102.4926 0.0000 234.5518 0.7106 3.7186
3.1055 0.0000 102.4804 0.0000 233.8252 0.7131 3.4846
2.5762 0.0006 102.4388 0.0000 247.5856 0.7009 3.4338
2.0091 0.0018 102.3967 0.0000 263.9244 0.6765 3.3658
1.6016 0.0014 102.4006 0.0000 270.5566 0.6586 3.3797
1.5129 0.0007 102.4400 0.0000 275.2631 0.6505 3.3334
1.5750 0.0005 102.4491 0.1281 271.0639 0.6468 3.2365
1.7286 0.0003 102.4138 54.0164 262.1708 0.6439 3.2008
