0.7714 0.0063 102.8811 174.9179 272.5913 0.6038 3.6178
2.3394 0.0006 102.8949 352.4971 256.6755 0.6169 3.2328
4.4324 0.0000 102.8372 534.2241 232.8188 0.6186 3.0003
6.0569 0.0000 102.7280 605.4351 235.6500 0.5860 2.6752
7.3153 0.0000 102.6038 609.4082 236.9477 0.5579 2.3400
8.0705 0.0000 102.4976 541.1738 239.2146 0.5481 2.2302
8.4979 0.0000 102.4255 413.2486 240.9398 0.5441 2.2809
8.5752 0.0000 102.3980 241.2369 241.8869 0.5437 2.3829
8.2995 0.0000 102.3910 63.5017 241.8216 0.5495 2.7733
7.7773 0.0000 102.4144 0.0010 240.7441 0.5606 3.4988
7.2293 0.0000 102.4328 0.0000 239.3860 0.5739 4.0046
6.7311 0.0000 102.4285 0.0000 238.2815 0.5917 4.3305
6.2512 0.0000 102.4021 0.0000 237.4427 0.6160 4.4846
5.7804 0.0000 102.3843 0.0000 236.9469 0.6492 4.3868
5.3509 0.0000 102.3815 0.0000 236.8050 0.6859 3.9091
4.8356 0.0000 102.3694 0.0000 236.8321 0.7143 3.4507
4.2266 0.0000 102.3542 0.0000 236.1939 0.7310 3.1145
3.6556 0.0000 102.3443 0.0000 235.4840 0.7358 2.8322
3.1067 0.0006 102.3019 0.0000 250.2081 0.7245 2.8224
2.5047 0.0019 102.2562 0.0000 268.3467 0.6989 2.8754
2.0452 0.0015 102.2568 0.0000 277.6941 0.6787 2.9971
1.9046 0.0008 102.3018 0.0000 280.4954 0.6680 3.0735
1.9017 0.0006 102.3189 0.1993 273.7472 0.6618 3.0483
1.9998 0.0006 102.2869 56.8860 266.3024 0.6571 2.9656
