0.9538 0.0000 101.4595 173.7250 250.1033 0.5980 5.7620
3.0665 0.0000 101.4828 357.5631 235.3898 0.6089 5.2684
5.6061 0.0000 101.4556 499.0566 239.1199 0.6052 4.9141
7.8036 0.0000 101.3692 588.6903 243.8601 0.5548 4.5353
9.0960 0.0000 101.2581 597.5266 250.3423 0.5176 4.4064
9.7717 0.0000 101.1530 558.4273 249.9058 0.5058 4.6537
10.0410 0.0000 101.0767 441.9508 250.4546 0.5050 4.9677
9.9358 0.0000 101.0336 282.7389 250.7136 0.5080 5.3541
9.2635 0.0000 101.0214 104.8140 249.7507 0.5290 5.7209
8.0930 0.0000 101.0327 2.8681 247.0370 0.5516 6.4909
7.0382 0.0000 101.0555 0.0000 244.4261 0.5600 6.8739
6.2067 0.0000 101.0674 0.0000 243.5222 0.5656 6.7522
5.5372 0.0000 101.0661 0.0000 251.3993 0.5699 6.7171
4.9924 0.0000 101.0808 0.0000 261.4020 0.5752 6.2131
4.5829 0.0000 101.0757 0.0000 269.0958 0.5789 5.8947
4.2836 0.0000 101.0471 0.0000 274.1261 0.5799 5.7546
4.0728 0.0000 101.0168 0.0000 279.1258 0.5792 5.6523
3.8820 0.0000 100.9909 0.0000 282.3558 0.5786 5.4801
3.6847 0.0000 100.9611 0.0000 284.2423 0.5779 5.5135
3.4749 0.0000 100.9169 0.0000 285.4387 0.5783 5.5629
3.3003 0.0000 100.8819 0.0000 283.7014 0.5802 5.5425
3.2039 0.0000 100.8342 0.0000 282.3937 0.5848 5.8536
3.1582 0.0000 100.8091 0.0000 268.0007 0.5923 5.6027
3.1082 0.0000 100.8591 39.6278 248.9813 0.5984 4.3079
