-0.4682 0.0003 101.0528 162.7995 254.4333 0.5476 4.7431
1.5236 0.0000 101.0678 385.7537 217.7266 0.5581 4.4116
4.4158 0.0000 101.0393 528.8941 220.8225 0.5293 4.5210
6.4633 0.0000 100.9441 610.0766 227.1518 0.4895 4.1926
7.5227 0.0000 100.8330 621.3314 230.8344 0.4799 3.8156
8.1596 0.0000 100.7383 563.9581 234.4978 0.4800 3.8419
8.3593 0.0000 100.6643 437.6776 238.2636 0.4866 4.0642
8.1693 0.0000 100.6295 272.9523 240.5524 0.4947 4.2846
7.4149 0.0000 100.6204 93.8349 241.3824 0.5150 4.7954
6.2740 0.0000 100.6284 1.3663 239.9849 0.5319 5.5847
5.2815 0.0000 100.6373 0.0000 237.9026 0.5368 5.8030
4.5807 0.0000 100.6328 0.0000 236.1022 0.5399 5.3281
4.0814 0.0000 100.6361 0.0000 234.9129 0.5421 4.6442
3.6742 0.0000 100.6421 0.0000 237.7415 0.5439 4.2755
3.3151 0.0000 100.6347 0.0000 244.4649 0.5464 3.8546
3.0085 0.0000 100.6075 0.0000 250.2506 0.5487 3.4179
2.7702 0.0000 100.5778 0.0000 258.9545 0.5505 2.9865
2.5867 0.0000 100.5598 0.0000 265.5881 0.5525 2.7919
2.3745 0.0000 100.5342 0.0000 267.8876 0.5552 2.7572
2.1460 0.0000 100.5053 0.0000 271.6333 0.5579 3.0752
1.9730 0.0000 100.4694 0.0000 274.8200 0.5608 3.3948
2.0024 0.0000 100.4413 0.0000 276.0831 0.5642 3.6309
2.2329 0.0000 100.3920 0.0000 274.3143 0.5672 4.0049
2.5225 0.0000 100.3806 23.6384 280.3719 0.5704 3.4055
