-0.5602 0.0015 100.0428 158.9813 244.5676 0.5374 6.6690
1.2421 0.0001 100.0725 346.9637 228.3792 0.5372 6.3472
3.4343 0.0000 100.0446 496.9595 227.9339 0.5346 5.8358
5.3930 0.0000 99.9649 582.2926 232.1179 0.5174 4.8263
6.9825 0.0000 99.8479 598.9179 236.8679 0.4986 3.9332
8.0603 0.0000 99.7325 547.8389 241.1680 0.4982 3.6347
8.7385 0.0000 99.6447 430.0822 244.5633 0.5020 3.4738
8.9418 0.0000 99.5965 273.7086 245.9134 0.5095 3.5455
8.4895 0.0000 99.5793 100.4017 245.7767 0.5233 4.0866
7.2702 0.0000 99.5878 2.8244 243.6182 0.5389 5.3213
5.8623 0.0000 99.6261 0.0000 240.7966 0.5466 5.7189
4.7528 0.0000 99.6586 0.0000 238.8983 0.5483 5.3252
4.0133 0.0000 99.6693 0.0000 246.3084 0.5443 5.0914
3.5808 0.0000 99.6748 0.0000 256.9292 0.5382 4.5267
3.3770 0.0000 99.6666 0.0000 261.3601 0.5307 4.2394
3.3230 0.0000 99.6316 0.0000 267.8528 0.5236 4.2513
3.3881 0.0000 99.6028 0.0000 271.4869 0.5202 4.3519
3.5208 0.0000 99.5769 0.0000 276.2588 0.5196 4.4208
3.6494 0.0000 99.5368 0.0000 280.5569 0.5204 4.6163
3.6896 0.0000 99.4850 0.0000 284.0121 0.5231 4.7182
3.6268 0.0000 99.4353 0.0000 285.6685 0.5270 4.8999
3.4443 0.0000 99.3772 0.0000 286.3381 0.5324 5.4688
3.1388 0.0000 99.3773 0.0000 285.6805 0.5380 5.1727
2.9552 0.0000 99.4341 24.8071 265.8446 0.5414 4.0139
