-1.9266 0.0024 103.0188 173.4217 258.0896 0.5152 2.8402
0.3808 0.0002 103.0303 368.7136 233.7826 0.5510 2.9372
3.1895 0.0000 102.9939 516.8792 225.7705 0.5499 2.9896
4.4443 0.0000 102.8913 567.1527 234.0211 0.5336 2.3767
5.2030 0.0000 102.7782 565.6072 236.7364 0.5268 1.7809
5.7868 0.0000 102.6838 519.1397 233.3007 0.5239 1.4257
6.1518 0.0000 102.6097 402.8420 232.1672 0.5219 1.2744
6.2278 0.0000 102.5681 236.3656 232.7387 0.5214 1.2655
6.0011 0.0000 102.5590 62.7762 232.5742 0.5247 1.4647
5.6631 0.0000 102.5774 0.0041 231.8308 0.5295 1.9669
5.3288 0.0000 102.5878 0.0000 231.3262 0.5354 2.5890
4.9781 0.0000 102.5694 0.0000 231.0655 0.5447 3.3777
4.5948 0.0000 102.5409 0.0000 231.0597 0.5596 4.1574
4.1170 0.0000 102.5260 0.0000 231.1187 0.5813 4.6149
3.5611 0.0000 102.5432 0.0000 231.1460 0.6059 4.6219
2.9087 0.0000 102.5345 0.0000 231.1356 0.6258 4.5639
2.2210 0.0000 102.5089 0.0000 230.5857 0.6378 4.7903
1.5770 0.0000 102.4844 0.0000 230.4903 0.6430 4.9369
0.9482 0.0002 102.4682 0.0000 241.3018 0.6389 4.3506
0.3102 0.0023 102.4516 0.0000 264.9021 0.6236 3.7325
-0.2061 0.0067 102.4412 0.0000 279.8561 0.6050 3.7059
-0.4256 0.0056 102.4359 0.0000 285.6017 0.5935 3.7149
-0.3753 0.0033 102.4104 0.0006 284.0559 0.5913 3.8744
-0.1105 0.0012 102.3741 33.8305 278.0852 0.5959 4.1021
