-2.0886 0.0001 102.5425 128.3646 247.1825 0.4813 4.3483
-0.3570 0.0000 102.5680 291.5111 233.0815 0.4963 3.9864
2.2575 0.0000 102.5473 451.8485 225.9001 0.4916 3.8823
4.4570 0.0000 102.4520 547.6410 226.7553 0.4655 3.5097
5.4008 0.0000 102.3256 571.0558 226.4201 0.4589 2.8857
6.0499 0.0000 102.2152 521.0724 228.0103 0.4563 2.5028
6.4586 0.0000 102.1279 406.4275 230.7051 0.4554 2.3482
6.5318 0.0000 102.0854 248.0537 232.5903 0.4564 2.4415
6.2688 0.0000 102.0673 78.8582 233.3906 0.4605 2.8892
5.7785 0.0000 102.0678 0.5783 233.2589 0.4638 3.7823
5.1531 0.0000 102.0702 0.0000 232.9029 0.4656 4.6957
4.4473 0.0000 102.0565 0.0000 232.3800 0.4684 5.2939
3.7687 0.0000 102.0531 0.0000 231.6050 0.4728 5.3371
3.1799 0.0000 102.0735 0.0000 231.0680 0.4789 5.1645
2.6573 0.0000 102.0630 0.0000 230.8308 0.4864 5.3733
2.1237 0.0000 102.0372 0.0000 232.1350 0.4953 5.2969
1.6333 0.0000 102.0299 0.0000 240.9686 0.5046 4.8178
1.2403 0.0000 102.0270 0.0000 248.2308 0.5127 4.7351
0.9267 0.0000 102.0061 0.0000 254.3286 0.5192 4.8987
0.6887 0.0000 101.9456 0.0000 258.1507 0.5249 5.3403
0.5027 0.0000 101.8912 0.0000 256.4184 0.5305 5.7738
0.4092 0.0000 101.8480 0.0000 262.9997 0.5377 5.9444
0.3743 0.0000 101.8074 0.0000 268.4407 0.5466 6.0255
0.3446 0.0001 101.7976 20.6122 269.9648 0.5584 5.6131
