-0.9108 0.0027 103.1109 171.1838 257.4560 0.5422 3.3595
1.7078 0.0004 103.1216 372.3399 227.3323 0.5612 3.2874
3.7026 0.0001 103.0818 509.7908 225.1991 0.5538 2.8532
4.6862 0.0001 102.9821 576.6010 228.3683 0.5473 2.3253
5.3694 0.0000 102.8673 575.7487 230.3962 0.5475 1.9306
5.8724 0.0000 102.7740 507.8907 232.6818 0.5480 1.6168
6.1102 0.0000 102.7047 379.6163 235.7901 0.5493 1.4215
6.0364 0.0001 102.6699 217.8983 235.1750 0.5512 1.4082
5.6586 0.0002 102.6648 52.6274 235.7764 0.5548 1.8003
5.0909 0.0003 102.6888 0.0000 239.6051 0.5604 2.5490
4.4585 0.0003 102.7074 0.0000 245.3283 0.5670 3.1061
3.8186 0.0001 102.6991 0.0000 243.5248 0.5737 3.7043
3.1952 0.0000 102.6782 0.0000 235.7342 0.5802 4.4054
2.5812 0.0000 102.6604 0.0000 228.7264 0.5862 4.9743
2.0457 0.0000 102.6660 0.0000 226.9470 0.5893 5.0632
1.5944 0.0000 102.6736 0.0000 225.7677 0.5889 4.6192
1.2373 0.0000 102.6549 0.0000 224.9792 0.5850 4.2731
0.9603 0.0000 102.6215 0.0000 224.6386 0.5788 4.2659
0.7357 0.0000 102.5951 0.0000 226.2569 0.5726 3.8317
0.5576 0.0004 102.5755 0.0000 231.7873 0.5680 3.0963
0.4293 0.0009 102.5565 0.0000 236.4207 0.5639 2.9174
0.4852 0.0009 102.5341 0.0000 246.4541 0.5615 2.9798
0.6440 0.0009 102.5119 0.0023 240.0515 0.5609 3.2052
0.8328 0.0007 102.4766 50.0698 240.1642 0.5622 3.5069
