-1.5188 0.0037 103.1032 168.8074 258.1561 0.5271 3.1737
1.0377 0.0006 103.1126 355.9290 236.3625 0.5592 3.2466
3.5217 0.0001 103.0741 516.2749 223.5014 0.5543 2.9932
4.6567 0.0001 102.9715 582.4423 227.4860 0.5443 2.3661
5.4136 0.0000 102.8539 577.6151 230.8413 0.5430 1.8632
5.9683 0.0000 102.7606 507.7492 233.9391 0.5439 1.4920
6.2821 0.0000 102.6901 387.9138 234.2070 0.5447 1.2909
6.2615 0.0000 102.6519 223.8825 234.6323 0.5477 1.2675
5.9552 0.0000 102.6456 55.6835 234.2619 0.5520 1.5114
5.5221 0.0001 102.6681 0.0000 236.9582 0.5584 2.1263
5.0277 0.0001 102.6841 0.0000 240.2270 0.5672 2.7774
4.4685 0.0001 102.6745 0.0000 238.9229 0.5779 3.5629
3.8568 0.0000 102.6503 0.0000 234.3088 0.5903 4.4431
3.2071 0.0000 102.6325 0.0000 229.9118 0.6030 5.1148
2.5812 0.0000 102.6427 0.0000 228.5675 0.6133 5.2624
2.0050 0.0000 102.6483 0.0000 227.5973 0.6177 4.9674
1.4983 0.0000 102.6251 0.0000 226.7679 0.6157 4.8671
1.0747 0.0000 102.5950 0.0000 227.0360 0.6084 4.9525
0.6686 0.0001 102.5704 0.0000 234.1396 0.5976 4.4282
0.2887 0.0022 102.5574 0.0000 245.7330 0.5863 3.6633
0.0177 0.0033 102.5406 0.0000 252.2035 0.5764 3.5098
-0.0141 0.0021 102.5232 0.0000 259.3159 0.5714 3.4793
0.1039 0.0014 102.4998 0.0039 257.1929 0.5705 3.6487
0.3338 0.0008 102.4645 40.4357 258.9233 0.5729 3.9011
