-1.8731 0.0001 102.5958 126.0289 249.8591 0.4910 4.2767
-0.1622 0.0000 102.6212 290.8142 233.8119 0.5040 4.0430
2.3939 0.0000 102.5992 451.1426 226.7457 0.4976 4.0178
4.4894 0.0000 102.5038 549.8932 226.9089 0.4742 3.6755
5.4613 0.0000 102.3774 574.9142 226.2687 0.4672 3.0405
6.1229 0.0000 102.2658 521.5202 229.0641 0.4643 2.6333
6.5517 0.0000 102.1769 407.4238 231.8183 0.4623 2.4561
6.6450 0.0000 102.1345 249.3492 233.7610 0.4627 2.5305
6.3987 0.0000 102.1151 80.0933 234.6230 0.4668 2.9364
5.9311 0.0000 102.1156 0.6855 234.5642 0.4701 3.7958
5.3291 0.0000 102.1180 0.0000 234.2104 0.4717 4.6808
4.6433 0.0000 102.1072 0.0000 233.5371 0.4747 5.2139
3.9828 0.0000 102.1051 0.0000 232.6069 0.4793 5.1825
3.4075 0.0000 102.1228 0.0000 232.0030 0.4858 5.0058
2.8849 0.0000 102.1092 0.0000 231.8099 0.4938 5.2096
2.3516 0.0000 102.0860 0.0000 234.2762 0.5036 5.0751
1.8627 0.0000 102.0774 0.0000 243.1184 0.5138 4.6387
1.4564 0.0000 102.0732 0.0000 250.1428 0.5228 4.5682
1.1170 0.0000 102.0526 0.0000 256.4729 0.5296 4.7492
0.8437 0.0000 101.9921 0.0000 258.9145 0.5350 5.1971
0.6255 0.0000 101.9394 0.0000 259.5705 0.5399 5.6312
0.5127 0.0000 101.8975 0.0000 267.4935 0.5462 5.8115
0.4711 0.0000 101.8539 0.0000 272.3759 0.5537 5.9283
0.4460 0.0001 101.8510 19.7819 272.4826 0.5642 5.4740
