-0.3635 0.0020 101.4500 148.0947 256.7440 0.5509 5.5049
1.2991 0.0001 101.4733 358.2429 222.6358 0.5550 5.2286
3.5625 0.0000 101.4406 503.6751 224.1197 0.5408 5.3362
5.3912 0.0000 101.3521 585.1940 230.2928 0.5115 5.0767
6.4924 0.0000 101.2391 600.3588 234.1610 0.4998 4.5920
7.2662 0.0000 101.1274 546.5163 238.1206 0.4970 4.4268
7.6738 0.0000 101.0456 428.1897 241.5191 0.5000 4.4586
7.6956 0.0000 101.0049 269.5607 243.1027 0.5044 4.6431
7.1964 0.0000 100.9878 95.8295 242.8686 0.5194 5.1052
6.2838 0.0000 100.9963 2.0600 240.6878 0.5333 6.0713
5.4299 0.0000 101.0094 0.0000 238.0377 0.5361 6.3788
4.7608 0.0000 101.0279 0.0000 235.9674 0.5379 5.7568
4.2580 0.0000 101.0342 0.0000 236.2156 0.5377 5.2477
3.8619 0.0000 101.0361 0.0000 244.5285 0.5365 4.7975
3.5466 0.0000 101.0218 0.0000 251.8486 0.5356 4.3026
3.2821 0.0000 100.9932 0.0000 260.3774 0.5349 3.9992
3.0702 0.0000 100.9704 0.0000 266.0529 0.5345 3.8944
2.8804 0.0000 100.9446 0.0000 270.1430 0.5352 3.9756
2.6645 0.0000 100.9105 0.0000 273.6012 0.5370 4.2755
2.3670 0.0000 100.8603 0.0000 278.4689 0.5408 4.6253
2.0269 0.0000 100.8229 0.0000 280.2938 0.5465 4.7376
1.7314 0.0000 100.7796 0.0000 281.2478 0.5540 4.8997
1.5539 0.0000 100.7486 0.0000 280.7709 0.5625 4.7650
1.5566 0.0000 100.7850 22.7484 273.1798 0.5690 3.5702
