-0.7027 0.0004 98.5275 182.7146 253.5933 0.5440 4.5896
1.5692 0.0000 98.5447 409.8127 216.1647 0.5647 4.3008
4.3848 0.0000 98.5117 548.3246 221.2289 0.5554 4.0550
6.4702 0.0000 98.4323 625.7799 227.8617 0.5288 3.2969
7.7406 0.0000 98.3305 629.6327 234.3206 0.5181 2.5755
8.5503 0.0000 98.2349 568.4722 238.8313 0.5174 2.4052
8.9443 0.0000 98.1645 445.0333 242.2382 0.5222 2.6216
8.9388 0.0000 98.1351 280.8814 242.6906 0.5260 2.9089
8.4476 0.0000 98.1308 97.2107 243.2878 0.5354 3.3723
7.5941 0.0000 98.1390 1.3985 242.5307 0.5412 3.9911
6.6470 0.0000 98.1475 0.0000 241.0053 0.5423 4.2105
5.7773 0.0000 98.1461 0.0000 239.2087 0.5443 3.8866
5.1078 0.0000 98.1487 0.0000 238.1767 0.5461 3.5042
4.6134 0.0000 98.1498 0.0000 243.1172 0.5477 3.2613
4.2399 0.0000 98.1494 0.0000 246.8936 0.5496 2.9714
3.9387 0.0000 98.1342 0.0000 254.9128 0.5512 2.9022
3.7101 0.0000 98.1046 0.0000 262.7743 0.5529 2.9702
3.5299 0.0000 98.0707 0.0000 270.1023 0.5547 3.0047
3.3431 0.0000 98.0445 0.0000 274.7815 0.5561 2.7677
3.1634 0.0000 98.0107 0.0000 273.4727 0.5564 2.7559
2.9725 0.0000 97.9889 0.0000 274.5942 0.5557 3.0951
2.8844 0.0000 97.9747 0.0000 272.4306 0.5556 3.4892
2.8597 0.0000 97.9404 0.0000 269.9842 0.5563 4.1025
2.8387 0.0000 97.9335 36.6999 267.9116 0.5578 3.9790
