-0.9821 0.0001 99.6446 186.1041 240.8041 0.5211 4.1182
1.3556 0.0000 99.6521 401.6043 215.5052 0.5273 3.9920
4.2258 0.0000 99.6164 544.9581 218.7836 0.4984 4.0019
6.2056 0.0000 99.5289 622.8431 224.5186 0.4712 3.3831
7.2704 0.0000 99.4205 631.0793 228.5039 0.4698 2.8030
7.9127 0.0000 99.3284 570.8066 231.7315 0.4772 2.6860
8.1961 0.0000 99.2561 446.7994 234.6509 0.4868 2.9537
8.0794 0.0000 99.2297 277.7243 236.2292 0.4967 3.2645
7.4394 0.0000 99.2226 92.1916 237.1874 0.5131 3.8853
6.3936 0.0000 99.2381 0.8364 236.9148 0.5250 4.6991
5.3728 0.0000 99.2417 0.0000 236.1883 0.5292 4.9087
4.5703 0.0000 99.2352 0.0000 235.3668 0.5328 4.6080
4.0145 0.0000 99.2306 0.0000 234.7317 0.5361 3.9473
3.6577 0.0000 99.2289 0.0000 235.0346 0.5389 3.4255
3.4330 0.0000 99.2242 0.0000 237.7297 0.5415 3.1245
3.2699 0.0000 99.1981 0.0000 242.1301 0.5435 2.8984
3.1541 0.0000 99.1691 0.0000 249.8941 0.5448 2.7765
3.0642 0.0000 99.1412 0.0000 257.1559 0.5459 2.4965
2.9166 0.0000 99.1142 0.0000 266.4877 0.5467 1.9562
2.7159 0.0000 99.0929 0.0000 267.2813 0.5470 1.6038
2.5439 0.0000 99.0680 0.0000 268.8091 0.5470 1.8468
2.5501 0.0000 99.0562 0.0000 270.0198 0.5478 2.3235
2.7183 0.0000 99.0171 0.0000 258.5354 0.5488 3.0846
2.9613 0.0000 98.9825 37.7614 264.9157 0.5499 3.4699
