3.6667 0.0006 103.0296 226.2676 246.9671 0.6243 5.8696
4.5461 0.0003 103.0466 404.1756 237.6209 0.6116 5.3761
5.2038 0.0001 103.0115 545.5106 231.2128 0.6074 4.9214
5.7075 0.0001 102.9164 607.1932 232.4953 0.6107 4.4334
6.1374 0.0001 102.8122 599.5545 234.1490 0.6113 3.8730
6.4506 0.0001 102.7284 517.3614 238.4616 0.6085 3.4504
6.5465 0.0001 102.6723 391.7267 237.8053 0.6087 3.2304
6.4560 0.0001 102.6408 223.5933 236.8622 0.6092 3.1254
6.1661 0.0001 102.6377 50.9173 237.8531 0.6114 3.2245
5.8130 0.0001 102.6625 0.0000 240.5989 0.6159 3.6320
5.4969 0.0001 102.6886 0.0000 242.1497 0.6214 3.9285
5.1723 0.0000 102.6915 0.0000 236.8537 0.6252 4.2466
4.8547 0.0000 102.6646 0.0000 233.0912 0.6268 4.5824
4.6513 0.0000 102.6440 0.0000 231.7445 0.6270 4.8107
4.5875 0.0000 102.6275 0.0000 230.6251 0.6262 4.6989
4.4975 0.0000 102.6132 0.0000 230.5494 0.6236 4.3887
4.3434 0.0000 102.5963 0.0000 230.2395 0.6212 4.3737
4.1400 0.0000 102.5731 0.0000 229.9185 0.6215 4.5707
3.9018 0.0000 102.5247 0.0000 229.3697 0.6225 4.7589
3.6851 0.0000 102.4752 0.0000 228.9085 0.6242 4.7448
3.4922 0.0000 102.4665 0.0000 228.7956 0.6269 4.8531
3.4460 0.0000 102.4976 0.0000 229.3250 0.6299 5.0358
3.5398 0.0000 102.5094 0.2891 236.7448 0.6320 4.8138
3.7627 0.0000 102.4866 53.8731 255.2130 0.6347 4.4051
