0.2663 0.0062 103.0277 168.6250 274.9035 0.5913 3.4728
1.9894 0.0005 103.0422 341.1234 260.2214 0.6075 3.2670
4.2586 0.0000 102.9904 532.5910 230.1099 0.6032 2.9507
5.8511 0.0000 102.8791 595.4278 235.8259 0.5671 2.4798
7.0116 0.0000 102.7565 589.8550 239.6576 0.5407 2.1166
7.7166 0.0000 102.6512 525.8732 240.7702 0.5327 2.0132
8.1102 0.0000 102.5817 408.4198 239.1481 0.5314 2.0810
8.1542 0.0000 102.5514 238.1660 239.9346 0.5332 2.1922
7.8634 0.0000 102.5422 62.1200 239.7583 0.5391 2.5822
7.3631 0.0000 102.5667 0.0004 238.5239 0.5479 3.2977
6.8511 0.0000 102.5850 0.0000 237.2711 0.5586 3.8457
6.3423 0.0000 102.5767 0.0000 236.1964 0.5748 4.3106
5.8025 0.0000 102.5521 0.0000 235.4239 0.5994 4.7129
5.2174 0.0000 102.5306 0.0000 234.9147 0.6318 4.8891
4.6548 0.0000 102.5357 0.0000 234.7034 0.6642 4.6187
4.0522 0.0000 102.5238 0.0000 234.6054 0.6850 4.2854
3.4263 0.0000 102.5094 0.0000 233.8123 0.6939 4.0634
2.8957 0.0000 102.4956 0.0000 233.0858 0.6934 3.8665
2.4175 0.0004 102.4541 0.0000 242.8226 0.6819 3.7820
1.9321 0.0013 102.4136 0.0000 254.5025 0.6626 3.6445
1.5809 0.0010 102.4175 0.0000 259.2993 0.6492 3.6294
1.5202 0.0005 102.4536 0.0000 266.1592 0.6437 3.5832
1.6133 0.0003 102.4596 0.1144 267.3577 0.6414 3.4501
1.7807 0.0002 102.4243 52.8777 259.9305 0.6392 3.4125
