-0.9815 0.0011 102.6843 131.5152 265.8520 0.5293 4.5592
0.8178 0.0000 102.7027 297.8188 243.6534 0.5393 4.5504
3.1090 0.0000 102.6671 458.1801 236.0977 0.5215 4.5704
4.9036 0.0000 102.5677 569.9554 231.6617 0.4925 4.0647
5.9495 0.0000 102.4492 599.2499 228.9768 0.4881 3.4502
6.6715 0.0000 102.3399 545.0701 230.2890 0.4905 3.0926
7.0978 0.0000 102.2588 427.0097 232.0511 0.4919 3.0008
7.1992 0.0000 102.2164 262.1350 233.8995 0.4922 3.0947
6.8683 0.0000 102.2072 83.5798 235.1632 0.5000 3.5277
6.3088 0.0000 102.2077 0.5201 235.4320 0.5059 4.4289
5.7372 0.0000 102.2101 0.0000 235.5303 0.5093 5.2051
5.1576 0.0000 102.1898 0.0000 235.5438 0.5174 5.6522
4.5747 0.0000 102.1815 0.0000 235.3530 0.5297 5.5346
4.0178 0.0000 102.1995 0.0000 235.0418 0.5418 5.1159
3.4863 0.0000 102.1965 0.0000 234.6656 0.5512 5.1346
2.9356 0.0000 102.1649 0.0000 234.4546 0.5574 5.1707
2.4452 0.0000 102.1426 0.0000 240.8669 0.5613 4.7455
2.0873 0.0000 102.1364 0.0000 249.7691 0.5641 4.1949
1.7957 0.0000 102.1187 0.0000 257.2696 0.5655 4.1300
1.5088 0.0000 102.0783 0.0000 261.1487 0.5658 4.4424
1.2560 0.0000 102.0462 0.0000 263.6525 0.5660 4.9943
1.1527 0.0000 102.0184 0.0000 268.7182 0.5677 5.3664
1.1766 0.0000 101.9801 0.0000 269.3511 0.5715 5.7183
1.2583 0.0000 101.9412 30.3039 264.7179 0.5766 5.6236
