-1.8847 0.0001 102.6272 123.0234 249.7645 0.4899 4.1070
-0.1752 0.0000 102.6556 285.8689 233.8351 0.5012 3.9354
2.2638 0.0000 102.6310 441.7531 227.9060 0.4979 3.8757
4.4732 0.0000 102.5357 539.4596 228.4355 0.4764 3.5490
5.4596 0.0000 102.4093 565.4080 228.1144 0.4701 2.9302
6.1204 0.0000 102.2951 515.7252 230.3495 0.4667 2.5294
6.5428 0.0000 102.2066 403.7975 232.9284 0.4643 2.3406
6.6314 0.0000 102.1642 247.5231 234.7236 0.4645 2.4127
6.3837 0.0000 102.1422 80.0178 235.5325 0.4681 2.8336
5.9250 0.0000 102.1427 0.7763 235.4220 0.4705 3.7093
5.3480 0.0000 102.1451 0.0000 235.0312 0.4711 4.5802
4.6922 0.0000 102.1353 0.0000 234.2080 0.4729 5.0854
4.0368 0.0000 102.1357 0.0000 233.1975 0.4761 5.0706
3.4503 0.0000 102.1496 0.0000 232.5663 0.4812 4.9525
2.9096 0.0000 102.1380 0.0000 232.5521 0.4882 5.0557
2.3855 0.0000 102.1198 0.0000 237.0151 0.4969 4.7365
1.9254 0.0000 102.1087 0.0000 245.9230 0.5061 4.3625
1.5337 0.0000 102.1020 0.0000 251.9624 0.5148 4.3111
1.1974 0.0000 102.0772 0.0000 258.6838 0.5223 4.5456
0.9093 0.0000 102.0167 0.0000 260.7973 0.5289 5.0207
0.6600 0.0000 101.9623 0.0000 261.1972 0.5355 5.4380
0.5016 0.0000 101.9219 0.0000 269.3505 0.5433 5.6163
0.4149 0.0000 101.8784 0.0000 273.2896 0.5516 5.6932
0.3568 0.0003 101.8830 18.7023 273.0104 0.5613 5.2182
