-0.4923 0.0007 102.5460 133.0484 263.9521 0.5399 4.7820
1.1130 0.0000 102.5648 320.4782 235.6172 0.5437 4.7003
3.3282 0.0000 102.5295 481.7726 230.4553 0.5194 4.7398
5.1114 0.0000 102.4304 582.8125 229.2654 0.4920 4.3725
6.1222 0.0000 102.3120 603.3412 229.3336 0.4905 3.8341
6.8325 0.0000 102.2023 549.0344 231.1919 0.4936 3.5486
7.2111 0.0000 102.1244 429.0078 234.0366 0.4981 3.5316
7.2461 0.0000 102.0817 264.8177 236.1612 0.5013 3.6177
6.8760 0.0000 102.0722 86.8593 237.5149 0.5117 4.0219
6.3026 0.0000 102.0727 0.8166 237.7049 0.5185 4.8702
5.7526 0.0000 102.0715 0.0000 237.5507 0.5189 5.4742
5.1971 0.0000 102.0586 0.0000 237.1034 0.5223 5.5961
4.6523 0.0000 102.0577 0.0000 236.4176 0.5295 5.1525
4.1412 0.0000 102.0687 0.0000 235.6737 0.5382 4.7329
3.6457 0.0000 102.0584 0.0000 235.8650 0.5466 4.6540
3.1483 0.0000 102.0337 0.0000 239.2062 0.5540 4.4104
2.7197 0.0000 102.0118 0.0000 248.8703 0.5595 3.8964
2.3982 0.0000 101.9956 0.0000 255.3072 0.5635 3.4997
2.0922 0.0000 101.9741 0.0000 261.9601 0.5669 3.5645
1.7515 0.0000 101.9369 0.0000 264.4643 0.5699 3.9552
1.4368 0.0000 101.9039 0.0000 268.2867 0.5721 4.4323
1.2933 0.0000 101.8754 0.0000 271.9944 0.5740 4.7000
1.3084 0.0000 101.8336 0.0000 271.9788 0.5759 5.0438
1.4409 0.0000 101.8133 29.5211 266.5406 0.5779 4.6717
