-0.4838 0.0003 102.6766 128.7884 260.7342 0.5392 4.8065
1.0295 0.0000 102.6990 309.4923 236.0832 0.5409 4.6579
3.0530 0.0000 102.6671 469.4714 230.5439 0.5210 4.7022
4.7940 0.0000 102.5716 574.6319 228.3232 0.4947 4.3975
5.7949 0.0000 102.4532 594.4837 229.0265 0.4898 3.8472
6.5262 0.0000 102.3401 542.2839 230.6396 0.4893 3.5200
6.9067 0.0000 102.2588 422.8379 234.0105 0.4925 3.4626
6.9812 0.0000 102.2126 260.7813 236.4645 0.4947 3.5159
6.7060 0.0000 102.1998 86.0558 237.9082 0.5025 3.8143
6.2598 0.0000 102.2003 0.9289 238.1405 0.5079 4.5337
5.7947 0.0000 102.1987 0.0000 237.9275 0.5081 5.1438
5.2679 0.0000 102.1900 0.0000 237.2173 0.5110 5.2889
4.7301 0.0000 102.1932 0.0000 236.1865 0.5181 4.8550
4.2178 0.0000 102.2035 0.0000 235.1844 0.5276 4.5807
3.7002 0.0000 102.1891 0.0000 235.2815 0.5389 4.7050
3.1635 0.0000 102.1651 0.0000 239.4692 0.5508 4.5028
2.6779 0.0000 102.1466 0.0000 250.3301 0.5601 3.9899
2.2817 0.0000 102.1366 0.0000 257.1219 0.5666 3.8242
1.9212 0.0000 102.1112 0.0000 262.3444 0.5714 4.0970
1.5684 0.0000 102.0709 0.0000 264.1056 0.5750 4.6168
1.2559 0.0000 102.0274 0.0000 270.3688 0.5772 5.0523
1.0842 0.0000 101.9917 0.0000 273.6345 0.5793 5.1864
1.0252 0.0000 101.9496 0.0000 275.6820 0.5819 5.4095
1.0386 0.0000 101.9414 24.7931 271.2746 0.5858 4.7305
