1.3140 0.0001 101.8677 162.1212 251.6776 0.6101 6.5058
2.8678 0.0000 101.9012 354.8310 234.0796 0.6098 6.2000
4.9516 0.0000 101.8814 498.9673 235.9251 0.5947 5.8408
6.8865 0.0000 101.8050 584.9411 240.3115 0.5526 5.2505
8.1862 0.0000 101.6866 603.2705 244.1399 0.5231 4.6842
9.0190 0.0000 101.5663 555.1702 246.7087 0.5151 4.4199
9.4679 0.0000 101.4818 437.3366 248.7509 0.5165 4.3567
9.5911 0.0000 101.4285 281.3305 249.4466 0.5198 4.4920
9.2274 0.0000 101.4113 106.4593 249.7913 0.5337 4.6364
8.3814 0.0000 101.4225 3.8204 249.7673 0.5511 4.9982
7.3990 0.0000 101.4679 0.0000 249.8559 0.5645 5.1856
6.4855 0.0000 101.4859 0.0000 254.3875 0.5770 5.3713
5.7210 0.0000 101.5011 0.0000 266.9746 0.5880 5.1746
5.1475 0.0000 101.5198 0.0000 272.5268 0.5971 4.7430
4.7069 0.0000 101.5030 0.0000 276.0608 0.6019 4.8891
4.3676 0.0000 101.4674 0.0000 279.3494 0.6022 5.2346
4.1590 0.0000 101.4427 0.0000 283.0320 0.5991 5.2574
4.0699 0.0000 101.4140 0.0000 285.7424 0.5955 5.2301
4.0535 0.0000 101.3677 0.0000 288.1430 0.5934 5.2148
4.0385 0.0000 101.3199 0.0000 289.1472 0.5935 5.0762
3.9845 0.0000 101.2616 0.0000 288.5250 0.5947 5.2688
3.8447 0.0000 101.2012 0.0000 282.1433 0.5991 5.6342
3.5971 0.0000 101.2290 0.0000 258.1190 0.6087 4.5327
3.3651 0.0000 101.2741 28.7285 259.3764 0.6164 3.5317
