-0.3003 0.0004 102.3139 137.5538 261.2754 0.5448 4.8980
1.2751 0.0000 102.3340 337.8165 230.0065 0.5466 4.7298
3.5194 0.0000 102.2991 494.6128 226.7726 0.5203 4.8008
5.2778 0.0000 102.2026 587.5222 228.3169 0.4926 4.4850
6.2715 0.0000 102.0851 604.7774 229.7337 0.4897 3.9897
6.9703 0.0000 101.9776 550.9521 231.7054 0.4921 3.7652
7.3032 0.0000 101.8986 429.5189 235.0604 0.4976 3.8010
7.2870 0.0000 101.8572 265.8434 237.4174 0.5024 3.8984
6.8691 0.0000 101.8481 88.6693 238.7640 0.5150 4.2771
6.2535 0.0000 101.8497 1.0218 238.6994 0.5235 5.0571
5.6860 0.0000 101.8471 0.0000 238.1218 0.5236 5.5382
5.1359 0.0000 101.8400 0.0000 237.2607 0.5254 5.4678
4.6129 0.0000 101.8420 0.0000 236.2636 0.5301 4.8918
4.1207 0.0000 101.8494 0.0000 235.6862 0.5364 4.5281
3.6363 0.0000 101.8369 0.0000 237.0286 0.5440 4.3991
3.1615 0.0000 101.8148 0.0000 242.8881 0.5517 4.0594
2.7561 0.0000 101.7916 0.0000 252.6331 0.5576 3.5341
2.4378 0.0000 101.7736 0.0000 258.9507 0.5620 3.2605
2.1242 0.0000 101.7493 0.0000 264.0619 0.5660 3.4163
1.7803 0.0000 101.7139 0.0000 266.0835 0.5698 3.8572
1.4628 0.0000 101.6793 0.0000 271.1603 0.5730 4.2555
1.3109 0.0000 101.6474 0.0000 273.4084 0.5759 4.4417
1.3137 0.0000 101.6044 0.0000 273.7127 0.5783 4.7414
1.4306 0.0000 101.5943 26.6170 271.4186 0.5808 4.1557
