0.4058 0.0007 101.3639 166.5123 248.4321 0.5773 6.4697
2.1160 0.0001 101.3910 363.8230 227.2970 0.5805 6.0347
4.3919 0.0000 101.3640 507.3118 229.9366 0.5697 5.7684
6.4138 0.0000 101.2812 590.1683 235.6805 0.5298 5.2483
7.7331 0.0000 101.1662 605.0248 240.6112 0.5038 4.7341
8.5415 0.0000 101.0541 553.6101 243.9295 0.4992 4.6135
8.9612 0.0000 100.9724 434.7697 246.5879 0.5017 4.6386
9.0117 0.0000 100.9254 277.1601 247.4017 0.5070 4.8475
8.4898 0.0000 100.9101 102.0297 246.9735 0.5248 5.2435
7.3924 0.0000 100.9186 2.8632 244.8472 0.5451 6.1487
6.2717 0.0000 100.9490 0.0000 242.6799 0.5555 6.5174
5.3766 0.0000 100.9712 0.0000 241.7299 0.5622 6.2912
4.7120 0.0000 100.9751 0.0000 249.9850 0.5648 6.1021
4.2452 0.0000 100.9878 0.0000 259.3498 0.5664 5.5536
3.9423 0.0000 100.9771 0.0000 265.3284 0.5658 5.2848
3.7488 0.0000 100.9446 0.0000 271.0130 0.5631 5.2670
3.6420 0.0000 100.9160 0.0000 275.2922 0.5602 5.2523
3.5827 0.0000 100.8902 0.0000 279.1872 0.5590 5.2202
3.5289 0.0000 100.8514 0.0000 282.4448 0.5593 5.3378
3.4225 0.0000 100.8031 0.0000 285.1664 0.5616 5.3861
3.2698 0.0000 100.7579 0.0000 285.6586 0.5655 5.4655
3.0833 0.0000 100.7048 0.0000 284.7817 0.5712 5.8207
2.8797 0.0000 100.6957 0.0000 274.7450 0.5788 5.3832
2.7609 0.0000 100.7455 30.3576 258.8762 0.5843 4.1604
