-2.0233 0.0025 102.7799 168.5942 256.2637 0.5054 2.5476
0.3753 0.0002 102.7881 367.9327 231.4771 0.5375 2.8736
3.3067 0.0000 102.7468 488.7069 231.7226 0.5303 3.2245
4.6611 0.0000 102.6491 545.6591 239.2120 0.5157 2.6810
5.5038 0.0000 102.5329 580.3237 232.7099 0.5125 2.1169
6.1429 0.0000 102.4334 528.4200 231.5679 0.5123 1.7993
6.5468 0.0000 102.3544 410.9698 231.2364 0.5116 1.6728
6.5885 0.0000 102.3177 243.9252 231.9863 0.5125 1.7066
6.2723 0.0000 102.3085 67.9977 231.9578 0.5165 2.0889
5.7658 0.0000 102.3252 0.0246 231.2632 0.5208 2.8761
5.2450 0.0000 102.3356 0.0000 230.6777 0.5240 3.6406
4.7235 0.0000 102.3153 0.0000 230.0578 0.5283 4.3635
4.2377 0.0000 102.2869 0.0000 229.6096 0.5348 4.8423
3.8112 0.0000 102.2870 0.0000 229.4129 0.5454 4.8123
3.4156 0.0000 102.3043 0.0000 229.6088 0.5597 4.4282
2.9377 0.0000 102.2871 0.0000 229.9660 0.5745 4.2737
2.3791 0.0000 102.2579 0.0000 229.8011 0.5908 4.4638
1.7922 0.0000 102.2388 0.0000 229.6105 0.6082 4.3773
1.2192 0.0001 102.2279 0.0000 236.8382 0.6208 3.7600
0.6429 0.0014 102.2077 0.0000 256.6386 0.6229 3.5204
0.0537 0.0073 102.1904 0.0000 278.0875 0.6144 3.7488
-0.3351 0.0084 102.1750 0.0000 291.4456 0.6014 4.0291
-0.4255 0.0086 102.1545 0.0002 295.5548 0.5952 4.3362
-0.1985 0.0028 102.1130 28.1106 289.7133 0.5998 4.5522
