-2.0931 0.0006 102.8816 170.9400 244.9890 0.4965 3.7544
0.1848 0.0000 102.8982 364.3508 218.0342 0.5185 3.6402
3.1050 0.0000 102.8632 479.7016 226.5917 0.4936 3.4354
4.4159 0.0000 102.7662 548.0905 231.8336 0.4763 2.7286
5.2062 0.0000 102.6494 576.8542 227.2210 0.4766 2.1448
5.7874 0.0000 102.5439 523.3719 227.0160 0.4813 1.8366
6.1591 0.0000 102.4670 404.2341 228.3460 0.4837 1.7521
6.1743 0.0000 102.4246 239.6560 229.4197 0.4875 1.8489
5.8524 0.0000 102.4155 67.1301 230.1943 0.4936 2.2872
5.3527 0.0000 102.4303 0.0487 230.2065 0.4993 3.1238
4.7854 0.0000 102.4359 0.0000 229.9568 0.5039 3.9369
4.1867 0.0000 102.4161 0.0000 229.3697 0.5086 4.6928
3.6163 0.0000 102.3935 0.0000 228.6851 0.5138 5.1502
3.1290 0.0000 102.3952 0.0000 228.3952 0.5212 5.0566
2.7357 0.0000 102.4183 0.0000 228.6423 0.5314 4.6975
2.3333 0.0000 102.3935 0.0000 229.1383 0.5425 4.7723
1.8586 0.0000 102.3568 0.0000 229.1768 0.5546 4.9019
1.3230 0.0000 102.3564 0.0000 231.3041 0.5688 4.3865
0.8157 0.0001 102.3548 0.0000 240.2177 0.5816 3.9200
0.3549 0.0014 102.3187 0.0000 252.5528 0.5904 3.9594
-0.0885 0.0047 102.2783 0.0000 263.7974 0.5914 4.2406
-0.4742 0.0039 102.2423 0.0000 272.4716 0.5858 4.6459
-0.8617 0.0064 102.2119 0.0000 279.2254 0.5763 4.9149
-1.0148 0.0066 102.1709 24.7589 286.2614 0.5677 4.7895
