-1.2778 0.0004 99.4136 196.2011 233.7655 0.5101 3.6920
0.9486 0.0000 99.4204 395.1145 217.8073 0.5185 3.7123
3.7915 0.0000 99.3843 539.5928 219.5499 0.4875 3.8053
5.7288 0.0000 99.2910 621.4576 223.6029 0.4624 3.1960
6.7368 0.0000 99.1841 629.6562 226.9864 0.4687 2.5658
7.3833 0.0000 99.0944 568.7563 230.0555 0.4800 2.3606
7.7326 0.0000 99.0257 445.2212 232.5578 0.4891 2.5706
7.6620 0.0000 98.9980 275.3729 234.0539 0.4973 2.8892
7.0384 0.0000 98.9935 89.3813 234.5707 0.5119 3.5425
6.0030 0.0000 99.0095 0.5824 233.8918 0.5224 4.3917
5.0250 0.0000 99.0165 0.0000 233.2392 0.5265 4.6005
4.2900 0.0000 99.0010 0.0000 232.9460 0.5302 4.4425
3.7665 0.0000 98.9915 0.0000 232.7839 0.5342 3.9861
3.4311 0.0000 98.9911 0.0000 232.9369 0.5376 3.5615
3.2277 0.0000 98.9898 0.0000 234.2252 0.5405 3.3853
3.0285 0.0000 98.9619 0.0000 237.4745 0.5421 3.2833
2.8677 0.0000 98.9365 0.0000 242.6449 0.5427 3.2732
2.7398 0.0000 98.9067 0.0000 248.9470 0.5431 3.0688
2.5841 0.0000 98.8772 0.0000 260.1757 0.5433 2.4357
2.4083 0.0000 98.8558 0.0000 264.9058 0.5434 1.8568
2.2732 0.0000 98.8378 0.0000 264.2506 0.5433 1.7899
2.3041 0.0000 98.8251 0.0000 267.5144 0.5439 2.2492
2.4582 0.0000 98.7930 0.0000 256.6445 0.5449 3.1109
2.6442 0.0000 98.7522 44.9236 253.6177 0.5460 3.8445
