2.5612 0.0019 103.0260 217.1561 247.8472 0.6258 5.6499
4.1384 0.0003 103.0406 406.4229 233.7349 0.6178 5.1663
5.3696 0.0001 102.9935 547.2423 229.1927 0.6036 4.5626
6.1970 0.0001 102.8975 608.7595 231.9091 0.5963 4.0238
6.8255 0.0000 102.7867 597.0034 235.7480 0.5908 3.4419
7.3136 0.0000 102.6953 516.0131 240.2796 0.5858 3.0363
7.5126 0.0000 102.6320 394.9885 239.0249 0.5864 2.8707
7.4550 0.0000 102.6030 227.6215 238.1599 0.5894 2.8034
7.1522 0.0000 102.6016 54.0641 238.7144 0.5969 3.0087
6.6774 0.0001 102.6261 0.0000 239.7711 0.6098 3.6151
6.1478 0.0000 102.6521 0.0000 239.3903 0.6224 4.1189
5.5705 0.0000 102.6495 0.0000 236.1985 0.6322 4.6208
5.0344 0.0000 102.6323 0.0000 233.4502 0.6381 5.0696
4.6532 0.0000 102.6088 0.0000 231.8217 0.6408 5.3177
4.4826 0.0000 102.6005 0.0000 230.5873 0.6386 5.1100
4.2962 0.0000 102.5889 0.0000 230.2310 0.6333 4.7561
4.0464 0.0000 102.5690 0.0000 229.4772 0.6273 4.7227
3.7884 0.0000 102.5489 0.0000 228.8887 0.6232 4.8127
3.5114 0.0000 102.5051 0.0000 228.2738 0.6209 4.8456
3.2409 0.0000 102.4557 0.0000 227.8150 0.6201 4.8083
2.9806 0.0000 102.4520 0.0000 227.5928 0.6206 4.9168
2.8803 0.0000 102.4853 0.0000 228.5602 0.6206 5.1089
2.9467 0.0000 102.5014 0.2562 244.7455 0.6207 4.8760
3.1436 0.0000 102.4737 52.0924 254.7784 0.6219 4.5284
