-1.4153 0.0055 102.3365 163.4930 259.4768 0.5195 2.8249
0.4363 0.0003 102.3435 319.6806 251.4348 0.5393 3.1237
3.3563 0.0000 102.3002 477.0205 236.5065 0.5239 3.6305
5.2446 0.0000 102.1940 572.6033 235.9785 0.4944 3.1917
6.3017 0.0000 102.0714 592.6354 235.0496 0.4944 2.5983
7.0322 0.0000 101.9697 548.2330 231.9644 0.4993 2.2545
7.4581 0.0000 101.8957 426.9878 233.7426 0.5032 2.1794
7.4877 0.0000 101.8536 258.9384 234.8036 0.5076 2.3512
7.0857 0.0000 101.8444 78.3287 234.9356 0.5163 3.0089
6.3922 0.0000 101.8606 0.1912 234.2646 0.5230 4.1440
5.6636 0.0000 101.8664 0.0000 233.6722 0.5274 4.8933
4.9421 0.0000 101.8418 0.0000 233.1593 0.5324 5.3846
4.2548 0.0000 101.8252 0.0000 232.6514 0.5366 5.4564
3.6863 0.0000 101.8360 0.0000 232.2880 0.5398 5.0219
3.2751 0.0000 101.8491 0.0000 232.3406 0.5424 4.5808
2.8975 0.0000 101.8215 0.0000 232.5780 0.5440 4.3700
2.5283 0.0000 101.7943 0.0000 233.2382 0.5462 4.2780
2.1878 0.0000 101.7741 0.0000 237.4300 0.5506 3.9709
1.8423 0.0000 101.7540 0.0000 242.5304 0.5565 3.3117
1.4841 0.0000 101.7286 0.0000 251.8183 0.5632 2.9247
1.1444 0.0003 101.7186 0.0000 260.6935 0.5701 3.1458
0.9151 0.0020 101.7046 0.0000 267.7057 0.5760 3.8270
0.7827 0.0052 101.6783 0.0000 271.7968 0.5803 4.6055
0.7730 0.0022 101.6308 40.0689 260.9716 0.5838 5.2790
