-0.3928 0.0005 100.3066 169.8841 253.7714 0.5546 5.0443
1.6725 0.0000 100.3265 391.3787 217.8404 0.5693 4.6146
4.4633 0.0000 100.2977 531.7504 222.3719 0.5520 4.5405
6.6039 0.0000 100.2105 611.2811 229.3412 0.5092 4.1098
7.7497 0.0000 100.1030 621.7109 234.2524 0.4972 3.7463
8.4435 0.0000 100.0033 564.8313 238.3426 0.4966 3.8362
8.7048 0.0000 99.9318 440.6776 241.9743 0.5016 4.0924
8.5729 0.0000 99.8951 277.2236 243.8048 0.5069 4.3805
7.8974 0.0000 99.8848 98.0501 243.9817 0.5233 4.8511
6.8009 0.0000 99.8933 1.8374 241.9667 0.5371 5.6399
5.7448 0.0000 99.9078 0.0000 239.3069 0.5406 5.9037
4.9050 0.0000 99.9121 0.0000 237.0917 0.5433 5.4314
4.2893 0.0000 99.9144 0.0000 236.8879 0.5443 5.0053
3.8279 0.0000 99.9219 0.0000 244.8860 0.5451 4.6277
3.4844 0.0000 99.9140 0.0000 250.8843 0.5461 4.1746
3.2308 0.0000 99.8890 0.0000 259.3426 0.5465 3.8917
3.0609 0.0000 99.8599 0.0000 266.0610 0.5473 3.6864
2.9337 0.0000 99.8338 0.0000 271.3234 0.5491 3.5779
2.7860 0.0000 99.8071 0.0000 274.2538 0.5516 3.5499
2.6133 0.0000 99.7670 0.0000 277.1974 0.5542 3.8166
2.4217 0.0000 99.7338 0.0000 279.1943 0.5573 4.0405
2.3541 0.0000 99.7042 0.0000 278.2787 0.5613 4.3405
2.4387 0.0000 99.6645 0.0000 277.1787 0.5660 4.5994
2.5868 0.0000 99.6771 30.8151 268.6704 0.5701 3.7736
