0.6149 0.0001 101.1787 178.4934 247.9366 0.5877 5.6840
2.7422 0.0000 101.2013 376.9536 227.0675 0.5983 5.1628
5.3787 0.0000 101.1736 515.9119 232.4240 0.5910 4.8898
7.6097 0.0000 101.0868 599.2016 238.8544 0.5357 4.5468
8.8255 0.0000 100.9769 609.1586 245.2060 0.5048 4.4131
9.4472 0.0000 100.8748 560.7099 246.9769 0.4978 4.6469
9.6674 0.0000 100.8011 441.6765 248.7027 0.4994 4.9487
9.5153 0.0000 100.7592 281.7129 249.0746 0.5041 5.3303
8.7968 0.0000 100.7492 103.5622 248.1302 0.5258 5.7083
7.6043 0.0000 100.7585 2.6307 245.2495 0.5476 6.5084
6.5884 0.0000 100.7779 0.0000 242.3511 0.5537 6.8950
5.7981 0.0000 100.7889 0.0000 240.7634 0.5575 6.6559
5.1517 0.0000 100.7858 0.0000 247.0132 0.5605 6.6040
4.6217 0.0000 100.7995 0.0000 257.1848 0.5650 6.0896
4.2290 0.0000 100.7937 0.0000 264.9144 0.5684 5.6934
3.9414 0.0000 100.7664 0.0000 271.5067 0.5694 5.5130
3.7274 0.0000 100.7361 0.0000 276.0345 0.5691 5.4182
3.5271 0.0000 100.7097 0.0000 279.8070 0.5694 5.2696
3.3188 0.0000 100.6832 0.0000 282.2687 0.5698 5.3070
3.0973 0.0000 100.6388 0.0000 284.1196 0.5712 5.3968
2.9104 0.0000 100.6041 0.0000 283.7402 0.5737 5.3959
2.8130 0.0000 100.5610 0.0000 281.9790 0.5785 5.6976
2.8155 0.0000 100.5285 0.0000 273.6081 0.5855 5.5677
2.8441 0.0000 100.5728 39.2480 249.5241 0.5912 4.2836
