-2.0517 0.0003 102.7572 159.9449 245.8559 0.4942 4.1898
-0.0070 0.0000 102.7794 331.4949 226.0143 0.5147 3.9261
2.8935 0.0000 102.7483 456.6153 230.8827 0.4911 3.8587
4.4155 0.0000 102.6530 549.3579 230.2095 0.4678 3.1876
5.2688 0.0000 102.5303 582.2137 225.3068 0.4649 2.5548
5.8882 0.0000 102.4217 527.6413 226.0827 0.4681 2.2125
6.2966 0.0000 102.3407 409.1178 227.9579 0.4696 2.0958
6.3441 0.0000 102.2983 244.8372 229.8000 0.4730 2.1892
6.0466 0.0000 102.2891 72.2252 230.8747 0.4800 2.6342
5.5504 0.0000 102.2969 0.1734 230.9257 0.4867 3.5424
4.9606 0.0000 102.2996 0.0000 230.6695 0.4926 4.4753
4.3019 0.0000 102.2795 0.0000 230.2116 0.4996 5.2660
3.6453 0.0000 102.2629 0.0000 229.7657 0.5069 5.6216
3.0813 0.0000 102.2769 0.0000 229.5645 0.5141 5.3940
2.6366 0.0000 102.2902 0.0000 229.6810 0.5217 5.2045
2.2087 0.0000 102.2549 0.0000 229.8449 0.5287 5.4178
1.7587 0.0000 102.2297 0.0000 230.9023 0.5355 5.2212
1.3268 0.0000 102.2355 0.0000 237.1360 0.5437 4.6275
0.9589 0.0000 102.2254 0.0000 244.0502 0.5527 4.4156
0.6634 0.0000 102.1837 0.0000 251.7940 0.5626 4.6053
0.4016 0.0000 102.1350 0.0000 255.0502 0.5721 4.9968
0.1411 0.0004 102.0984 0.0000 262.8709 0.5783 5.4128
-0.1535 0.0026 102.0606 0.0000 271.2395 0.5808 5.6325
-0.3609 0.0031 102.0219 23.5977 279.0158 0.5817 5.4399
