-0.7329 0.0046 103.0399 169.5603 267.1062 0.5601 3.3687
1.5611 0.0007 103.0545 350.6533 249.4501 0.5872 3.5023
3.8958 0.0001 103.0076 530.2766 226.3496 0.5772 3.1460
5.2218 0.0000 102.9021 588.3303 232.4091 0.5558 2.5629
6.1192 0.0000 102.7847 568.1749 240.2908 0.5436 2.0870
6.7457 0.0000 102.6892 514.4926 238.1851 0.5395 1.8293
7.0853 0.0000 102.6180 398.8257 236.4589 0.5403 1.7603
7.0981 0.0000 102.5827 231.7099 236.6548 0.5437 1.7612
6.8255 0.0000 102.5781 58.6136 236.9402 0.5494 1.9895
6.4323 0.0000 102.6012 0.0006 237.1141 0.5579 2.5609
6.0166 0.0000 102.6183 0.0000 237.1254 0.5698 3.1606
5.5390 0.0000 102.6045 0.0000 235.3096 0.5863 3.8707
4.9714 0.0000 102.5827 0.0000 232.8357 0.6069 4.6589
4.3204 0.0000 102.5632 0.0000 232.0884 0.6268 5.2614
3.7020 0.0000 102.5684 0.0000 231.5477 0.6406 5.2873
3.1139 0.0000 102.5656 0.0000 231.0763 0.6449 5.0030
2.5916 0.0000 102.5454 0.0000 230.1591 0.6424 4.8872
2.1980 0.0000 102.5217 0.0000 229.4367 0.6361 4.9251
1.8858 0.0000 102.4837 0.0000 230.1792 0.6295 4.7141
1.6128 0.0002 102.4541 0.0000 233.6965 0.6242 4.2793
1.3527 0.0009 102.4571 0.0000 237.3298 0.6198 4.2495
1.2955 0.0009 102.4724 0.0000 245.2782 0.6171 4.2347
1.4283 0.0005 102.4624 0.0432 259.1571 0.6166 4.0851
1.6587 0.0002 102.4271 43.9285 259.8138 0.6173 4.0959
