-1.2302 0.0011 101.9955 109.0075 265.8383 0.5227 3.8221
0.3881 0.0000 102.0219 280.5575 238.0951 0.5250 4.0776
2.4794 0.0000 101.9943 445.3198 230.0629 0.5185 4.1980
4.5059 0.0000 101.9023 543.3729 230.7020 0.4992 4.0418
5.5766 0.0000 101.7760 567.3002 231.9201 0.4937 3.4700
6.3315 0.0000 101.6603 519.3744 234.7088 0.4899 3.0990
6.7546 0.0000 101.5726 407.4973 237.6142 0.4883 2.9597
6.8149 0.0000 101.5303 253.3062 239.0139 0.4883 3.0152
6.4690 0.0000 101.5150 86.2951 239.1145 0.4931 3.4217
5.8809 0.0000 101.5155 1.4349 237.9194 0.4964 4.2226
5.2903 0.0000 101.5213 0.0000 236.3597 0.4944 4.6270
4.7382 0.0000 101.5218 0.0000 234.8635 0.4934 4.4815
4.2338 0.0000 101.5294 0.0000 234.0531 0.4940 4.0964
3.7778 0.0000 101.5282 0.0000 234.4344 0.4961 3.9204
3.3386 0.0000 101.5134 0.0000 238.1441 0.5003 3.7779
2.9537 0.0000 101.4957 0.0000 247.1214 0.5061 3.3316
2.6471 0.0000 101.4740 0.0000 255.8260 0.5124 2.9992
2.3770 0.0000 101.4642 0.0000 261.5070 0.5196 2.8065
2.1005 0.0000 101.4353 0.0000 265.9620 0.5269 2.9042
1.8018 0.0000 101.3822 0.0000 270.0686 0.5342 3.2881
1.5168 0.0000 101.3327 0.0000 275.1428 0.5417 3.6425
1.2944 0.0000 101.2893 0.0000 278.7207 0.5492 4.0834
1.0956 0.0000 101.2465 0.0000 279.5893 0.5565 4.5355
1.0273 0.0010 101.2753 17.0158 276.5498 0.5635 4.1419
