-2.0938 0.0024 102.9439 169.8868 256.7345 0.5070 2.8091
0.3794 0.0002 102.9527 369.9142 229.8555 0.5427 3.0120
3.2530 0.0000 102.9152 508.7616 225.7765 0.5383 3.1135
4.5292 0.0000 102.8137 562.2135 233.8711 0.5231 2.4966
5.3156 0.0000 102.6993 572.0519 233.7538 0.5189 1.9142
5.9097 0.0000 102.6024 520.4474 232.1110 0.5183 1.5647
6.2855 0.0000 102.5272 403.8807 231.4204 0.5174 1.4187
6.3280 0.0000 102.4866 237.5161 232.1290 0.5184 1.4298
6.0492 0.0000 102.4775 63.8702 232.0346 0.5225 1.6959
5.6355 0.0000 102.4961 0.0102 231.3677 0.5272 2.2991
5.2121 0.0000 102.5065 0.0000 230.8686 0.5322 2.9751
4.7734 0.0000 102.4883 0.0000 230.4847 0.5396 3.7504
4.3298 0.0000 102.4598 0.0000 230.2119 0.5511 4.4427
3.8584 0.0000 102.4510 0.0000 230.0702 0.5679 4.7399
3.3497 0.0000 102.4683 0.0000 230.0257 0.5877 4.6162
2.7565 0.0000 102.4588 0.0000 230.0784 0.6049 4.5232
2.1139 0.0000 102.4291 0.0000 229.6834 0.6179 4.7553
1.4805 0.0000 102.4086 0.0000 229.7714 0.6269 4.7912
0.8568 0.0002 102.3963 0.0000 240.2119 0.6277 4.1538
0.2226 0.0031 102.3801 0.0000 263.5586 0.6171 3.6855
-0.3328 0.0094 102.3628 0.0000 281.6591 0.6000 3.7309
-0.5935 0.0075 102.3479 0.0000 287.3331 0.5880 3.8140
-0.5978 0.0054 102.3235 0.0003 286.6209 0.5847 4.0559
-0.3840 0.0025 102.2846 30.9909 281.7940 0.5880 4.2825
