-2.1302 0.0004 102.8405 169.9345 242.6734 0.4927 3.9562
0.0592 0.0000 102.8594 351.9780 219.0597 0.5111 3.6954
2.9990 0.0000 102.8243 471.8451 226.5847 0.4784 3.4431
4.3549 0.0000 102.7289 547.7669 230.0389 0.4600 2.7517
5.1536 0.0000 102.6101 577.2804 225.4901 0.4612 2.1905
5.7306 0.0000 102.5047 522.6454 225.8723 0.4671 1.9033
6.0958 0.0000 102.4270 404.3252 227.2128 0.4705 1.8465
6.1030 0.0000 102.3846 240.1136 228.4556 0.4749 1.9683
5.7664 0.0000 102.3755 67.9825 229.5267 0.4813 2.4555
5.2320 0.0000 102.3875 0.0626 229.5967 0.4868 3.3495
4.6185 0.0000 102.3936 0.0000 229.1992 0.4910 4.1681
3.9758 0.0000 102.3734 0.0000 228.4878 0.4950 4.8853
3.3687 0.0000 102.3531 0.0000 227.7983 0.4990 5.2672
2.8754 0.0000 102.3562 0.0000 227.6260 0.5044 5.0958
2.5085 0.0000 102.3807 0.0000 228.0374 0.5123 4.7274
2.1531 0.0000 102.3522 0.0000 228.6462 0.5216 4.8564
1.7300 0.0000 102.3187 0.0000 228.8975 0.5326 4.9193
1.2581 0.0000 102.3212 0.0000 232.3535 0.5469 4.2988
0.8209 0.0000 102.3188 0.0000 240.2811 0.5623 3.9489
0.4555 0.0000 102.2744 0.0000 246.4866 0.5785 4.0564
0.1032 0.0000 102.2297 0.0000 253.2932 0.5885 4.3980
-0.2971 0.0010 102.1899 0.0000 262.4314 0.5870 4.8846
-0.7918 0.0060 102.1591 0.0000 273.3468 0.5768 5.1177
-1.0509 0.0071 102.1199 24.2540 284.4169 0.5655 4.8980
