-1.9675 0.0024 102.8354 170.2306 256.7325 0.5088 2.6136
0.3763 0.0002 102.8448 368.3587 232.3145 0.5412 2.8750
3.2706 0.0000 102.8047 495.5952 230.5416 0.5357 3.1593
4.6026 0.0000 102.7058 549.9632 238.4331 0.5205 2.6054
5.4234 0.0000 102.5907 576.0662 234.0874 0.5161 2.0332
6.0496 0.0000 102.4925 526.7807 232.0017 0.5150 1.7094
6.4435 0.0000 102.4147 409.4101 231.5039 0.5138 1.5794
6.4981 0.0000 102.3767 242.4562 232.1906 0.5141 1.6023
6.2080 0.0000 102.3676 66.9268 232.1305 0.5178 1.9408
5.7464 0.0000 102.3844 0.0197 231.4216 0.5221 2.6582
5.2771 0.0000 102.3948 0.0000 230.8594 0.5259 3.3858
4.8052 0.0000 102.3746 0.0000 230.3319 0.5314 4.1208
4.3518 0.0000 102.3461 0.0000 230.0153 0.5400 4.6646
3.9169 0.0000 102.3426 0.0000 229.9093 0.5534 4.7441
3.4865 0.0000 102.3598 0.0000 230.1050 0.5704 4.4466
2.9679 0.0000 102.3440 0.0000 230.4039 0.5869 4.3178
2.3771 0.0000 102.3162 0.0000 230.1489 0.6026 4.5187
1.7759 0.0000 102.2956 0.0000 229.9036 0.6175 4.4922
1.1921 0.0001 102.2833 0.0000 237.7972 0.6266 3.8916
0.6014 0.0015 102.2633 0.0000 258.6371 0.6247 3.5669
0.0266 0.0070 102.2485 0.0000 278.6364 0.6136 3.7384
-0.3257 0.0077 102.2368 0.0000 290.3377 0.6008 3.9565
-0.3811 0.0073 102.2150 0.0003 293.0601 0.5956 4.2205
-0.1425 0.0023 102.1748 29.6135 287.0078 0.6003 4.4355
