-0.1981 0.0011 101.4006 162.4149 253.4596 0.5587 5.4671
1.6757 0.0001 101.4204 377.2827 219.9596 0.5669 5.1036
4.2588 0.0000 101.3884 519.7110 223.3383 0.5477 5.1651
6.2580 0.0000 101.2986 600.2636 230.0730 0.5078 4.8701
7.3346 0.0000 101.1886 612.0956 234.6087 0.4944 4.4777
8.0172 0.0000 101.0857 556.5390 238.3812 0.4920 4.4419
8.3034 0.0000 101.0084 434.5503 241.7867 0.4963 4.5804
8.2155 0.0000 100.9691 273.2265 243.4508 0.5021 4.8143
7.5892 0.0000 100.9557 96.4993 243.5572 0.5207 5.2879
6.5520 0.0000 100.9642 1.8870 241.5267 0.5371 6.1932
5.6143 0.0000 100.9755 0.0000 238.9723 0.5415 6.5242
4.9046 0.0000 100.9855 0.0000 236.9387 0.5450 6.0028
4.3780 0.0000 100.9885 0.0000 236.8391 0.5468 5.5351
3.9593 0.0000 100.9953 0.0000 245.0176 0.5479 5.1085
3.6241 0.0000 100.9842 0.0000 252.3715 0.5490 4.6014
3.3434 0.0000 100.9567 0.0000 259.1565 0.5494 4.2560
3.1187 0.0000 100.9307 0.0000 265.8853 0.5494 4.0453
2.9241 0.0000 100.9073 0.0000 270.6797 0.5501 3.9958
2.7051 0.0000 100.8774 0.0000 273.4969 0.5517 4.0969
2.4365 0.0000 100.8341 0.0000 277.6606 0.5544 4.3862
2.1642 0.0000 100.7983 0.0000 279.5369 0.5582 4.5715
2.0025 0.0000 100.7610 0.0000 279.9034 0.5635 4.7780
2.0184 0.0000 100.7213 0.0000 278.7416 0.5697 4.8378
2.1474 0.0000 100.7409 25.6477 273.2088 0.5749 3.8463
