-1.5091 0.0011 98.4809 204.4094 236.4199 0.5043 3.1763
0.6530 0.0000 98.4900 404.6607 218.3773 0.5185 3.3216
3.4136 0.0000 98.4536 547.5976 219.1660 0.4962 3.4799
5.4004 0.0000 98.3598 628.8063 222.6816 0.4728 2.8834
6.4447 0.0000 98.2537 633.7337 226.5565 0.4818 2.1530
7.1775 0.0000 98.1662 570.1487 230.0745 0.4925 1.7268
7.6194 0.0000 98.0991 445.2703 232.6791 0.5003 1.7722
7.6541 0.0000 98.0712 274.1847 234.2285 0.5074 2.0487
7.1640 0.0000 98.0694 87.3466 234.7536 0.5178 2.6567
6.2677 0.0000 98.0840 0.4233 233.4922 0.5256 3.5177
5.3262 0.0000 98.0951 0.0000 232.4452 0.5296 3.8589
4.5075 0.0000 98.0805 0.0000 231.9464 0.5327 3.8759
3.8527 0.0000 98.0724 0.0000 231.6059 0.5355 3.6199
3.3858 0.0000 98.0725 0.0000 231.4527 0.5381 3.3136
3.0543 0.0000 98.0752 0.0000 232.5127 0.5403 3.1555
2.7061 0.0000 98.0532 0.0000 233.4921 0.5410 3.0180
2.3891 0.0000 98.0316 0.0000 236.7224 0.5402 3.0266
2.1301 0.0000 97.9999 0.0000 243.8669 0.5392 3.0025
1.8981 0.0000 97.9598 0.0000 253.5360 0.5381 2.5615
1.7064 0.0000 97.9364 0.0000 263.0104 0.5373 1.9405
1.5854 0.0000 97.9287 0.0000 259.8359 0.5367 1.7928
1.6046 0.0000 97.9214 0.0000 260.9667 0.5372 2.1472
1.6603 0.0000 97.9002 0.0016 254.8622 0.5388 2.8480
1.6664 0.0003 97.8613 50.5787 248.8659 0.5404 3.6265
