-2.2301 0.0003 102.8213 170.0611 241.2925 0.4881 3.8914
0.0050 0.0000 102.8372 344.9060 219.0331 0.5036 3.5279
2.9068 0.0000 102.8022 478.6715 222.6887 0.4646 3.1854
4.2451 0.0000 102.7069 553.6630 226.5121 0.4463 2.5505
5.0204 0.0000 102.5881 572.7026 224.8346 0.4484 2.0611
5.5607 0.0000 102.4858 517.7700 225.2406 0.4550 1.8102
5.8872 0.0000 102.4112 400.6777 226.1177 0.4591 1.7933
5.8656 0.0000 102.3688 237.7790 226.9991 0.4635 1.9357
5.4993 0.0000 102.3597 66.4458 228.1141 0.4689 2.4462
4.9319 0.0000 102.3687 0.0421 228.1053 0.4724 3.2987
4.3075 0.0000 102.3778 0.0000 227.5090 0.4747 3.9889
3.6836 0.0000 102.3577 0.0000 226.7415 0.4774 4.5973
3.0998 0.0000 102.3373 0.0000 226.0959 0.4808 4.9407
2.6271 0.0000 102.3372 0.0000 226.0948 0.4866 4.8072
2.2680 0.0000 102.3620 0.0000 226.6813 0.4961 4.4630
1.9096 0.0000 102.3396 0.0000 227.4450 0.5080 4.5811
1.4820 0.0000 102.3092 0.0000 227.8425 0.5218 4.7031
1.0308 0.0000 102.3086 0.0000 231.6476 0.5382 4.1398
0.6319 0.0000 102.3062 0.0000 239.2814 0.5551 3.8166
0.2881 0.0000 102.2555 0.0000 244.1008 0.5726 3.8766
-0.0587 0.0000 102.2107 0.0000 252.3641 0.5816 4.1987
-0.4454 0.0011 102.1677 0.0000 255.7083 0.5802 4.6785
-0.9746 0.0068 102.1401 0.0000 266.9708 0.5695 4.8925
-1.3187 0.0085 102.1040 25.6455 280.0456 0.5552 4.6792
