0.0830 0.0085 102.2624 160.1899 270.1658 0.5691 2.4989
1.8187 0.0017 102.2703 330.0774 262.8013 0.5847 2.4195
3.8374 0.0000 102.2173 534.8227 228.4778 0.5850 2.5492
5.7717 0.0000 102.1052 599.1188 234.9789 0.5445 2.3557
6.9352 0.0000 101.9796 606.2089 236.5650 0.5329 2.0861
7.6840 0.0000 101.8769 546.5125 236.8658 0.5328 1.9823
8.0952 0.0000 101.8036 420.1305 238.7508 0.5341 2.0986
8.1375 0.0000 101.7714 249.3427 239.5549 0.5355 2.3045
7.7180 0.0000 101.7632 70.0900 239.2835 0.5411 2.8966
6.9310 0.0000 101.7870 0.0301 238.6924 0.5469 3.8510
6.0908 0.0000 101.8054 0.0000 235.6382 0.5506 4.3400
5.3243 0.0000 101.8010 0.0000 233.9815 0.5557 4.4892
4.7369 0.0000 101.7799 0.0000 232.8762 0.5640 4.3284
4.3281 0.0000 101.7686 0.0000 232.5628 0.5769 3.7994
3.9811 0.0000 101.7687 0.0000 232.7526 0.5945 3.0780
3.5196 0.0000 101.7568 0.0000 233.0461 0.6119 2.6299
2.9590 0.0000 101.7368 0.0000 232.6437 0.6276 2.3567
2.4029 0.0000 101.7205 0.0000 232.3035 0.6406 2.2154
1.8485 0.0001 101.6780 0.0000 235.5109 0.6493 2.2313
1.2658 0.0009 101.6392 0.0000 248.9840 0.6492 2.3927
0.6777 0.0035 101.6494 0.0000 283.5674 0.6364 2.7534
0.3354 0.0066 101.6807 0.0000 292.9277 0.6234 2.7001
0.1290 0.0162 101.6825 0.0466 293.3373 0.6159 2.4670
0.1826 0.0093 101.6538 38.3822 287.8250 0.6156 2.3307
