0.1252 0.0104 101.9688 159.3096 273.7208 0.5728 2.5721
1.7534 0.0015 101.9767 333.3002 262.0462 0.5853 2.4895
3.8460 0.0000 101.9237 540.1128 228.4636 0.5839 2.5740
5.8637 0.0000 101.8096 609.8720 233.5762 0.5489 2.4258
7.0982 0.0000 101.6859 613.7809 236.1710 0.5374 2.1840
7.8870 0.0000 101.5832 549.5525 237.9007 0.5374 2.0969
8.3127 0.0000 101.5099 422.2905 239.9361 0.5391 2.2130
8.3657 0.0000 101.4810 250.6726 240.8707 0.5405 2.3966
7.9787 0.0000 101.4760 70.5925 240.7401 0.5461 2.9534
7.2550 0.0000 101.4978 0.0368 243.1438 0.5520 3.8292
6.4724 0.0000 101.5162 0.0000 237.3009 0.5565 4.2604
5.7237 0.0000 101.5118 0.0000 235.6338 0.5633 4.3733
5.0956 0.0000 101.4926 0.0000 234.3827 0.5741 4.1777
4.6158 0.0000 101.4800 0.0000 233.8339 0.5894 3.6459
4.2156 0.0000 101.4757 0.0000 233.7430 0.6084 2.9260
3.7287 0.0000 101.4638 0.0000 233.8861 0.6253 2.3554
3.1628 0.0000 101.4470 0.0000 233.3985 0.6384 1.9337
2.6142 0.0000 101.4320 0.0000 232.9627 0.6475 1.7471
2.0718 0.0001 101.3862 0.0000 236.5363 0.6519 1.7909
1.5129 0.0007 101.3443 0.0000 250.2278 0.6499 1.9646
0.9723 0.0019 101.3519 0.0000 274.4988 0.6413 2.4026
0.6187 0.0040 101.3870 0.0000 279.1286 0.6314 2.5463
0.3555 0.0139 101.3945 0.0881 287.4719 0.6224 2.3516
0.3358 0.0099 101.3659 42.0860 286.3717 0.6195 2.1538
