3.6181 0.0068 103.0478 186.6180 266.1339 0.6124 5.2116
4.1655 0.0042 103.0725 322.0807 264.0317 0.5985 4.8059
4.5961 0.0031 103.0395 472.5137 248.2352 0.5981 4.3926
4.9904 0.0023 102.9414 545.1430 246.4713 0.5960 3.9522
5.2748 0.0020 102.8437 549.2157 244.6545 0.5941 3.5141
5.4234 0.0016 102.7672 481.2839 245.6926 0.5928 3.1777
5.4307 0.0011 102.7120 357.9078 246.1678 0.5894 2.9542
5.3068 0.0009 102.6856 201.4457 245.5456 0.5845 2.8476
4.9511 0.0007 102.6843 44.6717 245.1131 0.5836 3.0201
4.4476 0.0003 102.7063 0.0000 244.5985 0.5856 3.4832
4.0118 0.0002 102.7321 0.0000 238.3309 0.5850 3.6091
3.6988 0.0001 102.7332 0.0000 233.4071 0.5825 3.6811
3.5664 0.0000 102.7074 0.0000 229.4882 0.5785 3.8824
3.5544 0.0000 102.6816 0.0000 227.7725 0.5765 4.1126
3.6128 0.0000 102.6642 0.0000 227.6799 0.5788 4.0827
3.5994 0.0000 102.6533 0.0000 228.0210 0.5826 3.7418
3.4783 0.0000 102.6395 0.0000 227.7273 0.5856 3.5825
3.3254 0.0000 102.6100 0.0000 227.4033 0.5877 3.8233
3.1736 0.0000 102.5606 0.0000 226.9083 0.5906 4.1866
3.0394 0.0000 102.5116 0.0000 226.5890 0.5953 4.2360
2.9225 0.0000 102.5106 0.0000 226.9788 0.5995 4.2668
2.9430 0.0000 102.5263 0.0000 228.5595 0.6033 4.3001
3.0869 0.0000 102.5273 0.1600 236.1253 0.6079 3.9670
3.3137 0.0000 102.5027 61.1894 243.2826 0.6143 3.6472
