-2.1796 0.0026 103.0522 169.9855 257.9908 0.5074 2.8975
0.3836 0.0001 103.0610 366.8671 231.6941 0.5482 3.0533
3.2443 0.0000 103.0250 518.1173 223.3144 0.5463 3.0414
4.4790 0.0000 102.9220 575.7068 229.8699 0.5310 2.3724
5.2452 0.0000 102.8065 570.2344 233.7693 0.5264 1.7787
5.8213 0.0000 102.7121 513.6938 233.2963 0.5257 1.3977
6.1878 0.0000 102.6385 399.0644 231.8881 0.5247 1.2250
6.2299 0.0000 102.5964 232.9985 232.6087 0.5263 1.2183
5.9727 0.0000 102.5873 60.9005 232.4257 0.5308 1.4009
5.6128 0.0000 102.6085 0.0025 231.6984 0.5362 1.8913
5.2397 0.0000 102.6189 0.0000 231.1698 0.5429 2.5241
4.8336 0.0000 102.6033 0.0000 230.8882 0.5529 3.3476
4.3966 0.0000 102.5748 0.0000 230.7147 0.5682 4.2093
3.8828 0.0000 102.5594 0.0000 230.5592 0.5892 4.7663
3.2849 0.0000 102.5767 0.0000 230.2504 0.6119 4.8618
2.6094 0.0000 102.5740 0.0000 229.9724 0.6290 4.7911
1.9204 0.0000 102.5452 0.0000 229.3724 0.6374 5.0040
1.2769 0.0000 102.5211 0.0000 229.9050 0.6376 5.1374
0.6230 0.0002 102.5052 0.0000 242.5577 0.6283 4.4794
-0.0233 0.0036 102.4943 0.0000 265.4412 0.6109 3.7847
-0.5084 0.0077 102.4779 0.0000 279.0019 0.5922 3.7034
-0.6817 0.0053 102.4638 0.0000 282.7769 0.5823 3.6676
-0.6302 0.0031 102.4379 0.0002 281.0154 0.5806 3.8759
-0.3832 0.0015 102.4016 33.2470 276.4729 0.5842 4.1356
