-0.4459 0.0097 100.8179 169.1757 266.0760 0.5471 2.3611
1.2568 0.0011 100.8262 354.6650 250.3804 0.5590 2.5121
3.5017 0.0000 100.7775 547.1861 224.4139 0.5511 2.7184
5.6932 0.0000 100.6644 618.9173 230.0677 0.5204 2.5392
6.8175 0.0000 100.5460 621.6133 233.5468 0.5240 2.2114
7.6158 0.0000 100.4470 557.3035 235.8913 0.5299 1.9906
8.0631 0.0000 100.3760 430.4895 238.1966 0.5343 2.0398
8.1284 0.0000 100.3473 258.6310 239.5147 0.5373 2.2251
7.7381 0.0000 100.3429 76.0160 240.1900 0.5432 2.7873
6.9855 0.0000 100.3610 0.1189 243.9600 0.5477 3.6782
6.1132 0.0000 100.3787 0.0000 236.0050 0.5497 4.1148
5.2121 0.0000 100.3720 0.0000 234.1824 0.5520 4.2243
4.4315 0.0000 100.3596 0.0000 232.7391 0.5559 3.9802
3.8490 0.0000 100.3521 0.0000 232.0447 0.5615 3.4073
3.3938 0.0000 100.3499 0.0000 231.8968 0.5691 2.7370
2.8973 0.0000 100.3357 0.0000 231.8834 0.5760 2.1898
2.3648 0.0000 100.3192 0.0000 231.8312 0.5815 1.8306
1.8704 0.0000 100.2990 0.0000 232.8311 0.5859 1.7753
1.3868 0.0000 100.2517 0.0000 235.5640 0.5901 1.8287
0.9209 0.0001 100.2118 0.0000 249.7095 0.5933 1.9021
0.4886 0.0010 100.2214 0.0000 264.0163 0.5921 2.3122
0.1478 0.0032 100.2418 0.0000 264.0070 0.5859 2.5329
-0.1705 0.0151 100.2430 0.0340 279.5237 0.5782 2.3794
-0.2579 0.0113 100.2128 44.2757 274.7489 0.5784 2.2737
