4.6465 0.0005 102.9990 242.0084 249.7171 0.6352 6.4260
5.2058 0.0002 103.0227 415.2830 242.2505 0.6303 6.0066
5.7010 0.0001 102.9878 551.8143 235.7013 0.6282 5.6537
6.0915 0.0001 102.8956 613.8519 236.2149 0.6311 5.2223
6.3761 0.0001 102.8001 605.0696 237.4449 0.6327 4.6852
6.5575 0.0001 102.7197 527.7244 239.5549 0.6314 4.2676
6.5930 0.0001 102.6643 395.3913 240.3012 0.6298 4.0412
6.4865 0.0000 102.6369 227.0400 238.6620 0.6285 3.9199
6.2321 0.0000 102.6329 51.5714 238.9374 0.6311 3.9218
5.9402 0.0001 102.6605 0.0000 238.8758 0.6364 4.1250
5.7092 0.0000 102.6838 0.0000 238.5407 0.6404 4.2496
5.5108 0.0000 102.6863 0.0000 236.7269 0.6429 4.4224
5.3614 0.0000 102.6630 0.0000 235.4282 0.6440 4.5937
5.2957 0.0000 102.6382 0.0000 234.6071 0.6453 4.7036
5.3009 0.0000 102.6154 0.0000 234.1721 0.6493 4.6553
5.2150 0.0000 102.5944 0.0000 234.2953 0.6525 4.5288
5.0435 0.0000 102.5762 0.0000 233.9994 0.6541 4.5975
4.8646 0.0000 102.5543 0.0000 233.7178 0.6564 4.7451
4.6784 0.0000 102.5119 0.0000 233.3778 0.6588 4.8572
4.5190 0.0000 102.4543 0.0000 233.0055 0.6620 4.8809
4.3960 0.0000 102.4351 0.0000 232.9103 0.6656 4.9570
4.4012 0.0000 102.4733 0.0000 233.2747 0.6684 5.1892
4.4795 0.0000 102.4963 0.5044 238.1891 0.6703 5.1202
4.6462 0.0000 102.4841 60.5963 256.3868 0.6725 4.7101
