-2.1071 0.0009 102.8866 169.8445 247.3994 0.4981 3.6032
0.2371 0.0000 102.9019 370.3447 218.0642 0.5232 3.6021
3.1679 0.0000 102.8666 485.4450 226.3813 0.5037 3.4747
4.4776 0.0000 102.7680 547.5838 233.3247 0.4870 2.7686
5.2712 0.0000 102.6528 576.5782 228.4919 0.4866 2.1647
5.8620 0.0000 102.5473 524.9993 227.6094 0.4905 1.8411
6.2443 0.0000 102.4701 405.4171 228.9642 0.4922 1.7384
6.2648 0.0000 102.4277 240.0288 230.1285 0.4956 1.8143
5.9496 0.0000 102.4185 67.0900 230.7382 0.5017 2.2225
5.4653 0.0000 102.4347 0.0458 230.6751 0.5075 3.0357
4.9188 0.0000 102.4406 0.0000 230.4648 0.5124 3.8632
4.3392 0.0000 102.4205 0.0000 229.9375 0.5174 4.6514
3.7849 0.0000 102.3966 0.0000 229.2755 0.5232 5.1468
3.3010 0.0000 102.3987 0.0000 228.9460 0.5315 5.0779
2.8950 0.0000 102.4204 0.0000 229.0959 0.5425 4.7147
2.4652 0.0000 102.3963 0.0000 229.5122 0.5542 4.7572
1.9579 0.0000 102.3583 0.0000 229.4607 0.5670 4.9208
1.3837 0.0000 102.3569 0.0000 230.9761 0.5817 4.4813
0.8341 0.0001 102.3553 0.0000 240.3665 0.5933 3.9581
0.3102 0.0024 102.3247 0.0000 257.3136 0.5972 3.9650
-0.1952 0.0085 102.2872 0.0000 271.5421 0.5922 4.2107
-0.5617 0.0060 102.2540 0.0000 279.0589 0.5844 4.5445
-0.8600 0.0065 102.2236 0.0000 282.8485 0.5765 4.8250
-0.9397 0.0061 102.1810 24.8929 287.2284 0.5705 4.7646
