-0.4227 0.0082 101.2132 167.2461 265.3707 0.5479 2.3232
1.3484 0.0014 101.2205 345.1201 253.8773 0.5627 2.4518
3.4838 0.0000 101.1728 538.5655 226.1059 0.5583 2.6930
5.5626 0.0000 101.0619 609.8167 231.1376 0.5223 2.4795
6.7008 0.0000 100.9404 614.8893 233.9640 0.5207 2.1336
7.4657 0.0000 100.8413 553.6507 235.2742 0.5257 1.9286
7.8938 0.0000 100.7703 427.4223 237.4012 0.5297 1.9917
7.9453 0.0000 100.7384 256.2717 238.4970 0.5327 2.1948
7.5285 0.0000 100.7327 74.7113 238.6828 0.5389 2.7956
6.7317 0.0000 100.7531 0.0930 239.4464 0.5439 3.7493
5.8356 0.0000 100.7699 0.0000 234.8214 0.5463 4.2070
4.9558 0.0000 100.7632 0.0000 233.1126 0.5487 4.3267
4.2405 0.0000 100.7475 0.0000 231.8792 0.5524 4.1189
3.7379 0.0000 100.7401 0.0000 231.4164 0.5581 3.5636
3.3487 0.0000 100.7411 0.0000 231.4889 0.5665 2.9003
2.8914 0.0000 100.7269 0.0000 231.6907 0.5753 2.4370
2.3757 0.0000 100.7071 0.0000 231.5398 0.5839 2.1564
1.8827 0.0000 100.6870 0.0000 232.2457 0.5919 2.0844
1.3967 0.0000 100.6429 0.0000 233.8268 0.5995 2.0638
0.9160 0.0003 100.6062 0.0000 247.3919 0.6036 2.1016
0.4429 0.0022 100.6157 0.0000 272.0023 0.5984 2.4318
0.1369 0.0048 100.6353 0.0000 275.8869 0.5906 2.5344
-0.0992 0.0145 100.6333 0.0219 283.2896 0.5855 2.4379
-0.1320 0.0094 100.6021 41.9312 276.9129 0.5868 2.4553
