-2.3397 0.0002 102.7145 166.0644 238.4729 0.4805 3.9494
-0.2304 0.0000 102.7320 333.6222 220.6952 0.4963 3.4829
2.6274 0.0000 102.7024 468.1471 223.3020 0.4602 3.1139
4.1530 0.0000 102.6073 550.5806 225.7364 0.4363 2.5287
4.9190 0.0000 102.4864 566.1666 225.1353 0.4366 2.0703
5.4402 0.0000 102.3851 510.3698 225.9568 0.4418 1.8344
5.7524 0.0000 102.3090 397.8503 225.9608 0.4452 1.8188
5.7304 0.0000 102.2670 237.3872 226.6520 0.4490 1.9607
5.3640 0.0000 102.2577 67.2730 227.6653 0.4538 2.4801
4.7923 0.0000 102.2630 0.0746 227.5015 0.4566 3.3289
4.1628 0.0000 102.2705 0.0000 226.8047 0.4582 4.0138
3.5303 0.0000 102.2528 0.0000 226.0376 0.4604 4.6005
2.9419 0.0000 102.2319 0.0000 225.5330 0.4638 4.9133
2.4645 0.0000 102.2358 0.0000 225.6717 0.4694 4.7796
2.0943 0.0000 102.2576 0.0000 226.2756 0.4785 4.5213
1.7298 0.0000 102.2327 0.0000 227.0085 0.4896 4.6304
1.3223 0.0000 102.2088 0.0000 228.0257 0.5023 4.5936
0.9303 0.0000 102.2097 0.0000 233.6187 0.5168 4.1132
0.5979 0.0000 102.2006 0.0000 240.5556 0.5316 3.9166
0.3100 0.0000 102.1479 0.0000 246.4479 0.5476 4.0569
0.0227 0.0000 102.0972 0.0000 251.8751 0.5597 4.4401
-0.2789 0.0007 102.0535 0.0000 250.3725 0.5664 4.8716
-0.6947 0.0043 102.0250 0.0000 258.4905 0.5652 5.0526
-1.0473 0.0060 101.9904 26.5590 271.2627 0.5582 4.8494
