0.6967 0.0004 101.1256 161.2619 248.0477 0.5812 6.4233
2.4354 0.0000 101.1591 349.8163 233.1512 0.5809 6.1248
4.5988 0.0000 101.1384 497.0898 233.4891 0.5716 5.5832
6.5988 0.0000 101.0620 582.2608 238.0323 0.5386 4.6236
8.0262 0.0000 100.9436 600.0164 242.4296 0.5145 4.0495
8.9360 0.0000 100.8233 551.6746 245.4768 0.5114 3.8394
9.4678 0.0000 100.7380 434.3096 247.8669 0.5153 3.7580
9.6293 0.0000 100.6847 278.5197 248.8410 0.5213 3.8321
9.2721 0.0000 100.6676 104.5685 249.1613 0.5342 4.0259
8.3660 0.0000 100.6776 3.5893 248.7857 0.5492 4.5748
7.2783 0.0000 100.7229 0.0000 248.3291 0.5600 4.8706
6.2916 0.0000 100.7473 0.0000 250.7677 0.5689 4.9148
5.5058 0.0000 100.7622 0.0000 262.9848 0.5752 4.7726
4.9349 0.0000 100.7780 0.0000 269.3483 0.5799 4.4166
4.5156 0.0000 100.7656 0.0000 272.6402 0.5811 4.4605
4.2171 0.0000 100.7312 0.0000 276.4350 0.5787 4.6811
4.0579 0.0000 100.7054 0.0000 279.6888 0.5746 4.6966
4.0215 0.0000 100.6766 0.0000 283.2693 0.5705 4.6447
4.0618 0.0000 100.6324 0.0000 286.1471 0.5681 4.6368
4.0929 0.0000 100.5825 0.0000 287.8986 0.5679 4.5615
4.0736 0.0000 100.5230 0.0000 288.3291 0.5691 4.8352
3.9599 0.0000 100.4602 0.0000 284.8298 0.5733 5.3579
3.7265 0.0000 100.4849 0.0000 269.8221 0.5812 4.4837
3.5035 0.0000 100.5355 26.2941 263.8203 0.5872 3.4949
