1.3470 0.0000 101.7346 158.0445 252.2396 0.6102 6.1626
3.0667 0.0000 101.7707 348.9242 236.1201 0.6076 6.0350
5.1640 0.0000 101.7513 495.2719 237.0425 0.5932 5.6064
7.0435 0.0000 101.6774 582.6933 240.6752 0.5560 4.8561
8.3207 0.0000 101.5590 602.0493 244.1190 0.5322 4.2196
9.2050 0.0000 101.4362 555.0362 246.5673 0.5244 3.8693
9.7126 0.0000 101.3496 437.8060 248.7389 0.5258 3.7323
9.8642 0.0000 101.2937 282.1102 249.7541 0.5292 3.7947
9.5737 0.0000 101.2766 107.4210 250.8332 0.5397 3.8349
8.8753 0.0000 101.2901 4.1412 252.0906 0.5511 3.9815
8.0018 0.0000 101.3380 0.0000 252.9749 0.5596 4.1112
7.0903 0.0000 101.3534 0.0000 260.6080 0.5706 4.3792
6.2635 0.0000 101.3783 0.0000 271.7077 0.5838 4.1583
5.6082 0.0000 101.3951 0.0000 276.0650 0.5951 3.8477
5.0575 0.0000 101.3759 0.0000 278.0118 0.6020 4.1064
4.5900 0.0000 101.3405 0.0000 281.0072 0.6046 4.5517
4.2776 0.0000 101.3208 0.0000 284.1983 0.6033 4.6139
4.1251 0.0000 101.2894 0.0000 286.4507 0.5992 4.6397
4.0786 0.0000 101.2456 0.0000 288.5043 0.5958 4.5809
4.0656 0.0000 101.1953 0.0000 289.1434 0.5942 4.4534
4.0352 0.0000 101.1317 0.0000 288.6263 0.5932 4.7963
3.9271 0.0000 101.0709 0.0000 278.4303 0.5966 5.1906
3.7339 0.0000 101.1115 0.0000 256.1761 0.6066 3.8725
3.5318 0.0000 101.1493 26.0381 264.1518 0.6150 3.0254
