3.8657 0.0064 103.0410 190.8242 266.8214 0.6134 5.3912
4.3556 0.0042 103.0660 329.6065 264.3290 0.6016 4.9965
4.7368 0.0030 103.0338 473.8878 250.9488 0.6012 4.5991
5.0835 0.0023 102.9375 546.8632 248.4081 0.6007 4.1543
5.3431 0.0020 102.8414 547.7768 247.4639 0.5996 3.6900
5.4848 0.0018 102.7636 478.9350 248.6022 0.5981 3.3305
5.4915 0.0011 102.7097 356.2630 248.6608 0.5948 3.0933
5.3841 0.0010 102.6828 200.7438 247.7313 0.5904 2.9661
5.0810 0.0007 102.6812 44.5806 246.7775 0.5890 3.0652
4.6724 0.0003 102.7027 0.0000 245.9927 0.5901 3.4300
4.3276 0.0001 102.7291 0.0000 239.6732 0.5894 3.5475
4.0691 0.0001 102.7296 0.0000 233.4985 0.5882 3.6488
3.9420 0.0000 102.7042 0.0000 230.6116 0.5854 3.8615
3.9172 0.0000 102.6790 0.0000 229.1216 0.5848 4.0902
3.9592 0.0000 102.6607 0.0000 228.9586 0.5881 4.0910
3.9313 0.0000 102.6464 0.0000 229.3609 0.5922 3.8090
3.8092 0.0000 102.6317 0.0000 229.2067 0.5955 3.6910
3.6595 0.0000 102.6053 0.0000 228.9739 0.5982 3.9170
3.5062 0.0000 102.5557 0.0000 228.5258 0.6013 4.2558
3.3695 0.0000 102.5043 0.0000 228.1645 0.6058 4.3279
3.2567 0.0000 102.5004 0.0000 228.3259 0.6100 4.3751
3.2799 0.0000 102.5208 0.0000 229.5318 0.6138 4.4469
3.4171 0.0000 102.5264 0.2154 235.8175 0.6181 4.1482
3.6365 0.0000 102.5029 62.7182 244.9924 0.6239 3.7838
