-0.3419 0.0003 101.6911 150.0036 257.6172 0.5473 4.8536
1.4194 0.0000 101.7093 363.1911 223.2240 0.5530 4.5872
3.9721 0.0000 101.6776 512.5049 223.3250 0.5253 4.6843
5.8608 0.0000 101.5823 598.5062 227.6281 0.4917 4.3760
6.8823 0.0000 101.4680 612.4436 230.3535 0.4851 3.9458
7.5505 0.0000 101.3669 557.1459 233.1338 0.4860 3.8510
7.8114 0.0000 101.2898 433.1394 236.7980 0.4921 3.9822
7.7042 0.0000 101.2517 269.1840 239.1830 0.4987 4.1380
7.1197 0.0000 101.2425 91.4212 240.2811 0.5153 4.5694
6.2505 0.0000 101.2473 1.2318 239.5191 0.5282 5.3362
5.4820 0.0000 101.2499 0.0000 238.1260 0.5305 5.6710
4.8641 0.0000 101.2453 0.0000 236.7242 0.5327 5.3744
4.3570 0.0000 101.2485 0.0000 235.5644 0.5358 4.7272
3.9070 0.0000 101.2548 0.0000 236.6670 0.5395 4.3803
3.4803 0.0000 101.2442 0.0000 240.8294 0.5446 4.1093
3.0848 0.0000 101.2201 0.0000 247.1659 0.5499 3.7082
2.7578 0.0000 101.1937 0.0000 256.3971 0.5540 3.2232
2.4991 0.0000 101.1757 0.0000 262.8935 0.5574 3.0183
2.2293 0.0000 101.1503 0.0000 266.2305 0.5609 3.1141
1.9397 0.0000 101.1180 0.0000 269.0246 0.5643 3.5184
1.6911 0.0000 101.0822 0.0000 273.5251 0.5676 3.8628
1.6231 0.0000 101.0508 0.0000 275.0144 0.5710 4.0497
1.7290 0.0000 101.0046 0.0000 274.6337 0.5739 4.3666
1.9193 0.0000 100.9963 24.3079 276.9607 0.5769 3.7135
