-1.5359 0.0005 97.9534 207.5137 235.4339 0.5031 3.4395
0.7013 0.0000 97.9641 414.0387 214.4240 0.5180 3.4882
3.5717 0.0000 97.9280 553.5461 217.7748 0.4957 3.5800
5.5496 0.0000 97.8391 631.5534 222.6873 0.4738 2.9162
6.5808 0.0000 97.7354 636.4095 226.5834 0.4828 2.1092
7.3381 0.0000 97.6492 572.9716 230.2075 0.4915 1.5962
7.7924 0.0000 97.5802 448.1610 232.9231 0.4989 1.6051
7.8506 0.0000 97.5533 277.0729 234.5341 0.5063 1.8829
7.3880 0.0000 97.5518 89.5591 235.0783 0.5164 2.4672
6.5214 0.0000 97.5646 0.5086 233.9930 0.5241 3.3171
5.5902 0.0000 97.5754 0.0000 233.1123 0.5288 3.7294
4.7680 0.0000 97.5632 0.0000 232.6925 0.5322 3.7620
4.1069 0.0000 97.5586 0.0000 232.3743 0.5352 3.4777
3.6227 0.0000 97.5605 0.0000 232.1358 0.5378 3.1957
3.2583 0.0000 97.5621 0.0000 233.9485 0.5400 3.0787
2.8800 0.0000 97.5425 0.0000 234.2369 0.5406 2.9605
2.5404 0.0000 97.5206 0.0000 238.5837 0.5396 2.9976
2.2684 0.0000 97.4877 0.0000 248.3155 0.5382 2.9948
2.0395 0.0000 97.4454 0.0000 258.1346 0.5367 2.5992
1.8621 0.0000 97.4236 0.0000 265.8175 0.5357 1.9757
1.7546 0.0000 97.4132 0.0000 260.3455 0.5347 1.8907
1.7756 0.0000 97.4063 0.0000 263.0444 0.5347 2.2321
1.8332 0.0000 97.3823 0.0009 255.5288 0.5355 2.9164
1.8366 0.0001 97.3468 47.9705 253.0863 0.5364 3.6329
