-2.1747 0.0002 102.6158 150.8751 245.6799 0.4865 4.3129
-0.2391 0.0000 102.6384 306.3778 231.1108 0.5062 3.8982
2.5979 0.0000 102.6130 448.7320 230.0449 0.4844 3.8567
4.3247 0.0000 102.5177 554.7517 226.5790 0.4551 3.2851
5.1902 0.0000 102.3913 578.5059 224.5973 0.4499 2.6871
5.7971 0.0000 102.2842 523.6239 225.7847 0.4514 2.3516
6.1939 0.0000 102.2028 408.4282 227.1430 0.4521 2.2358
6.2396 0.0000 102.1604 245.7032 229.1672 0.4548 2.3299
5.9377 0.0000 102.1512 74.0397 230.2481 0.4609 2.7823
5.4279 0.0000 102.1517 0.2427 230.1283 0.4664 3.6793
4.8299 0.0000 102.1541 0.0000 229.7288 0.4712 4.5807
4.1615 0.0000 102.1360 0.0000 229.3760 0.4785 5.3134
3.4813 0.0000 102.1213 0.0000 229.1695 0.4871 5.5981
2.8813 0.0000 102.1413 0.0000 229.1532 0.4956 5.3603
2.3861 0.0000 102.1469 0.0000 229.2359 0.5042 5.3384
1.9072 0.0000 102.1111 0.0000 229.2449 0.5118 5.5864
1.4465 0.0000 102.0969 0.0000 231.3373 0.5179 5.1966
1.0880 0.0000 102.1030 0.0000 240.5463 0.5232 4.7117
0.8301 0.0000 102.0854 0.0000 246.0948 0.5285 4.6704
0.6251 0.0000 102.0385 0.0000 254.1150 0.5349 4.9077
0.4532 0.0000 101.9841 0.0000 254.6415 0.5450 5.3383
0.3305 0.0000 101.9458 0.0000 253.9177 0.5598 5.6753
0.1803 0.0001 101.9059 0.0000 259.5569 0.5740 5.8497
-0.0754 0.0008 101.8708 24.9262 267.3023 0.5830 5.6775
