-2.2775 0.0002 102.5757 151.6663 243.7403 0.4819 4.2696
-0.3517 0.0000 102.5983 308.3633 229.4130 0.5016 3.8074
2.4990 0.0000 102.5746 449.0057 228.8670 0.4787 3.6995
4.2810 0.0000 102.4792 552.8339 226.2450 0.4482 3.1503
5.1273 0.0000 102.3528 574.4829 224.7044 0.4437 2.5869
5.7160 0.0000 102.2473 519.5179 225.8805 0.4456 2.2771
6.0968 0.0000 102.1659 406.6287 226.6434 0.4467 2.1820
6.1292 0.0000 102.1235 244.2042 228.6172 0.4495 2.2846
5.8132 0.0000 102.1143 73.1589 229.6604 0.4554 2.7629
5.2847 0.0000 102.1148 0.2205 229.4655 0.4602 3.6756
4.6665 0.0000 102.1172 0.0000 228.9788 0.4643 4.5592
3.9861 0.0000 102.1007 0.0000 228.5396 0.4704 5.2701
3.3082 0.0000 102.0845 0.0000 228.2968 0.4777 5.5499
2.7208 0.0000 102.1028 0.0000 228.3304 0.4853 5.3197
2.2437 0.0000 102.1117 0.0000 228.5002 0.4936 5.2636
1.7881 0.0000 102.0759 0.0000 228.6321 0.5015 5.4769
1.3480 0.0000 102.0617 0.0000 230.7631 0.5082 5.0913
1.0036 0.0000 102.0678 0.0000 239.8950 0.5144 4.6288
0.7510 0.0000 102.0501 0.0000 245.3548 0.5208 4.5948
0.5469 0.0000 102.0016 0.0000 253.5448 0.5288 4.8439
0.3708 0.0000 101.9457 0.0000 253.4136 0.5407 5.2837
0.2353 0.0000 101.9058 0.0000 251.0519 0.5567 5.6191
0.0660 0.0001 101.8675 0.0000 256.1241 0.5708 5.7810
-0.2077 0.0009 101.8323 25.5689 265.1497 0.5788 5.5986
