-2.2725 0.0003 102.7667 167.2694 241.0450 0.4855 3.9403
-0.0926 0.0000 102.7837 339.4650 220.1984 0.5017 3.5442
2.8057 0.0000 102.7512 473.7744 223.3348 0.4651 3.2190
4.2362 0.0000 102.6558 552.8947 226.3534 0.4443 2.6059
5.0169 0.0000 102.5357 571.6691 224.8429 0.4455 2.1158
5.5591 0.0000 102.4335 516.6742 225.3801 0.4514 1.8637
5.8893 0.0000 102.3577 401.0754 226.0331 0.4552 1.8407
5.8723 0.0000 102.3153 238.3513 227.0818 0.4594 1.9791
5.5097 0.0000 102.3062 67.2718 228.1725 0.4647 2.4929
4.9425 0.0000 102.3137 0.0643 228.1072 0.4682 3.3608
4.3123 0.0000 102.3217 0.0000 227.4998 0.4706 4.0774
3.6749 0.0000 102.3028 0.0000 226.7580 0.4734 4.6957
3.0761 0.0000 102.2825 0.0000 226.1682 0.4771 5.0268
2.5885 0.0000 102.2850 0.0000 226.1906 0.4829 4.8794
2.2157 0.0000 102.3082 0.0000 226.7370 0.4921 4.5718
1.8490 0.0000 102.2835 0.0000 227.4361 0.5034 4.6947
1.4263 0.0000 102.2558 0.0000 228.1272 0.5163 4.7329
0.9979 0.0000 102.2564 0.0000 232.8065 0.5313 4.1936
0.6254 0.0000 102.2514 0.0000 240.0445 0.5468 3.9213
0.3053 0.0000 102.2006 0.0000 245.4907 0.5631 4.0168
-0.0141 0.0000 102.1534 0.0000 252.1281 0.5733 4.3619
-0.3630 0.0009 102.1103 0.0000 253.9497 0.5753 4.8171
-0.8383 0.0057 102.0815 0.0000 263.9751 0.5687 5.0183
-1.1770 0.0073 102.0455 25.8556 276.8122 0.5578 4.8069
