-0.7428 0.0003 99.5730 174.7889 252.5653 0.5405 4.5499
1.4592 0.0000 99.5889 400.9176 215.6271 0.5565 4.2123
4.3693 0.0000 99.5584 541.4961 220.0405 0.5365 4.1371
6.4832 0.0000 99.4727 619.9382 226.7784 0.5012 3.5766
7.6425 0.0000 99.3664 629.0528 231.3470 0.4934 3.0790
8.3545 0.0000 99.2704 570.2216 235.4126 0.4952 3.0873
8.6377 0.0000 99.1997 444.0012 239.4458 0.5017 3.3639
8.5181 0.0000 99.1681 278.1454 241.2623 0.5079 3.6518
7.8701 0.0000 99.1604 96.1088 241.9205 0.5223 4.1654
6.8208 0.0000 99.1703 1.4053 240.7234 0.5330 4.8975
5.7620 0.0000 99.1806 0.0000 238.7637 0.5360 5.1070
4.8975 0.0000 99.1788 0.0000 236.8385 0.5387 4.6756
4.2776 0.0000 99.1810 0.0000 235.4518 0.5403 4.1311
3.8349 0.0000 99.1844 0.0000 240.4310 0.5414 3.7746
3.5108 0.0000 99.1791 0.0000 244.9838 0.5429 3.3850
3.2730 0.0000 99.1568 0.0000 252.7140 0.5440 3.1299
3.1169 0.0000 99.1265 0.0000 260.6767 0.5456 2.9538
3.0088 0.0000 99.0991 0.0000 267.1613 0.5477 2.8142
2.8722 0.0000 99.0734 0.0000 271.6527 0.5499 2.6030
2.7152 0.0000 99.0410 0.0000 273.1187 0.5516 2.7163
2.5496 0.0000 99.0118 0.0000 275.2329 0.5531 3.0337
2.5314 0.0000 98.9921 0.0000 274.5759 0.5552 3.4037
2.6565 0.0000 98.9515 0.0000 271.5878 0.5575 3.9293
2.8280 0.0000 98.9427 31.9803 271.6031 0.5600 3.5927
