-0.7467 0.0005 102.7388 122.3741 261.3142 0.5329 4.5227
0.7977 0.0000 102.7614 288.7923 240.4407 0.5358 4.4391
2.7636 0.0000 102.7329 452.9877 233.0011 0.5213 4.4871
4.5708 0.0000 102.6375 565.9225 228.5534 0.4950 4.2022
5.5975 0.0000 102.5182 588.2977 228.5994 0.4887 3.6258
6.3509 0.0000 102.4017 536.3278 230.5270 0.4858 3.2501
6.7639 0.0000 102.3194 418.7015 233.8350 0.4871 3.1404
6.8891 0.0000 102.2710 257.8755 236.2322 0.4875 3.1766
6.6728 0.0000 102.2556 84.7046 237.5839 0.4920 3.4525
6.2684 0.0000 102.2562 0.9014 237.7759 0.4957 4.1533
5.8074 0.0000 102.2579 0.0000 237.5657 0.4963 4.8093
5.2740 0.0000 102.2476 0.0000 236.8153 0.5000 5.0366
4.7331 0.0000 102.2521 0.0000 235.7970 0.5082 4.6842
4.2278 0.0000 102.2634 0.0000 234.9252 0.5190 4.4486
3.7136 0.0000 102.2486 0.0000 234.6215 0.5315 4.6936
3.1650 0.0000 102.2224 0.0000 237.6109 0.5447 4.5641
2.6559 0.0000 102.2063 0.0000 249.2506 0.5554 4.1029
2.2326 0.0000 102.2016 0.0000 256.1919 0.5633 3.9933
1.8551 0.0000 102.1759 0.0000 261.4287 0.5690 4.2631
1.5058 0.0000 102.1313 0.0000 263.8939 0.5730 4.7826
1.2093 0.0000 102.0819 0.0000 270.2066 0.5753 5.2435
1.0425 0.0000 102.0451 0.0000 274.3417 0.5775 5.4107
0.9652 0.0000 102.0030 0.0000 276.6539 0.5804 5.6439
0.9351 0.0000 101.9967 23.8852 270.7992 0.5852 4.9951
