-0.7327 0.0007 102.6804 130.1518 263.2931 0.5343 4.6829
0.9236 0.0000 102.7009 303.6556 239.8683 0.5401 4.6042
3.0810 0.0000 102.6671 463.8258 233.3208 0.5213 4.6363
4.8488 0.0000 102.5696 572.2936 229.9924 0.4936 4.2311
5.8722 0.0000 102.4512 596.8668 229.0016 0.4890 3.6487
6.5988 0.0000 102.3400 543.6770 230.4643 0.4899 3.3063
7.0022 0.0000 102.2588 424.9238 233.0308 0.4922 3.2317
7.0902 0.0000 102.2145 261.4582 235.1820 0.4934 3.3053
6.7872 0.0000 102.2035 84.8178 236.5357 0.5012 3.6710
6.2843 0.0000 102.2040 0.7245 236.7863 0.5069 4.4813
5.7659 0.0000 102.2044 0.0000 236.7289 0.5087 5.1745
5.2127 0.0000 102.1899 0.0000 236.3805 0.5142 5.4705
4.6524 0.0000 102.1873 0.0000 235.7697 0.5239 5.1948
4.1178 0.0000 102.2015 0.0000 235.1131 0.5347 4.8483
3.5933 0.0000 102.1928 0.0000 234.9736 0.5451 4.9198
3.0496 0.0000 102.1650 0.0000 236.9619 0.5541 4.8368
2.5615 0.0000 102.1446 0.0000 245.5985 0.5607 4.3677
2.1845 0.0000 102.1365 0.0000 253.4455 0.5654 4.0096
1.8584 0.0000 102.1150 0.0000 259.8070 0.5685 4.1135
1.5386 0.0000 102.0746 0.0000 262.6272 0.5704 4.5296
1.2560 0.0000 102.0368 0.0000 267.0107 0.5716 5.0233
1.1184 0.0000 102.0051 0.0000 271.1763 0.5735 5.2764
1.1009 0.0000 101.9648 0.0000 272.5165 0.5767 5.5639
1.1484 0.0000 101.9413 27.5485 267.9963 0.5812 5.1771
