-0.3516 0.0013 98.9127 153.1561 245.0099 0.5270 5.3561
1.6228 0.0001 98.9475 325.8015 236.2451 0.5310 4.8568
3.9332 0.0000 98.9322 476.6463 234.5082 0.5318 3.8665
6.0900 0.0000 98.8630 572.8179 235.0353 0.5022 2.8559
7.4954 0.0000 98.7484 593.7714 238.6469 0.4893 2.6773
8.3674 0.0000 98.6346 546.2390 241.5641 0.4932 2.6960
8.9170 0.0000 98.5493 429.9438 244.2106 0.4997 2.6770
9.0367 0.0000 98.5024 275.3901 244.8886 0.5080 2.6501
8.6289 0.0000 98.4832 102.6498 244.5763 0.5191 2.8480
7.6959 0.0000 98.4917 3.2586 243.5770 0.5302 3.4187
6.5912 0.0000 98.5324 0.0000 242.6598 0.5362 3.5483
5.6546 0.0000 98.5601 0.0000 242.6648 0.5392 3.2907
4.9794 0.0000 98.5759 0.0000 251.6715 0.5394 3.2252
4.5202 0.0000 98.5867 0.0000 261.2357 0.5391 3.1028
4.2037 0.0000 98.5761 0.0000 265.5408 0.5390 3.1194
4.0007 0.0000 98.5465 0.0000 270.4552 0.5383 3.1726
3.9240 0.0000 98.5222 0.0000 273.1967 0.5369 3.1141
3.9409 0.0000 98.4983 0.0000 278.0665 0.5349 2.9505
4.0206 0.0000 98.4585 0.0000 281.9786 0.5331 2.7877
4.0799 0.0000 98.4079 0.0000 284.7736 0.5325 2.6449
4.0943 0.0000 98.3449 0.0000 286.8583 0.5323 2.7721
4.0482 0.0000 98.2744 0.0000 287.9121 0.5337 3.7575
3.8891 0.0000 98.2895 0.0000 284.3105 0.5368 3.4390
3.7233 0.0002 98.3444 18.8006 277.0136 0.5397 2.6045
