-1.0691 0.0002 99.8422 186.6116 238.9972 0.5173 3.9870
1.2008 0.0000 99.8492 393.3773 217.7818 0.5231 3.9237
4.0310 0.0000 99.8133 538.8401 219.8055 0.4925 3.9749
5.9873 0.0000 99.7223 619.7479 224.4094 0.4655 3.3796
7.0192 0.0000 99.6133 628.7938 227.8971 0.4675 2.8045
7.6536 0.0000 99.5211 568.6166 230.9559 0.4767 2.6673
7.9545 0.0000 99.4501 445.4448 233.5100 0.4862 2.9092
7.8501 0.0000 99.4223 276.0500 235.1495 0.4955 3.2150
7.2130 0.0000 99.4155 90.6381 235.9863 0.5116 3.8529
6.1726 0.0000 99.4310 0.7178 235.6006 0.5232 4.7022
5.1762 0.0000 99.4357 0.0000 234.9548 0.5274 4.9315
4.4089 0.0000 99.4252 0.0000 234.3835 0.5312 4.7032
3.8701 0.0000 99.4182 0.0000 233.9617 0.5350 4.1128
3.5219 0.0000 99.4178 0.0000 234.0397 0.5383 3.5997
3.3049 0.0000 99.4137 0.0000 236.0355 0.5411 3.3413
3.1289 0.0000 99.3859 0.0000 239.7976 0.5430 3.1483
2.9978 0.0000 99.3583 0.0000 246.6458 0.5441 3.0291
2.8975 0.0000 99.3309 0.0000 253.3821 0.5451 2.7317
2.7476 0.0000 99.3037 0.0000 263.5497 0.5458 2.1571
2.5488 0.0000 99.2820 0.0000 265.9694 0.5463 1.7484
2.3817 0.0000 99.2589 0.0000 266.9640 0.5465 1.8959
2.3949 0.0000 99.2463 0.0000 269.2019 0.5474 2.3758
2.5681 0.0000 99.2090 0.0000 257.9606 0.5486 3.1665
2.8125 0.0000 99.1710 40.2421 260.2003 0.5497 3.6659
