-2.4384 0.0002 102.6049 160.6412 237.7988 0.4749 4.0475
-0.4409 0.0000 102.6250 323.2382 222.8387 0.4925 3.5171
2.4280 0.0000 102.6001 458.0138 224.6678 0.4612 3.1766
4.1474 0.0000 102.5052 548.0398 225.7318 0.4325 2.6284
4.9239 0.0000 102.3815 563.7058 225.2808 0.4315 2.1695
5.4492 0.0000 102.2802 508.0321 226.3083 0.4354 1.9334
5.7710 0.0000 102.2018 399.0621 225.7350 0.4381 1.9072
5.7579 0.0000 102.1596 238.4621 226.9026 0.4416 2.0415
5.3986 0.0000 102.1500 68.8722 227.8728 0.4465 2.5735
4.8260 0.0000 102.1532 0.1152 227.5738 0.4494 3.4671
4.1799 0.0000 102.1581 0.0000 226.8554 0.4512 4.2198
3.5138 0.0000 102.1428 0.0000 226.1401 0.4537 4.8358
2.8905 0.0000 102.1221 0.0000 225.7372 0.4573 5.1274
2.3803 0.0000 102.1309 0.0000 225.9091 0.4627 4.9627
1.9840 0.0000 102.1504 0.0000 226.4280 0.4709 4.7631
1.6079 0.0000 102.1206 0.0000 227.0290 0.4806 4.8710
1.2151 0.0000 102.1016 0.0000 228.5874 0.4909 4.6620
0.8688 0.0000 102.1048 0.0000 235.9057 0.5023 4.2260
0.5857 0.0000 102.0910 0.0000 242.0710 0.5143 4.1274
0.3432 0.0000 102.0381 0.0000 249.3428 0.5283 4.3461
0.1077 0.0000 101.9823 0.0000 251.4458 0.5427 4.7757
-0.1248 0.0003 101.9388 0.0000 247.6158 0.5560 5.1559
-0.4380 0.0022 101.9077 0.0000 253.1392 0.5627 5.3070
-0.7711 0.0036 101.8731 26.8426 265.2922 0.5624 5.1012
