1.0246 0.0027 103.0487 193.8591 255.5300 0.5885 4.4775
2.9099 0.0006 103.0633 376.7163 240.9560 0.5966 4.3488
4.5104 0.0001 103.0188 537.9977 226.8863 0.5872 3.8717
5.4809 0.0001 102.9187 600.8782 230.0216 0.5791 3.3127
6.2089 0.0001 102.8041 582.6057 236.3582 0.5740 2.7828
6.7377 0.0001 102.7136 513.2131 238.1035 0.5709 2.4248
6.9856 0.0000 102.6478 393.6563 236.9643 0.5728 2.2704
6.9485 0.0000 102.6139 226.1033 236.8313 0.5763 2.2117
6.6535 0.0000 102.6122 54.1583 237.7356 0.5813 2.3903
6.2538 0.0001 102.6367 0.0000 240.1394 0.5893 2.9465
5.8327 0.0001 102.6589 0.0000 241.5081 0.6004 3.4830
5.3512 0.0000 102.6536 0.0000 236.9266 0.6129 4.0897
4.8101 0.0000 102.6302 0.0000 232.6268 0.6251 4.7536
4.2987 0.0000 102.6115 0.0000 231.2995 0.6338 5.2617
3.9103 0.0000 102.6061 0.0000 230.1433 0.6365 5.2172
3.5662 0.0000 102.6018 0.0000 229.6564 0.6330 4.8329
3.2492 0.0000 102.5833 0.0000 228.9247 0.6266 4.7106
2.9743 0.0000 102.5584 0.0000 228.3234 0.6205 4.8350
2.7224 0.0000 102.5134 0.0000 227.7453 0.6163 4.8398
2.5004 0.0000 102.4765 0.0000 227.3519 0.6148 4.5857
2.2781 0.0000 102.4766 0.0000 227.6037 0.6150 4.6353
2.2224 0.0000 102.4976 0.0000 231.4348 0.6156 4.7103
2.3417 0.0000 102.4963 0.1213 245.3720 0.6160 4.4789
2.5801 0.0000 102.4648 46.6446 256.4250 0.6171 4.2831
