-1.5830 0.0013 102.8282 143.3614 258.3589 0.5128 4.2241
0.3724 0.0000 102.8490 300.5676 241.8243 0.5291 4.1760
2.9163 0.0000 102.8149 442.0046 237.3370 0.5146 4.2457
4.5375 0.0000 102.7178 551.8973 232.8835 0.4888 3.6110
5.5284 0.0000 102.5978 587.4855 228.1222 0.4816 2.9404
6.2335 0.0000 102.4885 535.5933 228.2567 0.4824 2.5435
6.6805 0.0000 102.4032 417.7918 229.8231 0.4817 2.3906
6.7977 0.0000 102.3608 253.2382 231.6664 0.4822 2.4814
6.5342 0.0000 102.3517 77.5621 232.7845 0.4886 2.8897
6.0747 0.0000 102.3554 0.3034 232.9392 0.4952 3.7760
5.5391 0.0000 102.3578 0.0000 232.9121 0.5016 4.7109
4.9281 0.0000 102.3374 0.0000 232.7584 0.5112 5.4778
4.2735 0.0000 102.3224 0.0000 232.4885 0.5226 5.7371
3.6530 0.0000 102.3414 0.0000 232.2331 0.5331 5.4685
3.1018 0.0000 102.3483 0.0000 231.9904 0.5418 5.4500
2.5470 0.0000 102.3142 0.0000 231.6399 0.5476 5.6715
2.0157 0.0000 102.2903 0.0000 233.2220 0.5517 5.3928
1.5765 0.0000 102.2947 0.0000 242.2131 0.5557 4.8285
1.2378 0.0000 102.2803 0.0000 249.1361 0.5591 4.6765
0.9661 0.0000 102.2383 0.0000 255.4709 0.5624 4.9434
0.7292 0.0000 102.2001 0.0000 259.1323 0.5674 5.4178
0.5660 0.0001 102.1660 0.0000 264.2104 0.5744 5.8259
0.4102 0.0006 102.1302 0.0000 270.2830 0.5814 6.1030
0.2741 0.0010 102.0884 25.4265 273.8539 0.5883 6.0063
