1.1314 0.0051 103.0012 185.4686 268.4672 0.6139 4.0804
2.6476 0.0004 103.0158 363.0380 253.7442 0.6244 3.6663
4.6266 0.0000 102.9595 536.3799 232.9903 0.6220 3.3393
6.1132 0.0000 102.8531 604.6910 236.1750 0.5916 2.9403
7.2415 0.0000 102.7322 605.2870 237.9880 0.5666 2.5584
7.9416 0.0000 102.6283 537.2899 239.8538 0.5558 2.3902
8.3416 0.0000 102.5579 410.8563 240.8921 0.5505 2.3901
8.4194 0.0000 102.5287 239.0625 241.7488 0.5495 2.4479
8.1758 0.0000 102.5221 61.8709 241.7805 0.5561 2.7696
7.7101 0.0000 102.5443 0.0003 240.8497 0.5700 3.4364
7.2087 0.0000 102.5629 0.0000 239.7096 0.5865 3.9581
6.7290 0.0000 102.5580 0.0000 238.6879 0.6066 4.3468
6.2498 0.0000 102.5327 0.0000 237.8525 0.6313 4.5977
5.7784 0.0000 102.5143 0.0000 237.2483 0.6622 4.6201
5.3740 0.0000 102.5112 0.0000 236.9989 0.6932 4.2353
4.8956 0.0000 102.4993 0.0000 236.9522 0.7154 3.8439
4.3277 0.0000 102.4826 0.0000 236.2247 0.7272 3.5984
3.8059 0.0000 102.4721 0.0000 235.4948 0.7281 3.3661
3.3131 0.0005 102.4305 0.0000 247.7105 0.7155 3.3370
2.7882 0.0016 102.3839 0.0000 262.0796 0.6921 3.3561
2.3925 0.0012 102.3831 0.0000 267.5926 0.6749 3.4340
2.2890 0.0005 102.4260 0.0000 271.1393 0.6654 3.5219
2.3229 0.0003 102.4436 0.2332 268.2442 0.6596 3.4745
2.4494 0.0002 102.4131 59.9981 259.2310 0.6556 3.3673
