-1.0901 0.0022 101.2581 112.7162 268.6076 0.5258 3.8542
0.4663 0.0000 101.2813 300.3005 234.6583 0.5275 3.9764
2.5965 0.0000 101.2543 465.8807 227.5674 0.5166 4.1708
4.4831 0.0000 101.1636 557.1781 230.3581 0.4970 4.0120
5.5841 0.0000 101.0417 583.3743 230.6252 0.4912 3.4995
6.3919 0.0000 100.9270 532.4356 234.2372 0.4886 3.2567
6.8237 0.0000 100.8402 417.1166 237.8588 0.4895 3.2369
6.8581 0.0000 100.8016 260.4156 239.4559 0.4912 3.3336
6.4263 0.0000 100.7900 90.1506 239.3476 0.4983 3.7528
5.6953 0.0000 100.7930 1.6276 237.6482 0.5048 4.5272
5.0231 0.0000 100.8026 0.0000 235.4243 0.5032 4.6773
4.4780 0.0000 100.8066 0.0000 233.5611 0.5015 4.1463
4.0370 0.0000 100.8167 0.0000 232.7135 0.5005 3.4888
3.6535 0.0000 100.8117 0.0000 234.1131 0.5001 3.2185
3.2772 0.0000 100.7969 0.0000 238.5445 0.5017 3.0392
2.9388 0.0000 100.7725 0.0000 249.1285 0.5052 2.6662
2.6733 0.0000 100.7489 0.0000 257.4186 0.5098 2.3868
2.4473 0.0000 100.7340 0.0000 263.0350 0.5155 2.2728
2.1979 0.0000 100.7045 0.0000 266.2816 0.5225 2.4189
1.9016 0.0000 100.6559 0.0000 272.8661 0.5306 2.8030
1.6056 0.0000 100.6137 0.0000 277.1724 0.5394 3.0277
1.3695 0.0000 100.5690 0.0000 279.0292 0.5471 3.4325
1.1513 0.0000 100.5326 0.0000 278.6298 0.5538 3.8394
1.1082 0.0000 100.5598 18.5716 276.6564 0.5592 3.2170
