-2.1445 0.0000 102.5226 130.4553 246.4615 0.4793 4.4103
-0.4008 0.0000 102.5473 293.4445 232.8238 0.4953 3.9970
2.2663 0.0000 102.5275 454.3898 225.5041 0.4898 3.8833
4.4487 0.0000 102.4321 549.9981 226.3109 0.4624 3.4925
5.3790 0.0000 102.3057 572.7615 225.9211 0.4557 2.8680
6.0236 0.0000 102.1965 522.5482 227.3304 0.4534 2.4912
6.4285 0.0000 102.1096 407.1765 230.0142 0.4529 2.3467
6.4967 0.0000 102.0672 248.1197 231.9272 0.4542 2.4456
6.2285 0.0000 102.0503 78.4064 232.7340 0.4585 2.9004
5.7294 0.0000 102.0508 0.5163 232.5971 0.4622 3.7982
5.0922 0.0000 102.0532 0.0000 232.2488 0.4643 4.7224
4.3745 0.0000 102.0384 0.0000 231.8096 0.4676 5.3489
3.6898 0.0000 102.0336 0.0000 231.1137 0.4724 5.4148
3.1001 0.0000 102.0558 0.0000 230.6174 0.4788 5.2259
2.5831 0.0000 102.0460 0.0000 230.3319 0.4865 5.4552
2.0486 0.0000 102.0179 0.0000 230.7708 0.4954 5.4523
1.5512 0.0000 102.0114 0.0000 239.3767 0.5046 4.9484
1.1590 0.0000 102.0098 0.0000 247.0186 0.5124 4.8452
0.8531 0.0000 101.9900 0.0000 252.9365 0.5187 4.9839
0.6291 0.0000 101.9299 0.0000 257.3346 0.5241 5.4104
0.4601 0.0000 101.8755 0.0000 255.1150 0.5297 5.8480
0.3826 0.0000 101.8318 0.0000 261.0600 0.5369 6.0218
0.3577 0.0000 101.7918 0.0000 266.8995 0.5462 6.1069
0.3284 0.0000 101.7776 21.2444 269.0869 0.5584 5.7183
