-1.4732 0.0028 99.3844 122.4046 261.7537 0.5122 4.2395
0.1384 0.0001 99.4100 310.2198 231.9375 0.5153 4.2580
2.2132 0.0000 99.3853 465.8077 228.4374 0.5133 4.1627
4.1531 0.0000 99.3047 558.6036 230.2824 0.4963 3.7072
5.4244 0.0000 99.1882 584.1860 231.6071 0.4865 3.1062
6.3057 0.0000 99.0797 535.5363 234.9550 0.4853 2.9555
6.7964 0.0000 98.9945 418.6379 238.9466 0.4869 2.9905
6.8221 0.0000 98.9591 264.5856 239.3694 0.4906 3.1490
6.2560 0.0000 98.9458 94.5747 238.1250 0.5000 3.7172
5.2090 0.0000 98.9504 2.1038 235.5794 0.5082 4.6325
4.2385 0.0000 98.9716 0.0000 232.6944 0.5066 4.5989
3.5504 0.0000 98.9841 0.0000 230.8322 0.5036 3.8444
3.0974 0.0000 98.9928 0.0000 230.8627 0.5005 3.2448
2.7874 0.0000 98.9871 0.0000 236.8777 0.4976 2.9396
2.5868 0.0000 98.9724 0.0000 244.7656 0.4966 2.7166
2.5118 0.0000 98.9425 0.0000 254.5870 0.4969 2.4593
2.5397 0.0000 98.9174 0.0000 261.1846 0.4985 2.2639
2.6016 0.0000 98.8993 0.0000 266.0516 0.5013 2.1287
2.6213 0.0000 98.8668 0.0000 270.8091 0.5052 2.1993
2.5430 0.0000 98.8212 0.0000 277.0214 0.5095 2.4074
2.4081 0.0000 98.7782 0.0000 279.8183 0.5136 2.5105
2.2164 0.0000 98.7266 0.0000 281.7233 0.5176 3.0892
1.9074 0.0000 98.7003 0.0000 279.9358 0.5222 3.5928
1.8376 0.0000 98.7368 16.0898 279.5207 0.5266 3.0106
