-2.2836 0.0001 102.5095 137.4531 244.9653 0.4762 4.3433
-0.4667 0.0000 102.5346 297.0531 231.5550 0.4937 3.8765
2.2482 0.0000 102.5135 450.9855 226.4958 0.4837 3.7223
4.3664 0.0000 102.4181 548.4488 226.3063 0.4539 3.2733
5.2565 0.0000 102.2917 569.0852 226.0669 0.4482 2.6838
5.8747 0.0000 102.1837 520.0968 226.6230 0.4473 2.3447
6.2611 0.0000 102.0997 405.8262 228.5815 0.4478 2.2267
6.3068 0.0000 102.0573 245.8792 230.4572 0.4498 2.3342
6.0133 0.0000 102.0430 76.1061 231.3016 0.4545 2.8187
5.4952 0.0000 102.0435 0.3931 231.0873 0.4583 3.7407
4.8607 0.0000 102.0459 0.0000 230.6588 0.4610 4.6559
4.1559 0.0000 102.0295 0.0000 230.2340 0.4648 5.3245
3.4684 0.0000 102.0209 0.0000 229.7449 0.4700 5.4929
2.8717 0.0000 102.0417 0.0000 229.4585 0.4764 5.3050
2.3645 0.0000 102.0403 0.0000 229.3508 0.4838 5.4130
1.8599 0.0000 102.0096 0.0000 229.6334 0.4919 5.4618
1.3896 0.0000 102.0005 0.0000 236.1787 0.4997 4.9906
1.0244 0.0000 102.0015 0.0000 244.1219 0.5068 4.7645
0.7498 0.0000 101.9814 0.0000 249.7479 0.5134 4.8453
0.5454 0.0000 101.9252 0.0000 256.0192 0.5205 5.2177
0.3804 0.0000 101.8692 0.0000 253.5292 0.5291 5.6550
0.2795 0.0000 101.8267 0.0000 255.5894 0.5403 5.8852
0.1963 0.0000 101.7883 0.0000 261.3392 0.5520 5.9789
0.0733 0.0003 101.7661 23.0444 266.1635 0.5632 5.6747
