-1.4405 0.0033 102.5738 161.1274 256.4231 0.5188 3.4841
0.4993 0.0002 102.5847 313.4698 246.5698 0.5356 3.7017
3.2881 0.0000 102.5451 462.0057 237.6522 0.5186 4.0086
5.0226 0.0000 102.4419 567.1284 234.1340 0.4928 3.4348
6.0775 0.0000 102.3196 594.2021 231.7501 0.4902 2.7786
6.8037 0.0000 102.2142 545.5505 230.5325 0.4938 2.4148
7.2541 0.0000 102.1368 425.6247 232.2333 0.4962 2.3116
7.3211 0.0000 102.0944 258.6810 233.5411 0.5002 2.4664
6.9857 0.0000 102.0852 79.1196 234.1114 0.5093 3.0212
6.4340 0.0000 102.0973 0.2423 233.9861 0.5176 4.0551
5.8452 0.0000 102.0997 0.0000 233.9937 0.5247 4.9140
5.1939 0.0000 102.0753 0.0000 233.8453 0.5324 5.5992
4.4754 0.0000 102.0594 0.0000 233.4938 0.5395 5.7954
3.8237 0.0000 102.0738 0.0000 233.1049 0.5448 5.4215
3.3312 0.0000 102.0861 0.0000 232.9329 0.5479 5.0936
2.8914 0.0000 102.0580 0.0000 232.9379 0.5488 5.0611
2.4823 0.0000 102.0281 0.0000 233.6421 0.5491 4.9537
2.1257 0.0000 102.0183 0.0000 239.4252 0.5511 4.4307
1.8017 0.0000 102.0043 0.0000 246.9528 0.5543 3.8306
1.4901 0.0000 101.9716 0.0000 256.7093 0.5587 3.7156
1.1972 0.0000 101.9511 0.0000 259.4622 0.5655 4.0790
1.0300 0.0000 101.9271 0.0000 262.7762 0.5738 4.7551
0.9283 0.0002 101.8966 0.0000 268.6931 0.5803 5.3807
0.9150 0.0008 101.8496 35.8515 262.1412 0.5844 5.8047
