1.0302 0.0000 101.6935 172.2657 250.2258 0.6022 6.1582
2.8284 0.0000 101.7193 366.6376 231.0188 0.6091 5.6355
5.2186 0.0000 101.6945 507.6421 235.0003 0.5986 5.3723
7.3561 0.0000 101.6108 592.3597 240.7219 0.5450 5.0535
8.6091 0.0000 101.4971 606.4910 245.8289 0.5096 4.8258
9.2785 0.0000 101.3887 559.2365 247.4091 0.5006 4.9254
9.5537 0.0000 101.3116 440.1681 249.1755 0.5013 5.1340
9.4925 0.0000 101.2659 281.8723 249.4084 0.5050 5.4648
8.8755 0.0000 101.2529 104.9110 248.5829 0.5256 5.7776
7.7531 0.0000 101.2628 3.0528 246.2703 0.5494 6.4665
6.7118 0.0000 101.2915 0.0000 244.2911 0.5611 6.7984
5.8773 0.0000 101.3056 0.0000 244.2281 0.5696 6.7310
5.2093 0.0000 101.3053 0.0000 253.9949 0.5758 6.6359
4.6922 0.0000 101.3225 0.0000 262.9032 0.5822 6.1040
4.3189 0.0000 101.3130 0.0000 269.7055 0.5861 5.8865
4.0552 0.0000 101.2818 0.0000 274.7993 0.5865 5.8703
3.8748 0.0000 101.2515 0.0000 279.1869 0.5845 5.7899
3.7304 0.0000 101.2257 0.0000 282.4875 0.5834 5.6534
3.5965 0.0000 101.1901 0.0000 284.9231 0.5832 5.6889
3.4439 0.0000 101.1460 0.0000 286.3605 0.5846 5.6606
3.2966 0.0000 101.1043 0.0000 285.5254 0.5875 5.6458
3.1713 0.0000 101.0532 0.0000 283.1088 0.5924 5.9356
3.0559 0.0000 101.0401 0.0000 266.5829 0.6004 5.4556
2.9689 0.0000 101.0892 36.6716 250.2507 0.6067 4.1969
