-1.5418 0.0036 103.0714 170.8127 260.1479 0.5296 3.0893
0.8499 0.0006 103.0834 356.2593 240.4468 0.5637 3.1949
3.4562 0.0001 103.0435 522.4116 224.5650 0.5602 3.0463
4.6795 0.0001 102.9402 580.7400 230.5379 0.5462 2.4273
5.4638 0.0000 102.8244 570.0535 235.6224 0.5408 1.8715
6.0506 0.0000 102.7311 513.7920 234.6614 0.5389 1.5079
6.3959 0.0000 102.6591 396.1559 233.9323 0.5386 1.3396
6.4320 0.0000 102.6195 230.2669 234.4953 0.5402 1.3106
6.1837 0.0000 102.6132 58.7604 234.2884 0.5444 1.4950
5.8280 0.0001 102.6337 0.0004 235.5421 0.5511 2.0310
5.4379 0.0001 102.6482 0.0000 236.5068 0.5604 2.6813
4.9895 0.0000 102.6345 0.0000 235.4472 0.5728 3.4970
4.4718 0.0000 102.6088 0.0000 233.1873 0.5887 4.3729
3.8751 0.0000 102.5910 0.0000 231.1231 0.6066 5.0054
3.2680 0.0000 102.6027 0.0000 230.4740 0.6234 5.0987
2.6556 0.0000 102.6014 0.0000 229.9534 0.6338 4.8971
2.0731 0.0000 102.5780 0.0000 229.1629 0.6365 4.9360
1.5746 0.0000 102.5508 0.0000 229.0820 0.6334 5.0833
1.1010 0.0001 102.5248 0.0000 236.9439 0.6249 4.6311
0.6279 0.0019 102.5079 0.0000 252.0219 0.6119 3.9678
0.2493 0.0041 102.5002 0.0000 260.6008 0.5986 3.8838
0.1305 0.0030 102.4968 0.0000 266.2058 0.5913 3.8383
0.2296 0.0015 102.4748 0.0097 269.0468 0.5902 3.8888
0.4900 0.0006 102.4395 37.5521 268.4746 0.5936 4.0617
