0.8141 0.0001 101.2301 176.1885 249.2955 0.5930 5.6580
3.0132 0.0000 101.2527 362.1682 233.7320 0.6054 5.1648
5.6108 0.0000 101.2251 502.6926 237.9534 0.6024 4.7935
7.8248 0.0000 101.1383 591.5158 242.9229 0.5526 4.3749
9.1119 0.0000 101.0284 597.9638 250.1275 0.5176 4.2341
9.7862 0.0000 100.9249 557.6892 250.0341 0.5068 4.4944
10.0499 0.0000 100.8496 442.3456 250.2108 0.5066 4.8235
9.9320 0.0000 100.8076 282.5138 250.5989 0.5100 5.2162
9.2509 0.0000 100.7961 104.2206 249.6777 0.5306 5.6057
8.0840 0.0000 100.8068 2.7241 246.8961 0.5520 6.3965
7.0351 0.0000 100.8277 0.0000 244.1021 0.5591 6.7819
6.2071 0.0000 100.8389 0.0000 242.6850 0.5635 6.6123
5.5402 0.0000 100.8372 0.0000 249.5806 0.5667 6.5825
4.9936 0.0000 100.8510 0.0000 259.6286 0.5711 6.0909
4.5831 0.0000 100.8468 0.0000 267.5290 0.5742 5.7384
4.2830 0.0000 100.8195 0.0000 273.0510 0.5750 5.5736
4.0709 0.0000 100.7892 0.0000 278.1440 0.5744 5.4763
3.8762 0.0000 100.7628 0.0000 281.6551 0.5741 5.3089
3.6706 0.0000 100.7348 0.0000 283.5121 0.5736 5.3323
3.4532 0.0000 100.6903 0.0000 284.8437 0.5742 5.4202
3.2696 0.0000 100.6573 0.0000 283.2855 0.5761 5.4196
3.1748 0.0000 100.6125 0.0000 282.1926 0.5807 5.7474
3.1448 0.0000 100.5830 0.0000 269.8870 0.5878 5.6170
3.1098 0.0000 100.6305 40.2985 249.3122 0.5937 4.3511
