-0.7017 0.0018 97.8382 147.8811 246.0350 0.5106 4.7918
1.2168 0.0002 97.8730 312.6134 238.7641 0.5178 4.1066
3.5373 0.0000 97.8609 462.8199 237.2243 0.5205 3.0044
5.7118 0.0000 97.7966 569.1944 234.1029 0.4868 2.4587
6.9896 0.0000 97.6853 593.0361 236.4601 0.4764 2.4759
7.7933 0.0000 97.5778 545.7684 238.9920 0.4800 2.5508
8.3013 0.0000 97.4923 429.5937 241.6532 0.4847 2.5649
8.3575 0.0000 97.4518 275.5666 241.8401 0.4920 2.5374
7.8732 0.0000 97.4310 102.6733 240.9322 0.5033 2.7885
6.8868 0.0000 97.4395 3.1094 239.3461 0.5153 3.3535
5.7848 0.0000 97.4753 0.0000 238.0510 0.5202 3.2341
4.9293 0.0000 97.5000 0.0000 237.7045 0.5216 2.8129
4.3762 0.0000 97.5157 0.0000 243.4877 0.5198 2.7152
4.0482 0.0000 97.5234 0.0000 255.9298 0.5181 2.5851
3.8623 0.0000 97.5095 0.0000 261.5687 0.5187 2.6274
3.7679 0.0000 97.4816 0.0000 267.4963 0.5210 2.6781
3.7718 0.0000 97.4589 0.0000 270.4363 0.5235 2.6129
3.8237 0.0000 97.4401 0.0000 275.5356 0.5248 2.4373
3.8942 0.0000 97.4018 0.0000 280.0579 0.5250 2.2055
3.9235 0.0000 97.3526 0.0000 283.0927 0.5254 1.9626
3.9088 0.0000 97.2911 0.0000 285.3568 0.5252 1.8228
3.8586 0.0000 97.2190 0.0000 287.2180 0.5251 2.9852
3.7090 0.0000 97.2243 0.0000 284.4531 0.5261 2.9555
3.5803 0.0003 97.2779 16.1482 281.0475 0.5278 2.1612
