-2.0329 0.0021 102.8237 165.7677 253.0586 0.5023 3.1449
0.3237 0.0001 102.8351 359.6572 227.5422 0.5291 3.3642
3.2434 0.0000 102.7970 477.1731 231.1958 0.5157 3.5261
4.6252 0.0000 102.6977 546.0261 236.4256 0.4993 2.8812
5.4919 0.0000 102.5815 581.6851 230.0559 0.4974 2.2748
6.1333 0.0000 102.4769 530.0566 229.1994 0.4998 1.9402
6.5497 0.0000 102.3979 411.1463 230.1138 0.5003 1.8175
6.5879 0.0000 102.3579 244.7561 231.2222 0.5031 1.8869
6.2729 0.0000 102.3488 69.5912 231.6218 0.5088 2.3111
5.7733 0.0000 102.3636 0.0641 231.3557 0.5147 3.1773
5.2179 0.0000 102.3707 0.0000 231.0698 0.5193 4.0435
4.6232 0.0000 102.3503 0.0000 230.5090 0.5239 4.8379
4.0423 0.0000 102.3251 0.0000 229.8848 0.5292 5.2908
3.5419 0.0000 102.3307 0.0000 229.5311 0.5366 5.1498
3.1248 0.0000 102.3496 0.0000 229.5970 0.5462 4.7400
2.6763 0.0000 102.3271 0.0000 229.8946 0.5565 4.6897
2.1623 0.0000 102.2929 0.0000 229.7285 0.5687 4.8144
1.6093 0.0000 102.2855 0.0000 231.0986 0.5835 4.4505
1.0822 0.0001 102.2798 0.0000 239.5443 0.5956 3.8671
0.5668 0.0019 102.2528 0.0000 256.7870 0.6000 3.8389
0.0428 0.0079 102.2239 0.0000 273.3777 0.5964 4.1315
-0.3096 0.0067 102.1968 0.0000 281.9433 0.5904 4.5081
-0.5208 0.0066 102.1698 0.0000 286.6509 0.5864 4.8598
-0.5004 0.0042 102.1265 25.9481 287.5945 0.5863 4.9687
