-0.6738 0.0011 102.2338 121.9545 264.9387 0.5356 4.3724
0.8362 0.0000 102.2564 311.1071 233.7950 0.5373 4.3114
2.9218 0.0000 102.2264 472.5769 228.0238 0.5193 4.4848
4.6810 0.0000 102.1311 569.6953 228.6697 0.4962 4.3002
5.6984 0.0000 102.0109 591.5125 229.2523 0.4915 3.7907
6.4541 0.0000 101.8958 538.8685 232.0012 0.4900 3.5021
6.8507 0.0000 101.8128 421.1180 235.4949 0.4924 3.4682
6.9067 0.0000 101.7701 260.7329 237.8550 0.4944 3.5389
6.5741 0.0000 101.7570 87.6830 238.7628 0.5021 3.8687
6.0345 0.0000 101.7593 1.1950 238.2023 0.5082 4.5922
5.5144 0.0000 101.7613 0.0000 237.1214 0.5077 5.0052
5.0003 0.0000 101.7585 0.0000 235.8417 0.5085 4.8309
4.5110 0.0000 101.7656 0.0000 234.7161 0.5117 4.2480
4.0490 0.0000 101.7685 0.0000 234.2107 0.5165 3.9617
3.5727 0.0000 101.7537 0.0000 236.1021 0.5233 3.9230
3.0901 0.0000 101.7299 0.0000 243.6526 0.5315 3.6246
2.6619 0.0000 101.7097 0.0000 253.3040 0.5389 3.2230
2.2988 0.0000 101.6960 0.0000 259.5177 0.5452 3.1429
1.9454 0.0000 101.6686 0.0000 263.6151 0.5512 3.4428
1.5783 0.0000 101.6246 0.0000 267.3549 0.5572 3.9610
1.2379 0.0000 101.5825 0.0000 272.8453 0.5633 4.2924
1.0217 0.0000 101.5448 0.0000 275.5181 0.5689 4.4557
0.9027 0.0000 101.5045 0.0000 276.6676 0.5742 4.6609
0.8981 0.0000 101.5117 22.2401 273.5410 0.5791 3.8923
