-1.5020 0.0010 98.1977 205.0343 238.0812 0.5051 3.2601
0.6814 0.0000 98.2084 410.7045 216.6664 0.5201 3.3689
3.4696 0.0000 98.1716 551.7823 218.6095 0.4998 3.5012
5.4657 0.0000 98.0801 630.6928 222.9725 0.4775 2.8899
6.5151 0.0000 97.9745 635.2108 226.9206 0.4862 2.1204
7.2790 0.0000 97.8870 571.5122 230.4944 0.4952 1.6219
7.7363 0.0000 97.8186 446.4500 233.1797 0.5025 1.6164
7.7984 0.0000 97.7912 275.1582 234.8470 0.5096 1.8760
7.3537 0.0000 97.7890 88.0143 235.6075 0.5192 2.4518
6.5139 0.0000 97.8024 0.4587 234.2283 0.5265 3.3067
5.5931 0.0000 97.8139 0.0000 233.1518 0.5309 3.7238
4.7506 0.0000 97.8017 0.0000 232.5585 0.5341 3.7807
4.0547 0.0000 97.7964 0.0000 232.1018 0.5367 3.5287
3.5348 0.0000 97.7976 0.0000 231.7949 0.5391 3.2331
3.1422 0.0000 97.7999 0.0000 233.2800 0.5410 3.0689
2.7418 0.0000 97.7802 0.0000 233.4884 0.5415 2.9022
2.3786 0.0000 97.7590 0.0000 237.1818 0.5404 2.8931
2.0853 0.0000 97.7274 0.0000 245.8380 0.5389 2.8923
1.8347 0.0000 97.6845 0.0000 255.0938 0.5374 2.5440
1.6362 0.0000 97.6607 0.0000 264.3066 0.5364 1.9759
1.5119 0.0000 97.6529 0.0000 259.4453 0.5356 1.9128
1.5188 0.0000 97.6472 0.0000 260.3731 0.5358 2.2491
1.5526 0.0000 97.6265 0.0021 254.9983 0.5370 2.8671
1.5269 0.0002 97.5903 49.5496 251.2205 0.5385 3.5397
