-0.2240 0.0010 100.3220 161.9832 243.6478 0.5481 6.8690
1.5651 0.0001 100.3530 348.3083 229.7983 0.5472 6.5290
3.7502 0.0000 100.3269 497.9158 229.3917 0.5436 5.9508
5.7322 0.0000 100.2480 582.6604 233.8374 0.5237 4.8830
7.3457 0.0000 100.1295 598.9436 238.8522 0.5024 4.0154
8.4210 0.0000 100.0118 548.8251 242.8822 0.5017 3.7115
9.0960 0.0000 99.9237 431.2932 245.9709 0.5056 3.5412
9.3173 0.0000 99.8729 275.1211 247.2878 0.5132 3.6010
8.8984 0.0000 99.8558 101.7001 247.2814 0.5271 4.0740
7.7128 0.0000 99.8643 3.0594 245.4488 0.5437 5.2087
6.3038 0.0000 99.9071 0.0000 243.1232 0.5537 5.6276
5.1628 0.0000 99.9405 0.0000 241.8714 0.5575 5.3819
4.3805 0.0000 99.9516 0.0000 251.8619 0.5552 5.2185
3.9112 0.0000 99.9603 0.0000 261.5116 0.5506 4.6685
3.6717 0.0000 99.9526 0.0000 265.2686 0.5439 4.4677
3.5853 0.0000 99.9171 0.0000 270.9347 0.5365 4.5567
3.6263 0.0000 99.8872 0.0000 274.1712 0.5321 4.6586
3.7500 0.0000 99.8610 0.0000 278.8719 0.5305 4.6895
3.8899 0.0000 99.8185 0.0000 282.8300 0.5305 4.8359
3.9583 0.0000 99.7669 0.0000 285.7418 0.5326 4.8710
3.9279 0.0000 99.7137 0.0000 287.0719 0.5362 5.0811
3.7688 0.0000 99.6530 0.0000 287.1812 0.5416 5.6777
3.4652 0.0000 99.6617 0.0000 283.1162 0.5477 5.2096
3.2463 0.0000 99.7210 26.1982 263.1528 0.5513 4.0566
