-0.9931 0.0022 101.4088 114.7565 269.2436 0.5285 3.8809
0.5357 0.0000 101.4317 312.3343 231.3670 0.5308 3.9288
2.6958 0.0000 101.4045 474.6988 225.5556 0.5167 4.2069
4.4986 0.0000 101.3109 562.8687 229.3543 0.4978 4.1115
5.5663 0.0000 101.1893 587.5838 229.7821 0.4925 3.6325
6.3635 0.0000 101.0731 534.8839 233.8150 0.4902 3.4011
6.7903 0.0000 100.9879 419.1080 237.4466 0.4916 3.3999
6.8236 0.0000 100.9499 261.1995 239.4475 0.4936 3.5015
6.3988 0.0000 100.9367 90.1922 239.5094 0.5012 3.8988
5.6927 0.0000 100.9413 1.5785 237.8544 0.5085 4.6565
5.0546 0.0000 100.9496 0.0000 235.6301 0.5072 4.8085
4.5311 0.0000 100.9545 0.0000 233.6916 0.5055 4.2300
4.0969 0.0000 100.9657 0.0000 232.6345 0.5040 3.4959
3.7060 0.0000 100.9598 0.0000 233.4860 0.5029 3.1894
3.3075 0.0000 100.9451 0.0000 238.0249 0.5038 2.9492
2.9326 0.0000 100.9203 0.0000 249.3182 0.5070 2.5606
2.6218 0.0000 100.8977 0.0000 257.1427 0.5114 2.3070
2.3477 0.0000 100.8796 0.0000 262.6422 0.5170 2.2989
2.0501 0.0000 100.8495 0.0000 265.6891 0.5237 2.5883
1.7051 0.0000 100.8015 0.0000 271.9314 0.5321 3.0595
1.3619 0.0000 100.7612 0.0000 276.1320 0.5419 3.2550
1.1034 0.0000 100.7199 0.0000 278.1352 0.5510 3.5088
0.8994 0.0000 100.6833 0.0000 277.9108 0.5591 3.7358
0.8697 0.0000 100.7095 18.9306 276.4857 0.5652 2.9137
