0.6028 0.0041 103.0488 184.6216 262.5978 0.5892 4.2155
2.5650 0.0005 103.0633 364.0593 247.8222 0.6018 4.1299
4.4761 0.0001 103.0169 537.5020 227.2405 0.5894 3.6431
5.6500 0.0001 102.9132 597.9379 232.0973 0.5706 3.0591
6.4872 0.0000 102.7973 578.3135 239.1955 0.5589 2.5668
7.0645 0.0000 102.7023 513.0270 239.9975 0.5544 2.2873
7.3512 0.0000 102.6355 397.3440 237.6972 0.5557 2.2093
7.3307 0.0000 102.6024 229.6865 237.6723 0.5595 2.2009
7.0377 0.0000 102.5984 56.5754 238.0719 0.5659 2.4389
6.6105 0.0000 102.6229 0.0000 238.6763 0.5756 3.0318
6.1575 0.0000 102.6438 0.0000 238.6958 0.5878 3.5848
5.6387 0.0000 102.6351 0.0000 236.0585 0.6026 4.1964
5.0580 0.0000 102.6147 0.0000 233.3452 0.6197 4.8589
4.4686 0.0000 102.5928 0.0000 232.2218 0.6352 5.3509
3.9786 0.0000 102.5932 0.0000 231.3524 0.6438 5.3066
3.5193 0.0000 102.5866 0.0000 230.8862 0.6433 4.9872
3.0957 0.0000 102.5684 0.0000 229.9850 0.6376 4.8675
2.7638 0.0000 102.5467 0.0000 229.2990 0.6301 4.8954
2.4840 0.0000 102.5039 0.0000 228.7190 0.6236 4.8094
2.2454 0.0000 102.4663 0.0000 228.3152 0.6203 4.5355
2.0253 0.0000 102.4677 0.0000 228.4179 0.6196 4.5391
1.9872 0.0000 102.4917 0.0000 234.9835 0.6199 4.5819
2.1176 0.0000 102.4918 0.1179 250.7849 0.6203 4.3611
2.3352 0.0000 102.4590 48.2058 255.3757 0.6207 4.2232
