-0.3095 0.0056 102.6136 168.2392 267.2079 0.5588 2.6839
1.1309 0.0011 102.6263 334.8550 258.0999 0.5746 2.5537
3.1882 0.0000 102.5881 509.3174 235.4205 0.5732 2.7548
4.7327 0.0000 102.4830 548.1728 245.8232 0.5447 2.4402
5.6177 0.0000 102.3638 580.9834 239.6053 0.5321 2.0924
6.2336 0.0000 102.2687 528.4057 237.7205 0.5268 1.9682
6.5560 0.0000 102.1955 416.2042 234.7207 0.5245 2.0321
6.5698 0.0000 102.1602 247.3371 235.0407 0.5244 2.1645
6.2224 0.0000 102.1512 69.0537 234.5703 0.5279 2.6434
5.6308 0.0000 102.1685 0.0222 233.1716 0.5317 3.4616
5.0896 0.0000 102.1797 0.0000 231.8958 0.5337 3.9222
4.6912 0.0000 102.1610 0.0000 231.1864 0.5366 4.2146
4.4292 0.0000 102.1345 0.0000 231.0782 0.5428 4.3459
4.1955 0.0000 102.1267 0.0000 231.5671 0.5556 4.1332
3.9022 0.0000 102.1299 0.0000 232.4215 0.5747 3.6933
3.4594 0.0000 102.1160 0.0000 233.1470 0.5964 3.4766
2.9171 0.0000 102.0938 0.0000 233.1470 0.6173 3.4697
2.3800 0.0000 102.0687 0.0000 233.1503 0.6356 3.4798
1.8649 0.0000 102.0413 0.0000 233.6271 0.6502 3.2173
1.3582 0.0008 102.0129 0.0000 248.1425 0.6525 2.9002
0.8277 0.0040 102.0167 0.0000 277.0857 0.6403 2.9453
0.5553 0.0049 102.0283 0.0000 289.0473 0.6293 2.9969
0.4872 0.0066 102.0170 0.0063 288.8019 0.6256 3.1579
0.5951 0.0030 101.9815 38.4524 280.6767 0.6273 3.3773
