-0.2573 0.0018 101.3446 155.7038 252.0275 0.5535 6.0447
1.4697 0.0002 101.3692 359.2675 223.7984 0.5568 5.7256
3.7365 0.0000 101.3362 505.0118 225.3680 0.5452 5.6648
5.6308 0.0000 101.2505 587.1965 231.2649 0.5155 5.2180
6.8350 0.0000 101.1377 601.4583 235.7956 0.5009 4.6469
7.6604 0.0000 101.0262 548.1279 239.7324 0.4983 4.4565
8.1143 0.0000 100.9431 429.7399 243.0241 0.5014 4.4406
8.1734 0.0000 100.8995 271.4916 244.4658 0.5067 4.6076
7.6843 0.0000 100.8824 97.4276 244.2935 0.5225 5.0863
6.6953 0.0000 100.8909 2.2784 242.1124 0.5376 6.1432
5.7026 0.0000 100.9091 0.0000 239.4214 0.5422 6.5333
4.9178 0.0000 100.9318 0.0000 237.3800 0.5451 6.0034
4.3476 0.0000 100.9379 0.0000 239.3316 0.5449 5.6267
3.9346 0.0000 100.9429 0.0000 249.5172 0.5433 5.1405
3.6450 0.0000 100.9300 0.0000 256.2116 0.5413 4.6666
3.4263 0.0000 100.9001 0.0000 263.4403 0.5391 4.4388
3.2715 0.0000 100.8760 0.0000 268.7028 0.5376 4.3908
3.1475 0.0000 100.8501 0.0000 272.7760 0.5375 4.4545
3.0047 0.0000 100.8147 0.0000 276.3891 0.5386 4.6879
2.7796 0.0000 100.7629 0.0000 280.8043 0.5417 4.9480
2.4967 0.0000 100.7230 0.0000 282.3745 0.5464 5.0844
2.2208 0.0000 100.6755 0.0000 282.9743 0.5530 5.3493
2.0289 0.0000 100.6510 0.0000 282.5509 0.5605 5.1638
1.9951 0.0000 100.6928 24.2589 270.5772 0.5663 3.9672
