-0.9664 0.0047 103.0636 169.1461 263.0124 0.5506 3.3314
1.4734 0.0010 103.0778 348.4682 246.9338 0.5799 3.4968
3.8182 0.0001 103.0307 526.6950 225.1472 0.5713 3.1522
5.0508 0.0001 102.9274 589.8398 229.6985 0.5584 2.5720
5.8911 0.0000 102.8099 571.7696 236.8388 0.5527 2.0687
6.5066 0.0000 102.7166 513.7060 235.9942 0.5508 1.7309
6.8394 0.0000 102.6452 393.1210 236.1420 0.5522 1.5776
6.8437 0.0000 102.6094 227.3292 236.4448 0.5557 1.5325
6.5740 0.0000 102.6069 56.3558 236.5501 0.5607 1.7291
6.1893 0.0001 102.6286 0.0001 239.2566 0.5693 2.3312
5.7405 0.0001 102.6475 0.0000 241.2353 0.5821 3.0126
5.2003 0.0001 102.6360 0.0000 239.0174 0.5981 3.8208
4.5546 0.0000 102.6142 0.0000 234.5011 0.6151 4.7086
3.8528 0.0000 102.5964 0.0000 231.2662 0.6285 5.4079
3.2345 0.0000 102.6003 0.0000 230.2138 0.6359 5.4722
2.7017 0.0000 102.6025 0.0000 229.4057 0.6358 5.1015
2.2564 0.0000 102.5817 0.0000 228.4343 0.6306 4.9300
1.9337 0.0000 102.5540 0.0000 227.7889 0.6230 5.0260
1.6796 0.0000 102.5165 0.0000 229.4203 0.6162 4.7998
1.4353 0.0004 102.4920 0.0000 233.4212 0.6109 4.2651
1.1860 0.0011 102.4919 0.0000 236.4312 0.6060 4.2206
1.1290 0.0008 102.4976 0.0000 243.1394 0.6027 4.1982
1.2606 0.0004 102.4828 0.0263 254.7186 0.6018 4.0819
1.5052 0.0001 102.4475 41.7764 259.5554 0.6035 4.1288
