3.4890 0.0056 103.0629 189.7124 261.8890 0.6099 4.9812
3.9629 0.0031 103.0863 337.4931 254.8089 0.5980 4.5676
4.3521 0.0038 103.0550 474.0132 245.7972 0.5948 4.1582
4.6449 0.0030 102.9603 519.1848 252.9286 0.5886 3.7293
4.8235 0.0027 102.8627 531.1207 248.0818 0.5843 3.3121
4.9002 0.0019 102.7896 465.4675 248.9840 0.5815 2.9857
4.8645 0.0014 102.7332 349.4234 248.6527 0.5778 2.7520
4.7191 0.0011 102.7068 194.7348 248.4200 0.5731 2.6265
4.3822 0.0009 102.7052 42.4010 249.5209 0.5720 2.7769
3.9481 0.0004 102.7258 0.0000 245.4667 0.5728 3.1824
3.6141 0.0003 102.7484 0.0000 238.3976 0.5715 3.2430
3.3915 0.0001 102.7480 0.0000 234.7259 0.5687 3.2781
3.3052 0.0000 102.7239 0.0000 230.0405 0.5663 3.4874
3.3159 0.0000 102.6981 0.0000 227.9475 0.5657 3.7518
3.3941 0.0000 102.6790 0.0000 228.0699 0.5687 3.7355
3.4064 0.0000 102.6690 0.0000 228.3026 0.5724 3.3581
3.3158 0.0000 102.6582 0.0000 227.8613 0.5743 3.1414
3.1958 0.0000 102.6261 0.0000 227.4000 0.5755 3.4115
3.0764 0.0000 102.5770 0.0000 226.9281 0.5784 3.8411
2.9705 0.0000 102.5303 0.0000 226.7384 0.5828 3.9054
2.8742 0.0000 102.5290 0.0000 228.0190 0.5864 3.9129
2.9108 0.0000 102.5389 0.0000 229.9758 0.5899 3.8903
3.0665 0.0000 102.5311 0.0987 240.1360 0.5938 3.5526
3.2839 0.0000 102.5082 62.9033 239.5253 0.5990 3.3244
