0.4541 0.0006 101.5138 172.9826 248.5648 0.5819 5.9257
2.3819 0.0000 101.5371 376.9896 224.0256 0.5888 5.4440
4.8883 0.0000 101.5079 516.9756 228.8435 0.5774 5.2973
7.0163 0.0000 101.4212 597.7933 235.7488 0.5253 5.0059
8.1770 0.0000 101.3101 610.5880 241.1949 0.4990 4.7683
8.8152 0.0000 101.2053 557.7307 244.1886 0.4940 4.8580
9.0701 0.0000 101.1290 437.6358 246.8503 0.4966 5.0487
8.9658 0.0000 101.0858 278.4664 247.4110 0.5018 5.3652
8.3060 0.0000 101.0739 101.7674 246.6460 0.5229 5.7495
7.1792 0.0000 101.0824 2.5596 243.9672 0.5442 6.6086
6.2132 0.0000 101.1009 0.0000 241.2378 0.5506 7.0047
5.4655 0.0000 101.1157 0.0000 239.6794 0.5549 6.6876
4.8615 0.0000 101.1142 0.0000 245.0535 0.5579 6.5429
4.3738 0.0000 101.1266 0.0000 255.2195 0.5617 6.0163
4.0134 0.0000 101.1173 0.0000 262.8187 0.5643 5.5932
3.7399 0.0000 101.0887 0.0000 269.4585 0.5647 5.4037
3.5264 0.0000 101.0605 0.0000 273.9796 0.5639 5.3181
3.3289 0.0000 101.0346 0.0000 277.7588 0.5638 5.2346
3.1243 0.0000 101.0050 0.0000 280.6866 0.5645 5.3370
2.8858 0.0000 100.9583 0.0000 283.4991 0.5666 5.4549
2.6599 0.0000 100.9207 0.0000 283.9526 0.5701 5.4776
2.4972 0.0000 100.8753 0.0000 282.5731 0.5756 5.7341
2.4459 0.0000 100.8452 0.0000 276.3181 0.5831 5.5145
2.4717 0.0000 100.8888 34.3478 255.2905 0.5891 4.2199
