-1.6128 0.0018 103.1209 173.1872 253.5168 0.5210 3.1337
1.0805 0.0002 103.1290 379.0266 221.8445 0.5503 3.1723
3.4636 0.0001 103.0918 510.3693 222.9977 0.5430 2.7497
4.5227 0.0000 102.9898 574.4909 227.3412 0.5346 2.1477
5.2481 0.0000 102.8727 575.2432 229.1073 0.5339 1.7136
5.7802 0.0000 102.7794 506.0433 232.3271 0.5352 1.3839
6.0654 0.0000 102.7076 381.8442 234.2847 0.5366 1.1853
6.0185 0.0000 102.6724 220.4399 233.7888 0.5393 1.1758
5.6893 0.0001 102.6648 54.6564 233.2752 0.5423 1.4656
5.2383 0.0001 102.6891 0.0000 234.9190 0.5462 2.0569
4.7430 0.0001 102.7026 0.0000 240.9130 0.5530 2.6150
4.1924 0.0001 102.6917 0.0000 239.1574 0.5628 3.3270
3.5784 0.0000 102.6705 0.0000 232.1635 0.5752 4.1828
2.8817 0.0000 102.6527 0.0000 228.8541 0.5883 4.8742
2.1818 0.0000 102.6612 0.0000 227.2893 0.5964 5.0774
1.5533 0.0000 102.6710 0.0000 226.1201 0.5982 4.7646
1.0460 0.0000 102.6495 0.0000 225.3101 0.5943 4.5476
0.6348 0.0000 102.6164 0.0000 225.0034 0.5861 4.5079
0.3129 0.0001 102.6000 0.0000 227.6604 0.5775 3.8457
0.0920 0.0007 102.5810 0.0000 235.8356 0.5708 3.0427
-0.0331 0.0015 102.5568 0.0000 241.1827 0.5650 2.8921
0.0404 0.0015 102.5315 0.0000 252.3107 0.5615 3.0010
0.1991 0.0016 102.5068 0.0009 241.3448 0.5598 3.3517
0.3783 0.0012 102.4715 46.0303 244.2271 0.5601 3.6753
