-2.1203 0.0014 103.0211 172.7825 250.1410 0.5023 3.1474
0.4791 0.0000 103.0277 378.2987 219.4597 0.5335 3.2267
3.2215 0.0000 102.9944 507.8438 221.9240 0.5236 2.9543
4.3952 0.0000 102.8934 567.7914 228.4200 0.5096 2.2840
5.1356 0.0000 102.7775 571.3310 229.9984 0.5074 1.7574
5.6753 0.0000 102.6793 511.7643 230.7609 0.5092 1.4211
6.0044 0.0000 102.6083 393.4405 230.9991 0.5099 1.2766
6.0014 0.0000 102.5674 230.9675 230.9450 0.5121 1.3144
5.6974 0.0000 102.5583 60.5514 230.6594 0.5158 1.5950
5.2844 0.0000 102.5779 0.0033 230.4722 0.5193 2.1467
4.8578 0.0000 102.5860 0.0000 231.6647 0.5242 2.7365
4.4028 0.0000 102.5710 0.0000 231.1030 0.5319 3.4729
3.9187 0.0000 102.5441 0.0000 229.3226 0.5439 4.2147
3.3789 0.0000 102.5337 0.0000 228.7886 0.5604 4.6303
2.7960 0.0000 102.5494 0.0000 228.3605 0.5787 4.6045
2.1723 0.0000 102.5500 0.0000 228.2030 0.5942 4.5017
1.5416 0.0000 102.5164 0.0000 227.8838 0.6050 4.6933
0.9280 0.0000 102.4964 0.0000 227.9510 0.6106 4.6157
0.3607 0.0002 102.4901 0.0000 237.8645 0.6086 3.8885
-0.1941 0.0040 102.4705 0.0000 258.8978 0.5966 3.4360
-0.6760 0.0108 102.4416 0.0000 276.0555 0.5786 3.4462
-0.8575 0.0076 102.4129 0.0000 278.4490 0.5679 3.5801
-0.8951 0.0057 102.3867 0.0000 272.8756 0.5636 3.9247
-0.8220 0.0046 102.3489 32.7583 272.6516 0.5620 4.1272
