0.6397 0.0001 100.8608 177.9438 249.2733 0.5871 5.5893
2.8713 0.0000 100.8834 368.7495 231.4251 0.6013 5.0928
5.4919 0.0000 100.8557 508.8258 235.9027 0.5979 4.7021
7.6995 0.0000 100.7702 595.7993 241.1709 0.5505 4.2103
8.9850 0.0000 100.6616 600.0063 249.0514 0.5193 3.9968
9.6811 0.0000 100.5589 556.3540 249.8582 0.5101 4.2239
9.9608 0.0000 100.4849 442.9069 249.4833 0.5110 4.5473
9.8556 0.0000 100.4438 282.2487 250.1598 0.5148 4.9315
9.2017 0.0000 100.4327 103.5144 249.4423 0.5338 5.3382
8.0803 0.0000 100.4426 2.5864 246.8275 0.5529 6.1069
7.0297 0.0000 100.4635 0.0000 244.0594 0.5589 6.4638
6.1759 0.0000 100.4738 0.0000 242.4365 0.5627 6.2594
5.4949 0.0000 100.4725 0.0000 248.1803 0.5650 6.2026
4.9485 0.0000 100.4855 0.0000 257.8165 0.5682 5.7470
4.5448 0.0000 100.4813 0.0000 265.4435 0.5704 5.3971
4.2542 0.0000 100.4552 0.0000 271.7628 0.5706 5.2513
4.0545 0.0000 100.4249 0.0000 276.9229 0.5699 5.1688
3.8775 0.0000 100.3973 0.0000 280.8712 0.5699 5.0233
3.6889 0.0000 100.3697 0.0000 282.7125 0.5700 5.0162
3.4885 0.0000 100.3252 0.0000 284.0888 0.5709 5.1390
3.3027 0.0000 100.2935 0.0000 282.9164 0.5731 5.1844
3.2008 0.0000 100.2526 0.0000 281.3015 0.5775 5.5384
3.1614 0.0000 100.2222 0.0000 271.3343 0.5841 5.5252
3.1216 0.0000 100.2646 40.5220 250.7206 0.5895 4.3661
