1.2097 0.0000 101.3362 154.7754 251.1223 0.5984 5.6846
3.1644 0.0000 101.3748 341.7577 237.8292 0.5951 5.6720
5.3369 0.0000 101.3574 491.1374 237.1742 0.5838 5.0514
7.2639 0.0000 101.2860 578.6737 240.6633 0.5513 3.9156
8.5645 0.0000 101.1675 598.7032 244.1826 0.5343 3.3820
9.4678 0.0000 101.0422 552.8605 246.5720 0.5302 3.0912
10.0152 0.0000 100.9550 436.4819 248.8237 0.5341 2.9461
10.1888 0.0000 100.8966 281.3394 250.1278 0.5392 2.9219
9.9704 0.0000 100.8795 107.4251 251.7146 0.5468 2.8239
9.4222 0.0000 100.8939 4.3365 253.9446 0.5520 2.7596
8.6572 0.0000 100.9441 0.0000 255.5884 0.5563 2.9056
7.7540 0.0000 100.9602 0.0000 264.5169 0.5653 3.2115
6.8784 0.0000 100.9913 0.0000 275.5836 0.5792 3.0409
6.1391 0.0000 101.0077 0.0000 278.5397 0.5915 2.9581
5.4701 0.0000 100.9894 0.0000 279.2665 0.5998 3.2887
4.8790 0.0000 100.9559 0.0000 281.7094 0.6034 3.7209
4.4679 0.0000 100.9393 0.0000 284.2413 0.6020 3.7530
4.2566 0.0000 100.9055 0.0000 286.5758 0.5962 3.7398
4.1993 0.0000 100.8640 0.0000 288.3909 0.5908 3.5922
4.2108 0.0000 100.8114 0.0000 289.0143 0.5871 3.4811
4.2278 0.0000 100.7408 0.0000 289.1267 0.5839 4.0104
4.1797 0.0000 100.6766 0.0000 278.0680 0.5859 4.5344
4.0589 0.0000 100.7284 0.0000 260.3326 0.5953 3.1460
3.8769 0.0000 100.7637 22.3223 271.2713 0.6038 2.4692
