-1.2328 0.0014 101.4820 108.9084 266.9785 0.5236 3.8320
0.3696 0.0000 101.5068 284.2338 237.6370 0.5250 4.1215
2.4354 0.0000 101.4792 447.9865 230.1650 0.5188 4.2351
4.4414 0.0000 101.3903 543.6848 231.6002 0.4996 4.0828
5.5341 0.0000 101.2659 568.0166 232.9687 0.4945 3.5082
6.3216 0.0000 101.1518 521.8881 235.3474 0.4909 3.1682
6.7431 0.0000 101.0638 408.8965 238.5451 0.4901 3.0777
6.7793 0.0000 101.0233 255.3756 239.5347 0.4908 3.1677
6.3629 0.0000 101.0110 88.2711 239.1147 0.4966 3.6287
5.6637 0.0000 101.0115 1.6215 237.4264 0.5009 4.4344
5.0103 0.0000 101.0204 0.0000 235.4714 0.4985 4.6680
4.4597 0.0000 101.0238 0.0000 233.9139 0.4967 4.3205
3.9971 0.0000 101.0311 0.0000 233.3271 0.4965 3.8667
3.5964 0.0000 101.0270 0.0000 234.3903 0.4974 3.6741
3.2271 0.0000 101.0122 0.0000 239.8753 0.5003 3.5043
2.9291 0.0000 100.9914 0.0000 249.4182 0.5045 3.0985
2.7119 0.0000 100.9668 0.0000 257.6950 0.5091 2.7521
2.5283 0.0000 100.9570 0.0000 263.3572 0.5147 2.4738
2.3225 0.0000 100.9268 0.0000 267.4545 0.5207 2.4713
2.0702 0.0000 100.8766 0.0000 273.1511 0.5269 2.7721
1.8183 0.0000 100.8289 0.0000 277.5377 0.5334 3.0796
1.6013 0.0000 100.7827 0.0000 280.0643 0.5398 3.6269
1.3738 0.0000 100.7428 0.0000 279.8438 0.5466 4.2080
1.3240 0.0008 100.7739 16.5392 277.6878 0.5530 3.8952
