4.0968 0.0076 103.0424 184.0792 272.9534 0.6108 5.3545
4.4239 0.0060 103.0697 318.5845 269.6941 0.6020 4.9886
4.6804 0.0046 103.0391 449.5923 259.8950 0.6010 4.6085
4.9108 0.0036 102.9457 516.7751 258.3271 0.5996 4.1649
5.0724 0.0034 102.8526 517.8550 257.1490 0.5980 3.6950
5.1475 0.0030 102.7764 452.3454 257.8298 0.5959 3.3234
5.1250 0.0020 102.7238 335.7444 257.4916 0.5919 3.0587
5.0322 0.0018 102.6973 187.4529 256.7276 0.5870 2.8885
4.7988 0.0011 102.6958 41.1698 255.3108 0.5842 2.8958
4.5067 0.0004 102.7157 0.0000 252.7053 0.5829 3.1269
4.2832 0.0001 102.7414 0.0000 244.1082 0.5807 3.1823
4.1200 0.0001 102.7404 0.0000 235.0538 0.5799 3.2631
4.0452 0.0000 102.7170 0.0000 231.7614 0.5783 3.4712
4.0439 0.0000 102.6912 0.0000 230.3945 0.5795 3.7145
4.0924 0.0000 102.6714 0.0000 230.3779 0.5849 3.7800
4.0710 0.0000 102.6531 0.0000 230.8033 0.5905 3.5586
3.9667 0.0000 102.6391 0.0000 230.7829 0.5949 3.4440
3.8428 0.0000 102.6147 0.0000 230.5837 0.5984 3.6795
3.7151 0.0000 102.5655 0.0000 230.1651 0.6020 4.0551
3.6000 0.0000 102.5111 0.0000 229.7923 0.6068 4.1895
3.5147 0.0000 102.5053 0.0000 230.0013 0.6109 4.2392
3.5599 0.0000 102.5261 0.0000 231.1625 0.6146 4.3026
3.7034 0.0000 102.5324 0.2284 236.9136 0.6188 4.0100
3.9106 0.0000 102.5101 66.7473 243.3920 0.6242 3.6299
