-0.4478 0.0051 102.7291 169.6495 266.5154 0.5558 2.7381
1.0069 0.0009 102.7427 338.3290 255.8383 0.5729 2.6041
3.1331 0.0000 102.7060 507.0798 235.6739 0.5715 2.7925
4.6046 0.0000 102.6018 543.2645 246.5044 0.5456 2.4434
5.4487 0.0000 102.4839 576.4206 240.0059 0.5326 2.0700
6.0484 0.0000 102.3896 525.5564 237.6019 0.5264 1.9303
6.3645 0.0000 102.3161 414.5398 234.1901 0.5236 1.9726
6.3832 0.0000 102.2802 246.0419 234.4637 0.5229 2.0820
6.0599 0.0000 102.2711 68.2621 233.9986 0.5261 2.5197
5.5213 0.0000 102.2876 0.0174 232.6937 0.5298 3.2893
5.0439 0.0000 102.2980 0.0000 231.5768 0.5320 3.7604
4.7050 0.0000 102.2776 0.0000 231.0226 0.5354 4.1135
4.4787 0.0000 102.2500 0.0000 231.0492 0.5425 4.3345
4.2460 0.0000 102.2417 0.0000 231.6019 0.5569 4.2167
3.9359 0.0000 102.2462 0.0000 232.4735 0.5776 3.8424
3.4752 0.0000 102.2324 0.0000 233.1940 0.6003 3.6620
2.9184 0.0000 102.2100 0.0000 233.1852 0.6216 3.7010
2.3703 0.0000 102.1842 0.0000 233.1329 0.6397 3.7362
1.8479 0.0000 102.1594 0.0000 234.4102 0.6532 3.4231
1.3340 0.0009 102.1325 0.0000 250.0260 0.6537 3.0347
0.8078 0.0042 102.1346 0.0000 276.6948 0.6408 3.0420
0.5444 0.0046 102.1438 0.0000 288.4673 0.6297 3.1062
0.5020 0.0051 102.1305 0.0049 288.0741 0.6264 3.3042
0.6326 0.0021 102.0941 38.3254 279.8350 0.6284 3.5512
