-0.3331 0.0017 101.0192 156.5231 250.1626 0.5495 6.2008
1.4128 0.0002 101.0450 356.1915 224.9436 0.5518 5.8810
3.6610 0.0000 101.0133 502.9987 226.0095 0.5425 5.7076
5.5714 0.0000 100.9291 585.9705 231.4782 0.5160 5.1201
6.8719 0.0000 100.8153 600.8232 236.0637 0.5003 4.4685
7.7604 0.0000 100.7028 548.0556 240.0913 0.4983 4.2511
8.2704 0.0000 100.6185 429.8255 243.4089 0.5016 4.1989
8.3655 0.0000 100.5738 272.0458 244.8277 0.5074 4.3420
7.8856 0.0000 100.5566 98.1711 244.6643 0.5227 4.8364
6.8390 0.0000 100.5651 2.4149 242.4889 0.5380 5.9377
5.7425 0.0000 100.5883 0.0000 239.7652 0.5433 6.3297
4.8765 0.0000 100.6135 0.0000 237.7595 0.5459 5.8339
4.2640 0.0000 100.6207 0.0000 241.0758 0.5448 5.4929
3.8462 0.0000 100.6259 0.0000 251.3702 0.5421 4.9870
3.5780 0.0000 100.6141 0.0000 257.4987 0.5386 4.5598
3.4005 0.0000 100.5830 0.0000 264.5435 0.5352 4.3919
3.3007 0.0000 100.5577 0.0000 269.3988 0.5332 4.3811
3.2408 0.0000 100.5318 0.0000 273.6467 0.5330 4.4461
3.1659 0.0000 100.4952 0.0000 277.4311 0.5340 4.6700
3.0071 0.0000 100.4434 0.0000 281.6063 0.5370 4.8906
2.7792 0.0000 100.4011 0.0000 283.1980 0.5415 5.0382
2.5267 0.0000 100.3509 0.0000 283.8152 0.5478 5.3792
2.3064 0.0000 100.3326 0.0000 283.3333 0.5549 5.1660
2.2352 0.0000 100.3781 24.3959 269.3940 0.5601 3.9789
