-0.2527 0.0111 101.1986 162.7095 270.2446 0.5543 2.3223
1.3956 0.0014 101.2059 343.1108 256.6155 0.5657 2.4281
3.5953 0.0000 101.1556 546.5431 225.1905 0.5588 2.6186
5.8161 0.0000 101.0403 616.7327 231.3050 0.5258 2.4816
6.9456 0.0000 100.9206 619.4332 234.6476 0.5281 2.2160
7.7423 0.0000 100.8203 555.2870 236.7586 0.5332 2.0453
8.1829 0.0000 100.7481 428.3986 238.9953 0.5370 2.1226
8.2437 0.0000 100.7194 256.7174 240.1319 0.5393 2.3109
7.8454 0.0000 100.7155 74.8452 240.4309 0.5450 2.8860
7.0798 0.0000 100.7340 0.0884 245.8055 0.5495 3.7891
6.2019 0.0000 100.7521 0.0000 236.5196 0.5512 4.2255
5.3036 0.0000 100.7467 0.0000 234.6012 0.5537 4.3224
4.5385 0.0000 100.7329 0.0000 233.0835 0.5581 4.0494
3.9833 0.0000 100.7242 0.0000 232.3861 0.5647 3.4279
3.5511 0.0000 100.7208 0.0000 232.2096 0.5738 2.6911
3.0635 0.0000 100.7078 0.0000 232.2706 0.5825 2.1091
2.5222 0.0000 100.6913 0.0000 231.9866 0.5897 1.7186
2.0069 0.0000 100.6724 0.0000 232.2315 0.5957 1.6452
1.4940 0.0000 100.6251 0.0000 233.7503 0.6012 1.7273
0.9887 0.0002 100.5839 0.0000 247.5628 0.6054 1.8795
0.5038 0.0013 100.5948 0.0000 266.2565 0.6042 2.3665
0.1008 0.0039 100.6194 0.0000 267.8486 0.5966 2.5671
-0.2695 0.0185 100.6219 0.0395 285.8943 0.5865 2.3236
-0.3369 0.0138 100.5933 41.3829 281.9673 0.5858 2.1090
