-0.5454 0.0022 101.2300 141.3050 259.5954 0.5442 5.1213
1.0717 0.0001 101.2533 354.1423 222.6185 0.5483 4.8871
3.3129 0.0000 101.2222 500.3254 223.5129 0.5337 5.0503
5.0921 0.0000 101.1324 581.9655 229.5338 0.5081 4.8375
6.1867 0.0000 101.0181 598.6242 232.7945 0.4981 4.3587
6.9720 0.0000 100.9052 544.8326 236.8676 0.4958 4.1916
7.3892 0.0000 100.8235 426.7250 240.3990 0.4987 4.2350
7.4098 0.0000 100.7846 268.1840 242.1015 0.5029 4.4131
6.9099 0.0000 100.7675 94.9750 241.8145 0.5165 4.8741
6.0160 0.0000 100.7760 1.9780 239.6397 0.5293 5.7938
5.1972 0.0000 100.7889 0.0000 236.9978 0.5311 6.0208
4.5627 0.0000 100.8057 0.0000 234.9344 0.5316 5.3406
4.0848 0.0000 100.8134 0.0000 234.8438 0.5304 4.7348
3.7007 0.0000 100.8122 0.0000 241.3927 0.5285 4.3011
3.3811 0.0000 100.7979 0.0000 248.7728 0.5272 3.8317
3.1121 0.0000 100.7693 0.0000 258.4175 0.5268 3.5127
2.8981 0.0000 100.7466 0.0000 264.0992 0.5272 3.3883
2.7066 0.0000 100.7208 0.0000 268.3807 0.5285 3.4883
2.4855 0.0000 100.6868 0.0000 271.8553 0.5309 3.8451
2.1820 0.0000 100.6382 0.0000 276.9355 0.5353 4.2450
1.8396 0.0000 100.6010 0.0000 279.0367 0.5418 4.3448
1.5480 0.0000 100.5591 0.0000 280.3623 0.5499 4.4799
1.3564 0.0000 100.5278 0.0000 279.7734 0.5588 4.3685
1.3580 0.0000 100.5624 21.3750 274.5992 0.5654 3.1848
