-0.7312 0.0002 100.5282 172.3753 247.5949 0.5322 4.4330
1.4721 0.0000 100.5381 389.6736 217.7467 0.5380 4.2249
4.3152 0.0000 100.5048 534.9781 220.3148 0.5082 4.2691
6.3146 0.0000 100.4139 615.3661 225.8580 0.4757 3.7736
7.3712 0.0000 100.3028 625.7054 229.4787 0.4709 3.3009
7.9987 0.0000 100.2082 566.9441 232.7365 0.4757 3.2629
8.2342 0.0000 100.1346 442.9488 235.7355 0.4845 3.5187
8.0791 0.0000 100.1044 275.4313 237.6875 0.4941 3.7872
7.3935 0.0000 100.0953 92.5298 238.7270 0.5126 4.3720
6.3157 0.0000 100.1081 1.0249 238.1854 0.5267 5.2010
5.3089 0.0000 100.1126 0.0000 237.0558 0.5312 5.4398
4.5435 0.0000 100.1073 0.0000 235.8887 0.5348 5.0826
4.0083 0.0000 100.1055 0.0000 235.0396 0.5379 4.3745
3.6319 0.0000 100.1072 0.0000 236.0043 0.5406 3.8538
3.3579 0.0000 100.1003 0.0000 240.0598 0.5433 3.4875
3.1523 0.0000 100.0726 0.0000 244.8381 0.5455 3.1534
3.0038 0.0000 100.0430 0.0000 253.3921 0.5472 2.8582
2.8930 0.0000 100.0202 0.0000 260.3718 0.5489 2.5362
2.7256 0.0000 99.9951 0.0000 267.1858 0.5506 2.1825
2.5020 0.0000 99.9708 0.0000 268.5756 0.5521 2.1298
2.3123 0.0000 99.9401 0.0000 271.3722 0.5534 2.4731
2.3198 0.0000 99.9222 0.0000 272.6215 0.5554 2.8834
2.5246 0.0000 99.8776 0.0000 264.3609 0.5572 3.4870
2.8218 0.0000 99.8504 31.6003 271.2727 0.5591 3.4630
