-1.5016 0.0003 102.6437 123.3446 254.5989 0.5057 4.2900
0.1564 0.0000 102.6678 288.2602 236.4809 0.5152 4.1433
2.5315 0.0000 102.6441 451.4271 228.8015 0.5061 4.1701
4.5187 0.0000 102.5487 555.0465 227.4713 0.4822 3.8601
5.5147 0.0000 102.4241 580.0419 226.8314 0.4753 3.2425
6.2100 0.0000 102.3107 526.0616 229.7538 0.4722 2.8400
6.6401 0.0000 102.2231 411.0743 232.7020 0.4708 2.6777
6.7480 0.0000 102.1789 252.2233 234.8000 0.4710 2.7341
6.5142 0.0000 102.1609 81.7835 235.8073 0.4751 3.0889
6.0686 0.0000 102.1614 0.7809 235.7944 0.4785 3.8889
5.5115 0.0000 102.1638 0.0000 235.4221 0.4798 4.6868
4.8764 0.0000 102.1537 0.0000 234.6565 0.4830 5.0982
4.2598 0.0000 102.1541 0.0000 233.6659 0.4887 4.9442
3.7130 0.0000 102.1692 0.0000 232.9769 0.4964 4.7464
3.1950 0.0000 102.1544 0.0000 232.7155 0.5057 4.9669
2.6558 0.0000 102.1304 0.0000 235.6135 0.5167 4.8310
2.1583 0.0000 102.1193 0.0000 245.3393 0.5273 4.3980
1.7413 0.0000 102.1152 0.0000 252.3817 0.5362 4.3154
1.3820 0.0000 102.0934 0.0000 258.2358 0.5431 4.5110
1.0771 0.0000 102.0373 0.0000 260.7135 0.5482 4.9752
0.8293 0.0000 101.9859 0.0000 263.6374 0.5525 5.4171
0.6975 0.0000 101.9453 0.0000 270.5418 0.5575 5.6123
0.6426 0.0000 101.9015 0.0000 274.5433 0.5634 5.7928
0.6151 0.0001 101.8995 20.8293 272.4739 0.5720 5.2845
