-1.4903 0.0078 102.3825 160.8368 265.7846 0.5195 2.2013
0.3083 0.0005 102.3897 330.4172 254.5773 0.5434 2.5419
3.2702 0.0000 102.3466 479.2274 237.4127 0.5346 3.1670
5.1380 0.0000 102.2370 561.9850 240.4989 0.5048 2.7655
6.1438 0.0000 102.1187 583.9059 237.8579 0.5048 2.2352
6.8668 0.0000 102.0179 543.4281 232.8093 0.5086 1.9108
7.2848 0.0000 101.9439 422.2567 234.2635 0.5118 1.8332
7.3062 0.0000 101.9027 253.5335 235.1160 0.5153 1.9764
6.9098 0.0000 101.8936 73.9607 234.9841 0.5215 2.6480
6.1680 0.0000 101.9101 0.0768 233.8665 0.5264 3.8398
5.3326 0.0000 101.9205 0.0000 232.5996 0.5281 4.6144
4.5432 0.0000 101.9000 0.0000 231.4081 0.5291 5.0736
3.9113 0.0000 101.8784 0.0000 230.5515 0.5297 5.1805
3.4487 0.0000 101.8834 0.0000 230.2380 0.5317 4.7758
3.1004 0.0000 101.8996 0.0000 230.5559 0.5360 4.2120
2.7389 0.0000 101.8735 0.0000 230.9772 0.5411 3.8581
2.3381 0.0000 101.8506 0.0000 231.0063 0.5478 3.7393
1.9356 0.0000 101.8254 0.0000 231.9033 0.5577 3.5826
1.5080 0.0000 101.8011 0.0000 235.2328 0.5697 3.0034
1.0670 0.0001 101.7801 0.0000 242.5757 0.5820 2.5542
0.6361 0.0010 101.7752 0.0000 261.9857 0.5922 2.6792
0.2824 0.0047 101.7711 0.0000 275.1135 0.5983 3.2244
-0.0343 0.0114 101.7466 0.0004 279.5989 0.5994 3.9611
-0.1525 0.0046 101.7038 36.4233 277.3998 0.6001 4.6164
