-2.0801 0.0012 102.8737 168.4669 248.9943 0.4996 3.5315
0.2534 0.0000 102.8888 367.4740 220.5113 0.5253 3.5903
3.1921 0.0000 102.8528 482.0370 228.0408 0.5077 3.5440
4.5288 0.0000 102.7538 546.3061 234.4880 0.4908 2.8418
5.3467 0.0000 102.6385 578.3899 228.9014 0.4900 2.2243
5.9566 0.0000 102.5326 527.2460 227.9281 0.4936 1.8925
6.3544 0.0000 102.4543 407.6318 229.2945 0.4950 1.7809
6.3838 0.0000 102.4123 241.6882 230.5632 0.4984 1.8538
6.0730 0.0000 102.4032 68.0937 231.1560 0.5046 2.2656
5.5890 0.0000 102.4191 0.0556 231.0686 0.5108 3.1053
5.0382 0.0000 102.4250 0.0000 230.8620 0.5160 3.9689
4.4466 0.0000 102.4046 0.0000 230.3262 0.5211 4.7787
3.8759 0.0000 102.3807 0.0000 229.6666 0.5267 5.2657
3.3811 0.0000 102.3844 0.0000 229.3179 0.5345 5.1638
2.9718 0.0000 102.4056 0.0000 229.4297 0.5446 4.7824
2.5414 0.0000 102.3802 0.0000 229.7971 0.5551 4.8119
2.0372 0.0000 102.3428 0.0000 229.6918 0.5671 4.9523
1.4697 0.0000 102.3412 0.0000 231.2699 0.5814 4.5078
0.9249 0.0001 102.3387 0.0000 240.4876 0.5930 3.9763
0.4061 0.0022 102.3091 0.0000 257.3961 0.5973 3.9915
-0.0975 0.0082 102.2733 0.0000 271.4749 0.5934 4.2557
-0.4599 0.0059 102.2417 0.0000 279.7431 0.5866 4.6047
-0.7400 0.0062 102.2113 0.0000 283.9244 0.5800 4.9014
-0.7956 0.0054 102.1681 24.8692 287.7149 0.5755 4.8731
