-0.4171 0.0003 101.6178 151.3736 256.9995 0.5443 4.7818
1.3929 0.0000 101.6347 362.2750 223.8691 0.5499 4.5474
3.9550 0.0000 101.6024 512.5139 223.7341 0.5222 4.6294
5.8519 0.0000 101.5071 599.4606 227.5726 0.4893 4.2864
6.8782 0.0000 101.3928 613.6011 230.1146 0.4837 3.8383
7.5448 0.0000 101.2917 557.8284 232.8814 0.4855 3.7312
7.8156 0.0000 101.2152 434.2572 236.3460 0.4919 3.8644
7.7169 0.0000 101.1777 269.7077 238.6268 0.4985 4.0293
7.1394 0.0000 101.1686 91.0890 239.7413 0.5147 4.4833
6.2689 0.0000 101.1740 1.1514 239.1172 0.5271 5.2729
5.4872 0.0000 101.1766 0.0000 237.9063 0.5296 5.6252
4.8537 0.0000 101.1707 0.0000 236.6548 0.5321 5.3673
4.3380 0.0000 101.1727 0.0000 235.6041 0.5356 4.7343
3.8922 0.0000 101.1789 0.0000 236.4967 0.5398 4.3491
3.4810 0.0000 101.1690 0.0000 240.1961 0.5448 4.0809
3.1030 0.0000 101.1443 0.0000 245.8928 0.5498 3.7056
2.7923 0.0000 101.1178 0.0000 255.0985 0.5536 3.2442
2.5505 0.0000 101.0992 0.0000 261.6174 0.5568 2.9942
2.2932 0.0000 101.0744 0.0000 265.8870 0.5600 3.0149
2.0077 0.0000 101.0428 0.0000 268.4762 0.5631 3.3480
1.7603 0.0000 101.0082 0.0000 272.5591 0.5659 3.7100
1.6963 0.0000 100.9794 0.0000 274.3130 0.5689 3.9429
1.8098 0.0000 100.9339 0.0000 272.7693 0.5715 4.3084
2.0140 0.0000 100.9211 26.1229 274.7579 0.5741 3.7878
