-0.9576 0.0067 101.9406 166.8602 265.1230 0.5348 2.3547
0.7277 0.0008 101.9493 337.0810 254.2677 0.5542 2.5357
3.1961 0.0000 101.9083 502.6144 233.9408 0.5489 2.9590
5.0361 0.0000 101.8006 572.8297 238.4832 0.5171 2.6124
6.0595 0.0000 101.6812 592.5383 236.6959 0.5129 2.1534
6.7598 0.0000 101.5836 542.8837 234.3997 0.5151 1.8957
7.1530 0.0000 101.5118 423.0998 234.7482 0.5175 1.8859
7.1813 0.0000 101.4741 253.6739 235.5296 0.5203 2.0459
6.7940 0.0000 101.4665 73.5322 235.3289 0.5261 2.6536
6.0750 0.0000 101.4840 0.0755 234.0513 0.5309 3.6859
5.2951 0.0000 101.4953 0.0000 232.5867 0.5331 4.2730
4.5790 0.0000 101.4784 0.0000 231.4480 0.5349 4.5853
4.0184 0.0000 101.4574 0.0000 230.7604 0.5376 4.6243
3.6029 0.0000 101.4558 0.0000 230.6770 0.5430 4.2592
3.2613 0.0000 101.4652 0.0000 231.1115 0.5518 3.7445
2.8608 0.0000 101.4452 0.0000 231.6060 0.5617 3.4185
2.4055 0.0000 101.4229 0.0000 231.5975 0.5718 3.2955
1.9624 0.0000 101.3980 0.0000 232.3989 0.5824 3.2179
1.5177 0.0000 101.3674 0.0000 234.3419 0.5929 2.8476
1.0745 0.0003 101.3412 0.0000 245.8040 0.5994 2.4924
0.6430 0.0019 101.3428 0.0000 267.7420 0.5995 2.5786
0.3748 0.0041 101.3470 0.0000 276.5193 0.5986 2.8750
0.1882 0.0086 101.3311 0.0041 279.0356 0.5988 3.3093
0.1443 0.0041 101.2920 40.8089 272.7738 0.6006 3.7849
