-1.4572 0.0029 102.7026 154.5975 258.4307 0.5186 3.6984
0.4968 0.0001 102.7164 310.2987 245.5228 0.5349 3.8732
3.1910 0.0000 102.6787 453.5501 238.4541 0.5194 4.1073
4.8696 0.0000 102.5765 561.2604 234.3838 0.4945 3.4936
5.9115 0.0000 102.4561 592.3664 230.8109 0.4904 2.8287
6.6379 0.0000 102.3487 542.8614 229.9671 0.4931 2.4535
7.0965 0.0000 102.2688 423.6147 231.6311 0.4944 2.3310
7.1856 0.0000 102.2264 257.2756 233.0789 0.4973 2.4614
6.8830 0.0000 102.2173 78.6994 233.8546 0.5055 2.9628
6.3747 0.0000 102.2261 0.2622 233.8721 0.5136 3.9589
5.8077 0.0000 102.2285 0.0000 233.9199 0.5205 4.8725
5.1644 0.0000 102.2061 0.0000 233.7261 0.5284 5.6110
4.4579 0.0000 102.1898 0.0000 233.3417 0.5364 5.8388
3.8085 0.0000 102.2052 0.0000 232.9551 0.5430 5.4949
3.2900 0.0000 102.2165 0.0000 232.7255 0.5475 5.2351
2.8092 0.0000 102.1875 0.0000 232.6134 0.5496 5.2566
2.3583 0.0000 102.1589 0.0000 233.6834 0.5507 5.0900
1.9724 0.0000 102.1531 0.0000 239.8562 0.5533 4.5206
1.6369 0.0000 102.1399 0.0000 247.7573 0.5568 4.0468
1.3277 0.0000 102.1042 0.0000 256.0836 0.5615 4.0870
1.0384 0.0000 102.0790 0.0000 259.4445 0.5689 4.5073
0.8650 0.0000 102.0524 0.0000 263.3879 0.5778 5.1048
0.7253 0.0002 102.0196 0.0000 269.7207 0.5842 5.6213
0.6721 0.0009 101.9749 31.8489 268.2430 0.5883 5.8693
