-2.3998 0.0002 102.6028 158.8944 240.3026 0.4777 4.0869
-0.3855 0.0000 102.6231 323.1418 223.6944 0.4961 3.5931
2.5022 0.0000 102.5979 459.0830 225.2728 0.4665 3.3196
4.2095 0.0000 102.5025 550.5898 225.8772 0.4381 2.7719
5.0064 0.0000 102.3786 568.5685 224.8681 0.4369 2.2798
5.5543 0.0000 102.2763 513.3867 225.7987 0.4407 2.0240
5.8957 0.0000 102.1972 402.2685 225.7792 0.4434 1.9828
5.8924 0.0000 102.1548 240.0685 227.3297 0.4470 2.1096
5.5409 0.0000 102.1457 69.7497 228.3478 0.4523 2.6331
4.9743 0.0000 102.1489 0.1309 228.1129 0.4559 3.5470
4.3269 0.0000 102.1535 0.0000 227.4721 0.4584 4.3430
3.6489 0.0000 102.1380 0.0000 226.8076 0.4617 4.9908
3.0050 0.0000 102.1182 0.0000 226.3851 0.4661 5.2851
2.4725 0.0000 102.1283 0.0000 226.4779 0.4719 5.0961
2.0590 0.0000 102.1468 0.0000 226.9044 0.4802 4.8985
1.6672 0.0000 102.1153 0.0000 227.4096 0.4897 5.0355
1.2593 0.0000 102.0957 0.0000 228.9810 0.4996 4.8224
0.8992 0.0000 102.0997 0.0000 236.2832 0.5104 4.3551
0.6058 0.0000 102.0871 0.0000 242.3339 0.5218 4.2355
0.3571 0.0000 102.0358 0.0000 249.6604 0.5349 4.4373
0.1194 0.0000 101.9813 0.0000 251.4201 0.5484 4.8514
-0.1159 0.0003 101.9383 0.0000 248.6741 0.5605 5.2329
-0.4294 0.0023 101.9056 0.0000 254.9879 0.5663 5.3956
-0.7518 0.0036 101.8700 26.4857 267.1118 0.5655 5.1901
