-1.8983 0.0002 102.6689 141.5126 249.9513 0.4953 4.4165
-0.0374 0.0000 102.6915 298.8858 234.8883 0.5126 4.1062
2.6653 0.0000 102.6655 450.0426 230.6663 0.4968 4.1339
4.4369 0.0000 102.5702 556.7422 227.3691 0.4701 3.6090
5.3657 0.0000 102.4447 584.0525 225.0224 0.4633 2.9589
6.0199 0.0000 102.3350 529.2123 226.7209 0.4630 2.5705
6.4440 0.0000 102.2508 411.6607 229.0826 0.4626 2.4181
6.5270 0.0000 102.2080 249.5859 231.1630 0.4640 2.4986
6.2611 0.0000 102.1963 77.2971 232.2487 0.4698 2.9026
5.7856 0.0000 102.1968 0.3922 232.2717 0.4753 3.7611
5.2081 0.0000 102.1992 0.0000 232.0346 0.4800 4.6729
4.5483 0.0000 102.1814 0.0000 231.7466 0.4876 5.3651
3.8788 0.0000 102.1719 0.0000 231.3719 0.4970 5.5378
3.2785 0.0000 102.1938 0.0000 231.1028 0.5065 5.2961
2.7545 0.0000 102.1898 0.0000 230.9184 0.5158 5.4236
2.2216 0.0000 102.1565 0.0000 230.9776 0.5242 5.6315
1.7146 0.0000 102.1439 0.0000 235.3241 0.5311 5.2086
1.3165 0.0000 102.1475 0.0000 244.4026 0.5365 4.8321
1.0218 0.0000 102.1296 0.0000 250.2793 0.5404 4.8556
0.7938 0.0000 102.0804 0.0000 256.2008 0.5440 5.1573
0.6155 0.0000 102.0295 0.0000 257.5591 0.5495 5.5933
0.5193 0.0000 101.9913 0.0000 261.5061 0.5589 5.8734
0.4391 0.0000 101.9497 0.0000 267.2943 0.5703 6.0479
0.2944 0.0003 101.9217 23.1095 270.9421 0.5808 5.7924
