-1.4116 0.0039 102.4440 164.0463 256.2515 0.5193 3.2506
0.5029 0.0002 102.4526 315.8938 248.0958 0.5371 3.5009
3.3489 0.0000 102.4109 470.4634 236.7396 0.5196 3.8859
5.1519 0.0000 102.3072 571.5086 234.3389 0.4923 3.3754
6.2133 0.0000 102.1837 595.1184 232.8853 0.4909 2.7419
6.9396 0.0000 102.0803 547.4528 231.2077 0.4952 2.3892
7.3766 0.0000 102.0047 427.0499 232.8769 0.4984 2.3035
7.4239 0.0000 101.9626 259.6361 234.0694 0.5028 2.4726
7.0528 0.0000 101.9535 79.3424 234.4360 0.5122 3.0738
6.4418 0.0000 101.9679 0.2311 234.1053 0.5200 4.1379
5.8125 0.0000 101.9712 0.0000 233.9480 0.5263 4.9268
5.1503 0.0000 101.9457 0.0000 233.7702 0.5335 5.5205
4.4447 0.0000 101.9301 0.0000 233.4311 0.5399 5.6557
3.8195 0.0000 101.9434 0.0000 233.0618 0.5445 5.2534
3.3600 0.0000 101.9556 0.0000 232.9691 0.5473 4.8874
2.9503 0.0000 101.9279 0.0000 233.0750 0.5482 4.7941
2.5665 0.0000 101.8983 0.0000 233.7642 0.5490 4.7188
2.2259 0.0000 101.8839 0.0000 239.2895 0.5516 4.2862
1.9027 0.0000 101.8679 0.0000 245.8849 0.5551 3.6273
1.5793 0.0000 101.8383 0.0000 256.3761 0.5593 3.3751
1.2739 0.0002 101.8225 0.0000 260.4114 0.5647 3.6791
1.0983 0.0006 101.8018 0.0000 264.4345 0.5710 4.3814
1.0283 0.0014 101.7738 0.0000 269.3291 0.5767 5.0870
1.0530 0.0009 101.7254 38.9286 258.1918 0.5812 5.6462
