-0.6284 0.0021 101.3507 134.1685 263.4277 0.5410 4.6818
0.9332 0.0001 101.3731 352.0766 222.1753 0.5451 4.4972
3.1751 0.0000 101.3427 498.9665 222.4916 0.5273 4.7767
4.8852 0.0000 101.2497 580.1512 228.6238 0.5041 4.6807
5.9213 0.0000 101.1338 597.5266 231.2794 0.4970 4.2366
6.6890 0.0000 101.0197 543.6012 235.2851 0.4951 4.0608
7.0870 0.0000 100.9386 425.4300 238.9132 0.4981 4.1241
7.0915 0.0000 100.9014 266.2736 240.9127 0.5019 4.2963
6.5981 0.0000 100.8849 93.2840 240.7570 0.5144 4.7373
5.7749 0.0000 100.8930 1.7725 238.7587 0.5260 5.5763
5.0568 0.0000 100.9026 0.0000 236.2986 0.5266 5.7468
4.4959 0.0000 100.9154 0.0000 234.2974 0.5261 5.0439
4.0535 0.0000 100.9240 0.0000 233.4593 0.5246 4.3228
3.6706 0.0000 100.9201 0.0000 237.2447 0.5228 3.9159
3.3170 0.0000 100.9055 0.0000 244.4248 0.5221 3.4709
2.9989 0.0000 100.8780 0.0000 255.1989 0.5229 3.1063
2.7316 0.0000 100.8555 0.0000 261.2456 0.5244 2.9181
2.4881 0.0000 100.8302 0.0000 265.8594 0.5266 3.0169
2.2129 0.0000 100.7972 0.0000 269.1607 0.5298 3.4341
1.8620 0.0000 100.7511 0.0000 274.3682 0.5350 3.9164
1.4882 0.0000 100.7150 0.0000 276.9698 0.5425 4.0276
1.1994 0.0000 100.6769 0.0000 278.6552 0.5513 4.0913
1.0270 0.0000 100.6419 0.0000 278.1374 0.5608 4.0070
1.0541 0.0000 100.6705 20.4394 276.0663 0.5677 2.8473
