-1.4076 0.0002 98.7254 204.5630 230.5003 0.5055 3.5784
0.8424 0.0000 98.7329 406.0792 214.7093 0.5158 3.6104
3.7160 0.0000 98.6972 547.2240 217.9278 0.4857 3.6920
5.6562 0.0000 98.6052 626.9911 222.5570 0.4623 3.0455
6.6578 0.0000 98.5013 633.5347 226.2408 0.4708 2.3527
7.3257 0.0000 98.4143 571.1635 229.6991 0.4825 2.0728
7.7081 0.0000 98.3465 446.9081 232.3490 0.4914 2.2555
7.6669 0.0000 98.3201 276.6107 233.7906 0.4992 2.5834
7.0630 0.0000 98.3175 89.7694 234.1736 0.5127 3.2298
6.0341 0.0000 98.3331 0.5547 233.3286 0.5225 4.0579
5.0472 0.0000 98.3418 0.0000 232.6068 0.5266 4.2603
4.3016 0.0000 98.3262 0.0000 232.3668 0.5300 4.1145
3.7716 0.0000 98.3171 0.0000 232.2685 0.5335 3.7061
3.4352 0.0000 98.3160 0.0000 232.4818 0.5367 3.3501
3.2258 0.0000 98.3158 0.0000 233.7972 0.5395 3.2276
3.0010 0.0000 98.2897 0.0000 236.6291 0.5409 3.1650
2.8119 0.0000 98.2658 0.0000 241.3487 0.5411 3.2235
2.6600 0.0000 98.2334 0.0000 248.2439 0.5410 3.1125
2.4990 0.0000 98.2000 0.0000 259.8939 0.5406 2.4983
2.3427 0.0000 98.1794 0.0000 265.3077 0.5402 1.8250
2.2363 0.0000 98.1641 0.0000 262.9950 0.5397 1.6527
2.2822 0.0000 98.1529 0.0000 266.6827 0.5398 2.0653
2.4177 0.0000 98.1235 0.0000 255.5102 0.5404 2.9355
2.5512 0.0000 98.0837 46.9670 252.0956 0.5410 3.7596
