-1.6622 0.0002 102.6453 119.5388 254.0431 0.5011 4.0007
0.0368 0.0000 102.6742 283.5279 235.1115 0.5100 3.9718
2.3826 0.0000 102.6483 441.3112 228.7756 0.5045 3.9918
4.4850 0.0000 102.5530 543.6678 227.9771 0.4843 3.7053
5.4919 0.0000 102.4266 568.0904 228.1850 0.4773 3.0899
6.1610 0.0000 102.3111 516.3891 231.2772 0.4737 2.6725
6.6030 0.0000 102.2219 404.9978 233.8916 0.4701 2.4674
6.7101 0.0000 102.1795 248.9385 235.7443 0.4698 2.5192
6.4750 0.0000 102.1562 81.2918 236.6089 0.4734 2.8988
6.0366 0.0000 102.1567 0.8898 236.5352 0.4757 3.7432
5.4865 0.0000 102.1591 0.0000 236.0867 0.4761 4.5747
4.8584 0.0000 102.1522 0.0000 235.0711 0.4781 4.9951
4.2252 0.0000 102.1539 0.0000 233.9234 0.4816 4.8944
3.6526 0.0000 102.1643 0.0000 233.2493 0.4870 4.7728
3.1120 0.0000 102.1504 0.0000 233.2911 0.4945 4.8555
2.5915 0.0000 102.1348 0.0000 238.9523 0.5043 4.4658
2.1379 0.0000 102.1224 0.0000 248.0908 0.5146 4.1298
1.7379 0.0000 102.1144 0.0000 253.6764 0.5249 4.0844
1.3799 0.0000 102.0899 0.0000 260.3181 0.5335 4.3247
1.0588 0.0000 102.0294 0.0000 261.2611 0.5406 4.8101
0.7757 0.0000 101.9767 0.0000 264.3853 0.5471 5.2349
0.5922 0.0000 101.9383 0.0000 272.4583 0.5546 5.4412
0.4911 0.0000 101.8912 0.0000 276.1989 0.5618 5.5726
0.4305 0.0002 101.9033 18.4372 273.9982 0.5702 5.0614
