-2.1510 0.0014 102.9466 171.0718 250.1547 0.4999 3.1529
0.4110 0.0000 102.9531 380.4670 217.6704 0.5286 3.2707
3.2111 0.0000 102.9196 507.9971 221.5749 0.5175 3.0954
4.4246 0.0000 102.8183 559.9964 230.8190 0.5025 2.4403
5.1699 0.0000 102.7053 569.7650 230.8001 0.5004 1.8920
5.7156 0.0000 102.6045 517.7118 229.4827 0.5024 1.5673
6.0551 0.0000 102.5333 398.8148 230.0165 0.5028 1.4500
6.0565 0.0000 102.4910 235.2577 230.2473 0.5047 1.5001
5.7397 0.0000 102.4819 63.0910 230.2453 0.5086 1.8236
5.2958 0.0000 102.4990 0.0066 229.9551 0.5120 2.4358
4.8439 0.0000 102.5072 0.0000 229.9426 0.5155 3.0622
4.3867 0.0000 102.4895 0.0000 229.6280 0.5210 3.7798
3.9323 0.0000 102.4612 0.0000 228.9640 0.5301 4.3998
3.4641 0.0000 102.4562 0.0000 228.6056 0.5443 4.6003
2.9764 0.0000 102.4733 0.0000 228.5474 0.5629 4.3841
2.4142 0.0000 102.4669 0.0000 228.7957 0.5816 4.3102
1.7853 0.0000 102.4293 0.0000 228.6699 0.5988 4.6220
1.1287 0.0000 102.4161 0.0000 228.5806 0.6131 4.5050
0.5142 0.0002 102.4135 0.0000 239.4113 0.6181 3.8021
-0.1399 0.0051 102.3917 0.0000 265.8798 0.6065 3.5627
-0.7728 0.0166 102.3619 0.0000 289.1842 0.5831 3.6481
-1.0444 0.0111 102.3322 0.0000 287.5722 0.5691 3.7915
-1.1300 0.0075 102.3060 0.0000 282.8182 0.5645 4.1195
-1.1022 0.0061 102.2654 28.8002 281.3975 0.5623 4.2764
