0.1954 0.0071 102.6537 164.3848 271.5017 0.5786 2.8604
1.9071 0.0012 102.6647 336.6788 260.6779 0.5951 2.6670
4.0090 0.0000 102.6103 531.3234 230.2346 0.5968 2.6519
5.7956 0.0000 102.4992 595.4417 236.0056 0.5580 2.3768
6.9851 0.0000 102.3735 603.0651 236.9033 0.5383 2.0742
7.7284 0.0000 102.2688 541.1466 237.6852 0.5340 1.9753
8.1448 0.0000 102.1958 415.9954 238.9675 0.5332 2.0716
8.1976 0.0000 102.1651 245.2022 239.7772 0.5341 2.2438
7.8342 0.0000 102.1560 67.0502 239.5286 0.5395 2.7612
7.1552 0.0000 102.1801 0.0148 238.0376 0.5465 3.6396
6.4417 0.0000 102.1982 0.0000 236.3527 0.5530 4.1641
5.8030 0.0000 102.1928 0.0000 234.9721 0.5624 4.4305
5.2789 0.0000 102.1682 0.0000 234.0709 0.5772 4.4611
4.8490 0.0000 102.1540 0.0000 233.7954 0.5997 4.1645
4.4517 0.0000 102.1556 0.0000 233.9530 0.6274 3.5754
3.9476 0.0000 102.1437 0.0000 234.1849 0.6513 3.1675
3.3488 0.0000 102.1255 0.0000 233.7167 0.6689 2.9151
2.7729 0.0000 102.1111 0.0000 233.2325 0.6796 2.7306
2.2090 0.0004 102.0702 0.0000 242.2845 0.6801 2.7140
1.6009 0.0015 102.0303 0.0000 258.7667 0.6681 2.7813
1.0616 0.0031 102.0378 0.0000 283.6914 0.6504 2.9782
0.8242 0.0044 102.0726 0.0000 291.1487 0.6379 2.9011
0.7407 0.0092 102.0776 0.0806 285.9452 0.6320 2.7531
0.8463 0.0049 102.0458 44.9668 277.8504 0.6307 2.6854
