-0.4820 0.0012 101.7857 132.3487 263.3951 0.5414 4.6655
1.0341 0.0000 101.8077 344.2653 225.5041 0.5435 4.4907
3.2425 0.0000 101.7757 495.9298 223.8588 0.5210 4.6976
4.9324 0.0000 101.6808 581.9180 228.0047 0.4976 4.5273
5.9374 0.0000 101.5633 599.5140 229.9570 0.4931 4.0636
6.6775 0.0000 101.4518 546.0921 232.9015 0.4932 3.8614
7.0422 0.0000 101.3710 426.2149 236.5708 0.4975 3.9148
7.0334 0.0000 101.3323 265.0614 238.9061 0.5018 4.0393
6.5856 0.0000 101.3196 90.6547 239.5318 0.5139 4.4290
5.8958 0.0000 101.3242 1.3918 238.5164 0.5235 5.1938
5.2896 0.0000 101.3268 0.0000 236.9740 0.5232 5.4734
4.7598 0.0000 101.3300 0.0000 235.4866 0.5229 5.0472
4.2906 0.0000 101.3367 0.0000 234.3894 0.5237 4.3361
3.8546 0.0000 101.3365 0.0000 234.9698 0.5253 3.9820
3.4229 0.0000 101.3223 0.0000 239.2387 0.5288 3.7200
3.0125 0.0000 101.2983 0.0000 248.6512 0.5337 3.3468
2.6633 0.0000 101.2755 0.0000 256.6084 0.5381 2.9669
2.3679 0.0000 101.2541 0.0000 262.2267 0.5420 2.9180
2.0598 0.0000 101.2249 0.0000 266.0166 0.5461 3.2740
1.7035 0.0000 101.1849 0.0000 269.5466 0.5512 3.7911
1.3517 0.0000 101.1488 0.0000 274.0329 0.5572 4.0292
1.1252 0.0000 101.1129 0.0000 275.8528 0.5635 4.1121
1.0217 0.0000 101.0738 0.0000 276.1749 0.5699 4.2052
1.0766 0.0000 101.0848 22.0490 275.4689 0.5748 3.2691
