-1.9608 0.0006 102.8081 161.2966 247.4141 0.4989 4.1205
0.1019 0.0000 102.8301 337.0190 226.4333 0.5195 3.9516
2.9920 0.0000 102.7971 456.2905 232.4436 0.4974 3.9026
4.4744 0.0000 102.7011 546.9028 232.2359 0.4755 3.1989
5.3441 0.0000 102.5801 583.8928 226.1451 0.4729 2.5467
5.9815 0.0000 102.4708 529.9872 226.6272 0.4763 2.1954
6.4027 0.0000 102.3891 410.7511 228.5723 0.4777 2.0723
6.4608 0.0000 102.3467 245.7583 230.3692 0.4812 2.1655
6.1711 0.0000 102.3376 72.3536 231.4190 0.4885 2.6085
5.6862 0.0000 102.3476 0.1622 231.5304 0.4959 3.5318
5.1034 0.0000 102.3500 0.0000 231.3651 0.5023 4.4938
4.4462 0.0000 102.3296 0.0000 230.8933 0.5094 5.3171
3.7893 0.0000 102.3120 0.0000 230.3672 0.5163 5.6927
3.2250 0.0000 102.3248 0.0000 230.0775 0.5231 5.4585
2.7844 0.0000 102.3405 0.0000 230.1491 0.5300 5.2142
2.3629 0.0000 102.3052 0.0000 230.3079 0.5362 5.4018
1.9126 0.0000 102.2761 0.0000 231.0149 0.5424 5.2548
1.4579 0.0000 102.2816 0.0000 236.4041 0.5508 4.6245
1.0543 0.0000 102.2735 0.0000 243.8790 0.5603 4.3466
0.7286 0.0000 102.2341 0.0000 251.6426 0.5707 4.5331
0.4367 0.0000 102.1889 0.0000 255.5364 0.5804 4.9264
0.1400 0.0005 102.1535 0.0000 265.9933 0.5845 5.3768
-0.1855 0.0030 102.1167 0.0000 274.9272 0.5841 5.6284
-0.3614 0.0034 102.0760 23.4885 282.3262 0.5831 5.4545
