2.0296 0.0029 103.0275 208.2146 253.2100 0.6209 5.3385
3.7602 0.0003 103.0421 396.0815 238.2134 0.6190 4.9392
5.2676 0.0001 102.9931 545.9913 229.0553 0.6028 4.3368
6.2508 0.0000 102.8945 606.5529 232.8192 0.5887 3.7799
6.9631 0.0000 102.7824 592.4889 237.6780 0.5791 3.2242
7.4943 0.0000 102.6881 516.0152 241.1164 0.5735 2.8682
7.7290 0.0000 102.6231 397.0963 239.3806 0.5738 2.7486
7.6857 0.0000 102.5945 229.8470 238.5997 0.5771 2.7113
7.3869 0.0000 102.5919 55.6853 238.8485 0.5855 2.9477
6.9007 0.0000 102.6164 0.0000 238.7486 0.5995 3.5734
6.3526 0.0000 102.6411 0.0000 237.5481 0.6132 4.1031
5.7489 0.0000 102.6355 0.0000 235.6874 0.6253 4.6367
5.1759 0.0000 102.6203 0.0000 233.8350 0.6351 5.1231
4.7212 0.0000 102.5952 0.0000 232.3492 0.6425 5.4007
4.4560 0.0000 102.5911 0.0000 231.3093 0.6443 5.2139
4.1741 0.0000 102.5795 0.0000 230.9204 0.6409 4.8962
3.8461 0.0000 102.5593 0.0000 230.0320 0.6350 4.8518
3.5520 0.0000 102.5408 0.0000 229.3697 0.6295 4.8804
3.2650 0.0000 102.4987 0.0000 228.7709 0.6255 4.8393
2.9923 0.0000 102.4502 0.0000 228.3285 0.6234 4.7603
2.7361 0.0000 102.4478 0.0000 228.0942 0.6232 4.8352
2.6486 0.0000 102.4813 0.0000 230.9201 0.6228 4.9974
2.7243 0.0000 102.4969 0.2412 248.6770 0.6227 4.7767
2.9101 0.0000 102.4679 52.4366 254.3045 0.6234 4.4877
