-0.9823 0.0027 99.9719 138.2780 257.7929 0.5269 5.0029
0.6458 0.0002 99.9978 342.8098 225.1074 0.5308 4.7688
2.8199 0.0000 99.9709 491.3415 224.9210 0.5230 4.7199
4.6464 0.0000 99.8858 577.0531 229.1054 0.5037 4.2498
5.9106 0.0000 99.7711 597.3954 231.6520 0.4917 3.6711
6.7884 0.0000 99.6598 544.2523 236.0325 0.4909 3.5323
7.2893 0.0000 99.5774 426.0795 239.8325 0.4940 3.5641
7.3425 0.0000 99.5394 268.9719 241.1401 0.4989 3.7201
6.8132 0.0000 99.5223 96.2976 240.5179 0.5112 4.2329
5.7777 0.0000 99.5308 2.1767 238.1564 0.5231 5.2052
4.7765 0.0000 99.5521 0.0000 235.2775 0.5244 5.3246
4.0334 0.0000 99.5705 0.0000 233.2326 0.5232 4.5916
3.5247 0.0000 99.5805 0.0000 234.1765 0.5199 3.9798
3.1668 0.0000 99.5780 0.0000 241.5790 0.5161 3.5467
2.9201 0.0000 99.5643 0.0000 248.7992 0.5131 3.1750
2.7719 0.0000 99.5331 0.0000 258.4239 0.5116 2.9411
2.7100 0.0000 99.5098 0.0000 263.7655 0.5117 2.8669
2.6824 0.0000 99.4840 0.0000 268.2278 0.5132 2.9750
2.6231 0.0000 99.4494 0.0000 272.5052 0.5160 3.3108
2.4700 0.0000 99.4023 0.0000 277.3179 0.5203 3.6393
2.2534 0.0000 99.3619 0.0000 279.6186 0.5259 3.7060
2.0157 0.0000 99.3147 0.0000 281.3148 0.5322 3.9981
1.7492 0.0000 99.2923 0.0000 280.2326 0.5391 3.9948
1.6840 0.0000 99.3311 19.4874 275.7404 0.5445 2.9000
