1.6445 0.0047 103.0826 180.2751 260.3985 0.5898 4.2261
3.1124 0.0013 103.1009 351.8304 244.4303 0.5881 3.9273
4.1097 0.0018 103.0636 496.5954 235.3485 0.5816 3.5116
4.7087 0.0015 102.9683 546.4877 242.5021 0.5754 3.0819
5.1097 0.0013 102.8629 553.8450 240.2343 0.5734 2.7025
5.3808 0.0008 102.7797 487.3412 241.4443 0.5714 2.3919
5.4508 0.0006 102.7181 364.5263 242.9873 0.5703 2.1785
5.3230 0.0005 102.6875 205.3146 242.6288 0.5688 2.1017
4.9475 0.0005 102.6864 46.2987 244.2918 0.5705 2.4270
4.4037 0.0004 102.7069 0.0000 244.9849 0.5750 3.1066
3.8630 0.0004 102.7308 0.0000 244.2177 0.5784 3.4399
3.3824 0.0002 102.7275 0.0000 242.4185 0.5795 3.7164
2.9958 0.0000 102.7059 0.0000 236.0276 0.5786 4.1067
2.7133 0.0000 102.6843 0.0000 228.4124 0.5768 4.4738
2.5724 0.0000 102.6755 0.0000 227.4455 0.5761 4.4319
2.4682 0.0000 102.6732 0.0000 226.9378 0.5753 3.9079
2.3521 0.0000 102.6615 0.0000 226.2512 0.5733 3.5196
2.2606 0.0000 102.6277 0.0000 225.7728 0.5713 3.6793
2.1742 0.0000 102.5823 0.0000 225.5826 0.5710 3.8477
2.0707 0.0000 102.5505 0.0000 226.1893 0.5723 3.5460
1.9549 0.0000 102.5447 0.0000 228.6705 0.5728 3.4325
1.9884 0.0000 102.5399 0.0000 234.2561 0.5737 3.3958
2.1495 0.0000 102.5241 0.0347 240.7365 0.5757 3.2390
2.3603 0.0000 102.4951 58.5377 237.6698 0.5794 3.2830
