1.1035 0.0037 103.0547 189.2327 256.3932 0.5869 4.4026
2.8674 0.0011 103.0704 360.6948 245.8750 0.5928 4.2574
4.3879 0.0003 103.0274 528.6484 228.0969 0.5856 3.8085
5.3109 0.0002 102.9268 595.3876 230.1659 0.5803 3.2722
5.9987 0.0001 102.8132 583.0983 234.6420 0.5774 2.7665
6.4912 0.0001 102.7247 512.4339 236.7557 0.5755 2.4055
6.7147 0.0001 102.6601 389.9263 236.5456 0.5770 2.2287
6.6615 0.0000 102.6268 223.3160 236.5375 0.5793 2.1646
6.3413 0.0001 102.6256 52.8819 237.1192 0.5832 2.3719
5.8966 0.0001 102.6489 0.0000 240.8253 0.5906 2.9823
5.4263 0.0001 102.6723 0.0000 242.5947 0.6005 3.5162
4.9173 0.0001 102.6686 0.0000 238.4320 0.6107 4.0880
4.3809 0.0000 102.6444 0.0000 233.1126 0.6194 4.7266
3.8924 0.0000 102.6255 0.0000 230.2434 0.6243 5.2309
3.5396 0.0000 102.6192 0.0000 229.0236 0.6247 5.1878
3.2453 0.0000 102.6169 0.0000 228.4936 0.6207 4.7552
2.9729 0.0000 102.5996 0.0000 227.7580 0.6147 4.5813
2.7383 0.0000 102.5715 0.0000 227.1803 0.6094 4.7326
2.5269 0.0000 102.5261 0.0000 226.6801 0.6062 4.7711
2.3318 0.0000 102.4913 0.0000 226.4133 0.6057 4.4837
2.1264 0.0000 102.4913 0.0000 226.8621 0.6061 4.5059
2.0837 0.0000 102.5063 0.0000 231.0685 0.6067 4.5513
2.2121 0.0000 102.5014 0.0978 242.7090 0.6076 4.3171
2.4561 0.0000 102.4698 46.7636 254.6197 0.6099 4.1503
