-2.0944 0.0003 102.9245 176.1918 239.6794 0.4932 3.6888
0.2179 0.0000 102.9360 360.4923 216.4532 0.5089 3.3843
2.9483 0.0000 102.9038 485.5730 222.4172 0.4772 2.9050
4.1649 0.0000 102.8085 558.0544 226.0733 0.4595 2.2488
4.8865 0.0000 102.6904 567.9712 226.5608 0.4595 1.7837
5.3864 0.0000 102.5894 509.4404 227.5528 0.4643 1.5260
5.6771 0.0000 102.5192 392.0234 228.0973 0.4672 1.4835
5.6563 0.0000 102.4775 233.2242 227.5677 0.4701 1.6142
5.3137 0.0000 102.4684 63.3116 227.9378 0.4739 2.0483
4.8135 0.0000 102.4796 0.0163 227.9346 0.4762 2.7236
4.2935 0.0000 102.4869 0.0000 227.6578 0.4784 3.2649
3.7808 0.0000 102.4699 0.0000 227.1269 0.4821 3.8371
3.2868 0.0000 102.4456 0.0000 226.4978 0.4885 4.2967
2.8294 0.0000 102.4404 0.0000 226.3195 0.4991 4.3885
2.4092 0.0000 102.4618 0.0000 226.7029 0.5146 4.1750
1.9599 0.0000 102.4526 0.0000 227.3499 0.5315 4.2200
1.4540 0.0000 102.4199 0.0000 227.6234 0.5476 4.4194
0.9368 0.0000 102.4111 0.0000 229.6304 0.5624 4.0269
0.4775 0.0001 102.4081 0.0000 238.6727 0.5735 3.5480
0.0480 0.0016 102.3657 0.0000 249.0834 0.5803 3.4853
-0.3747 0.0038 102.3243 0.0000 262.5510 0.5789 3.7347
-0.7235 0.0038 102.2838 0.0000 264.3348 0.5736 4.1577
-1.1324 0.0073 102.2580 0.0000 269.9793 0.5640 4.4472
-1.3897 0.0081 102.2234 27.8112 278.1833 0.5527 4.3627
