-1.0965 0.0026 98.9576 148.9419 248.7305 0.5198 5.8236
0.6460 0.0002 98.9872 336.9625 228.7044 0.5222 5.5182
2.7814 0.0000 98.9626 487.5800 227.9403 0.5231 5.0474
4.7486 0.0000 98.8853 577.1156 230.4401 0.5071 4.0935
6.2974 0.0000 98.7708 598.4087 233.6147 0.4893 3.3041
7.3231 0.0000 98.6608 546.5514 238.1622 0.4897 3.1424
7.9569 0.0000 98.5759 428.2329 241.9631 0.4931 3.0866
8.0940 0.0000 98.5337 272.7153 242.7710 0.5000 3.1989
7.5620 0.0000 98.5165 99.8427 242.0285 0.5127 3.7741
6.3047 0.0000 98.5250 2.6734 239.5419 0.5260 4.9326
4.9505 0.0000 98.5604 0.0000 236.4368 0.5300 5.1179
3.9421 0.0000 98.5869 0.0000 234.4523 0.5293 4.5034
3.3006 0.0000 98.5980 0.0000 238.9249 0.5247 4.1081
2.9322 0.0000 98.5999 0.0000 250.0177 0.5189 3.6155
2.7768 0.0000 98.5888 0.0000 256.0884 0.5131 3.3440
2.7854 0.0000 98.5538 0.0000 263.5331 0.5084 3.2926
2.9201 0.0000 98.5279 0.0000 267.9594 0.5064 3.3465
3.1114 0.0000 98.5020 0.0000 272.5143 0.5069 3.4310
3.2819 0.0000 98.4648 0.0000 277.5850 0.5087 3.6421
3.3496 0.0000 98.4161 0.0000 281.4652 0.5117 3.7733
3.3123 0.0000 98.3693 0.0000 283.4742 0.5151 3.8579
3.1431 0.0000 98.3115 0.0000 284.8272 0.5189 4.4262
2.8026 0.0000 98.3060 0.0000 283.5054 0.5231 4.4103
2.6324 0.0000 98.3567 20.7465 272.1634 0.5263 3.3719
