-0.8120 0.0010 102.5609 116.5258 265.1923 0.5322 4.1973
0.7333 0.0000 102.5835 287.5012 239.9432 0.5343 4.2121
2.7672 0.0000 102.5553 456.0947 231.2926 0.5201 4.3465
4.6169 0.0000 102.4599 561.8212 229.3239 0.4955 4.1372
5.6507 0.0000 102.3383 586.4822 229.0231 0.4897 3.5969
6.4119 0.0000 102.2215 534.1831 231.7046 0.4867 3.2550
6.8238 0.0000 102.1370 417.8275 235.0395 0.4875 3.1593
6.9220 0.0000 102.0911 257.9677 237.3721 0.4880 3.1961
6.6613 0.0000 102.0777 85.7431 238.4822 0.4927 3.4876
6.2045 0.0000 102.0786 1.0681 238.2064 0.4968 4.1904
5.7182 0.0000 102.0809 0.0000 237.4093 0.4967 4.7152
5.1992 0.0000 102.0734 0.0000 236.2458 0.4988 4.7370
4.6896 0.0000 102.0805 0.0000 235.1391 0.5042 4.2768
4.2095 0.0000 102.0866 0.0000 234.3966 0.5116 4.0405
3.7067 0.0000 102.0719 0.0000 234.6718 0.5208 4.1603
3.1779 0.0000 102.0477 0.0000 240.3479 0.5314 3.9221
2.6973 0.0000 102.0293 0.0000 251.3374 0.5408 3.5135
2.2892 0.0000 102.0220 0.0000 258.0110 0.5488 3.4042
1.9078 0.0000 101.9960 0.0000 262.2264 0.5560 3.6274
1.5415 0.0000 101.9488 0.0000 266.2285 0.5626 4.1240
1.2214 0.0000 101.9018 0.0000 272.3056 0.5684 4.5313
1.0261 0.0000 101.8626 0.0000 275.5794 0.5732 4.7739
0.9140 0.0000 101.8208 0.0000 277.2600 0.5775 5.0769
0.8740 0.0000 101.8249 22.5844 272.1362 0.5825 4.4522
