0.8443 0.0002 101.6470 173.5808 248.6831 0.5956 6.2462
2.6096 0.0000 101.6728 373.9402 226.9784 0.6014 5.7277
5.0004 0.0000 101.6478 513.6938 231.5787 0.5889 5.5026
7.1245 0.0000 101.5637 595.6404 237.9981 0.5351 5.1773
8.3523 0.0000 101.4500 609.9191 243.1610 0.5032 4.8991
9.0163 0.0000 101.3417 558.4841 245.9085 0.4968 4.9450
9.2904 0.0000 101.2645 438.6750 248.2007 0.4988 5.1082
9.2313 0.0000 101.2188 280.4160 248.5245 0.5034 5.4128
8.6166 0.0000 101.2060 103.8821 247.7416 0.5242 5.7407
7.4946 0.0000 101.2145 2.9419 245.3872 0.5476 6.4811
6.4674 0.0000 101.2423 0.0000 243.3130 0.5588 6.8225
5.6553 0.0000 101.2581 0.0000 242.7312 0.5667 6.6889
5.0082 0.0000 101.2576 0.0000 252.0853 0.5719 6.5770
4.5100 0.0000 101.2741 0.0000 260.9960 0.5774 6.0250
4.1568 0.0000 101.2640 0.0000 267.8765 0.5805 5.7759
3.9094 0.0000 101.2328 0.0000 273.4027 0.5802 5.7505
3.7389 0.0000 101.2029 0.0000 277.6209 0.5780 5.6855
3.6034 0.0000 101.1771 0.0000 281.2034 0.5769 5.5751
3.4778 0.0000 101.1415 0.0000 283.9947 0.5770 5.6327
3.3263 0.0000 101.0964 0.0000 286.0021 0.5790 5.6269
3.1713 0.0000 101.0537 0.0000 285.8575 0.5823 5.6287
3.0289 0.0000 101.0032 0.0000 283.9403 0.5877 5.9220
2.9057 0.0000 100.9884 0.0000 269.6465 0.5957 5.4709
2.8328 0.0000 101.0362 35.2131 251.9122 0.6019 4.2019
