-1.0367 0.0016 101.4476 163.8416 252.4225 0.5239 3.9427
0.9088 0.0001 101.4571 340.8414 235.0513 0.5339 4.0153
3.5737 0.0000 101.4189 500.3973 229.1850 0.5084 4.1642
5.4891 0.0000 101.3194 596.8674 228.7621 0.4800 3.6692
6.5396 0.0000 101.2021 612.9455 229.8175 0.4817 3.0744
7.2295 0.0000 101.1016 557.6747 231.2094 0.4887 2.8070
7.6124 0.0000 101.0294 436.4609 233.3891 0.4949 2.8589
7.6081 0.0000 100.9921 268.7982 234.8840 0.5004 3.0643
7.1229 0.0000 100.9841 86.1582 235.6359 0.5124 3.6585
6.3321 0.0000 100.9948 0.5228 235.4366 0.5209 4.6199
5.5768 0.0000 100.9984 0.0000 235.2419 0.5248 5.1430
4.9127 0.0000 100.9781 0.0000 235.1052 0.5303 5.3041
4.3181 0.0000 100.9699 0.0000 234.8640 0.5372 5.0062
3.8306 0.0000 100.9790 0.0000 234.6641 0.5433 4.5132
3.4586 0.0000 100.9786 0.0000 235.0774 0.5476 4.2855
3.1129 0.0000 100.9507 0.0000 236.3773 0.5499 4.1343
2.8207 0.0000 100.9245 0.0000 242.2630 0.5512 3.9242
2.6001 0.0000 100.9030 0.0000 248.6830 0.5526 3.5129
2.3706 0.0000 100.8817 0.0000 257.2855 0.5538 3.0295
2.1028 0.0000 100.8528 0.0000 263.2406 0.5549 2.8306
1.8635 0.0000 100.8322 0.0000 264.0433 0.5559 3.1269
1.8010 0.0000 100.8148 0.0000 267.5397 0.5575 3.6705
1.9087 0.0000 100.7801 0.0000 263.9114 0.5599 4.3660
2.1006 0.0000 100.7385 40.4392 254.5112 0.5622 4.7927
