-1.4049 0.0030 99.4404 124.8809 261.8138 0.5134 4.2916
0.1894 0.0002 99.4662 319.4696 229.6102 0.5171 4.2156
2.2916 0.0000 99.4418 473.7858 226.8216 0.5130 4.1614
4.1733 0.0000 99.3588 564.6462 229.2027 0.4965 3.7130
5.4385 0.0000 99.2427 589.6916 230.4120 0.4863 3.1391
6.3156 0.0000 99.1332 538.5766 234.4047 0.4856 3.0140
6.8102 0.0000 99.0496 421.2054 238.4063 0.4878 3.0611
6.8421 0.0000 99.0142 265.7936 239.2450 0.4917 3.2133
6.2902 0.0000 98.9993 94.7603 238.2588 0.5015 3.7508
5.2624 0.0000 99.0056 2.0639 235.8176 0.5104 4.6600
4.3028 0.0000 99.0260 0.0000 232.9282 0.5093 4.6487
3.6153 0.0000 99.0389 0.0000 230.9666 0.5063 3.8717
3.1562 0.0000 99.0492 0.0000 230.8357 0.5027 3.2093
2.8332 0.0000 99.0436 0.0000 236.8386 0.4993 2.8662
2.6087 0.0000 99.0289 0.0000 244.2500 0.4977 2.6039
2.4964 0.0000 98.9987 0.0000 254.4487 0.4980 2.3413
2.4824 0.0000 98.9751 0.0000 260.7927 0.4996 2.1876
2.5033 0.0000 98.9538 0.0000 265.5907 0.5026 2.1773
2.4851 0.0000 98.9212 0.0000 270.2166 0.5067 2.3913
2.3728 0.0000 98.8757 0.0000 275.8948 0.5117 2.6814
2.2045 0.0000 98.8341 0.0000 278.8179 0.5170 2.7565
1.9979 0.0000 98.7848 0.0000 280.8813 0.5220 3.2000
1.6987 0.0000 98.7594 0.0000 279.3767 0.5274 3.5321
1.6256 0.0000 98.7949 16.6518 279.0620 0.5322 2.7455
