1.5114 0.0000 101.7105 151.9633 255.4774 0.6198 5.7305
3.3193 0.0000 101.7482 340.3044 240.1177 0.6155 5.7938
5.4148 0.0000 101.7294 489.1170 240.0286 0.6006 5.3910
7.1918 0.0000 101.6572 582.2967 241.3331 0.5685 4.6496
8.4311 0.0000 101.5387 603.2181 244.1192 0.5484 3.9433
9.3694 0.0000 101.4143 557.2274 246.4490 0.5376 3.5101
9.9346 0.0000 101.3249 440.2302 248.8080 0.5362 3.3211
10.1009 0.0000 101.2665 284.4701 250.2290 0.5379 3.3440
9.8643 0.0000 101.2504 109.4296 252.1595 0.5451 3.2931
9.3043 0.0000 101.2679 4.6087 254.6124 0.5510 3.1746
8.5599 0.0000 101.3173 0.0000 256.2426 0.5539 3.1774
7.6859 0.0000 101.3289 0.0000 268.1552 0.5625 3.5037
6.8335 0.0000 101.3645 0.0000 277.1024 0.5773 3.1983
6.1239 0.0000 101.3776 0.0000 280.2882 0.5901 2.9899
5.4783 0.0000 101.3538 0.0000 280.8204 0.5989 3.3708
4.8832 0.0000 101.3181 0.0000 283.7452 0.6050 3.9285
4.4515 0.0000 101.3037 0.0000 286.2952 0.6076 4.0436
4.2044 0.0000 101.2700 0.0000 287.7549 0.6054 4.1544
4.0862 0.0000 101.2294 0.0000 289.0067 0.6027 4.0718
4.0356 0.0000 101.1777 0.0000 288.7300 0.6006 3.9585
3.9964 0.0000 101.1094 0.0000 287.5252 0.5981 4.4035
3.8957 0.0000 101.0507 0.0000 270.6752 0.6006 4.7087
3.7492 0.0000 101.1056 0.0000 251.5960 0.6106 3.1227
3.5949 0.0000 101.1331 24.4501 266.6949 0.6191 2.4590
