-0.3556 0.0011 101.5157 152.1756 256.9777 0.5505 5.0865
1.4140 0.0001 101.5351 367.9930 221.1154 0.5570 4.7963
3.9352 0.0000 101.5037 513.5410 222.7866 0.5344 4.9332
5.8341 0.0000 101.4109 595.8649 228.6649 0.5003 4.6816
6.8782 0.0000 101.2982 609.4261 232.1731 0.4908 4.2617
7.5715 0.0000 101.1941 554.1350 235.7093 0.4895 4.1733
7.8679 0.0000 101.1160 431.9875 239.2926 0.4943 4.2915
7.7876 0.0000 101.0777 270.1471 241.3263 0.5002 4.4814
7.1931 0.0000 101.0650 93.8859 241.7586 0.5172 4.9415
6.2451 0.0000 101.0723 1.6151 240.1726 0.5316 5.7907
5.4039 0.0000 101.0801 0.0000 238.0185 0.5348 6.0809
4.7615 0.0000 101.0855 0.0000 236.1838 0.5371 5.5794
4.2688 0.0000 101.0900 0.0000 235.3525 0.5386 4.9739
3.8544 0.0000 101.0942 0.0000 240.0784 0.5398 4.5826
3.4876 0.0000 101.0826 0.0000 246.5283 0.5418 4.1580
3.1611 0.0000 101.0560 0.0000 253.8237 0.5438 3.7741
2.8925 0.0000 101.0305 0.0000 261.3977 0.5455 3.4625
2.6660 0.0000 101.0091 0.0000 266.8160 0.5473 3.3933
2.4167 0.0000 100.9799 0.0000 269.7517 0.5499 3.5579
2.1224 0.0000 100.9404 0.0000 273.8418 0.5533 3.9343
1.8390 0.0000 100.9043 0.0000 276.8049 0.5577 4.1653
1.6897 0.0000 100.8689 0.0000 277.9747 0.5632 4.3295
1.7098 0.0000 100.8272 0.0000 277.3411 0.5688 4.4546
1.8513 0.0000 100.8377 23.2210 276.6461 0.5737 3.5535
