-1.0776 0.0039 103.0416 171.0967 264.0636 0.5479 3.2313
1.2956 0.0007 103.0562 357.5898 244.2353 0.5785 3.3833
3.7164 0.0001 103.0104 528.3377 225.8781 0.5708 3.1042
4.9994 0.0000 102.9065 584.9810 232.0718 0.5531 2.5254
5.8476 0.0000 102.7904 566.0173 239.6091 0.5435 2.0115
6.4673 0.0000 102.6964 516.4388 236.3922 0.5397 1.7090
6.8123 0.0000 102.6237 398.5631 235.5427 0.5400 1.5992
6.8440 0.0000 102.5870 231.8917 235.6972 0.5424 1.5774
6.5927 0.0000 102.5826 58.9465 236.0214 0.5473 1.7698
6.2311 0.0000 102.6045 0.0006 236.3449 0.5551 2.3052
5.8459 0.0000 102.6202 0.0000 236.5114 0.5663 2.9199
5.4040 0.0000 102.6052 0.0000 234.7889 0.5818 3.6791
4.8761 0.0000 102.5821 0.0000 232.3828 0.6010 4.5079
4.2568 0.0000 102.5640 0.0000 231.7665 0.6202 5.1307
3.6514 0.0000 102.5705 0.0000 231.3119 0.6349 5.1728
3.0586 0.0000 102.5681 0.0000 230.8877 0.6418 4.9161
2.5179 0.0000 102.5464 0.0000 230.0309 0.6418 4.8594
2.0908 0.0000 102.5212 0.0000 229.3201 0.6377 4.9531
1.7364 0.0001 102.4872 0.0000 231.9302 0.6320 4.6822
1.4041 0.0005 102.4604 0.0000 239.6911 0.6248 4.1894
1.0920 0.0019 102.4620 0.0000 245.5392 0.6171 4.1702
0.9961 0.0017 102.4730 0.0000 252.1392 0.6122 4.1621
1.1140 0.0008 102.4587 0.0295 263.1907 0.6112 4.0639
1.3603 0.0002 102.4234 41.3822 263.5274 0.6129 4.1153
