4.2551 0.0008 102.9987 240.7902 247.6592 0.6374 6.3640
5.0715 0.0002 103.0214 417.8686 239.4853 0.6315 5.9188
5.7478 0.0001 102.9824 552.8571 234.5372 0.6256 5.5064
6.2560 0.0001 102.8904 614.5700 235.6019 0.6259 5.0521
6.6265 0.0001 102.7908 604.9337 237.4884 0.6259 4.4994
6.8828 0.0000 102.7079 526.0226 240.3853 0.6240 4.0817
6.9590 0.0000 102.6495 396.8101 240.4898 0.6233 3.8732
6.8654 0.0000 102.6222 228.2117 239.1541 0.6233 3.7661
6.5969 0.0000 102.6197 52.6618 239.3990 0.6280 3.8206
6.2462 0.0000 102.6476 0.0000 239.4369 0.6365 4.1292
5.9224 0.0000 102.6706 0.0000 238.8954 0.6434 4.3524
5.6187 0.0000 102.6719 0.0000 236.9795 0.6480 4.6026
5.3767 0.0000 102.6515 0.0000 235.4800 0.6501 4.8178
5.2461 0.0000 102.6266 0.0000 234.5095 0.6514 4.9291
5.2221 0.0000 102.6061 0.0000 233.9039 0.6537 4.8203
5.1186 0.0000 102.5861 0.0000 233.9160 0.6549 4.6475
4.9284 0.0000 102.5681 0.0000 233.4665 0.6546 4.7105
4.7288 0.0000 102.5460 0.0000 233.0868 0.6553 4.8380
4.5164 0.0000 102.5055 0.0000 232.6707 0.6566 4.9098
4.3236 0.0000 102.4492 0.0000 232.2623 0.6588 4.9180
4.1638 0.0000 102.4323 0.0000 232.1099 0.6615 4.9984
4.1406 0.0000 102.4708 0.0000 232.4668 0.6633 5.2326
4.2095 0.0000 102.4941 0.4824 240.3941 0.6642 5.1502
4.3743 0.0000 102.4796 58.4437 257.1168 0.6658 4.7613
