-0.8528 0.0007 102.7476 128.7035 262.9635 0.5315 4.6333
0.8290 0.0000 102.7689 295.2442 241.9938 0.5383 4.5561
2.9574 0.0000 102.7359 454.8523 234.7535 0.5222 4.5846
4.7175 0.0000 102.6393 567.0342 230.3560 0.4944 4.1604
5.7472 0.0000 102.5208 593.6296 228.8357 0.4882 3.5560
6.4820 0.0000 102.4088 540.9983 230.1005 0.4880 3.1852
6.8978 0.0000 102.3260 422.8818 232.5279 0.4892 3.0818
7.0123 0.0000 102.2809 259.7784 234.6924 0.4894 3.1490
6.7428 0.0000 102.2691 83.7971 236.0461 0.4960 3.4956
6.2752 0.0000 102.2696 0.6784 236.3270 0.5012 4.2869
5.7726 0.0000 102.2708 0.0000 236.3180 0.5036 5.0246
5.2206 0.0000 102.2555 0.0000 236.0191 0.5102 5.4078
4.6524 0.0000 102.2522 0.0000 235.4458 0.5210 5.2160
4.1062 0.0000 102.2679 0.0000 234.8328 0.5330 4.9060
3.5671 0.0000 102.2601 0.0000 234.5278 0.5443 5.0528
3.0002 0.0000 102.2306 0.0000 235.8398 0.5542 5.0499
2.4824 0.0000 102.2110 0.0000 243.9627 0.5613 4.6034
2.0776 0.0000 102.2069 0.0000 252.5147 0.5663 4.2645
1.7415 0.0000 102.1854 0.0000 258.7304 0.5692 4.3881
1.4321 0.0000 102.1434 0.0000 261.7086 0.5706 4.8168
1.1656 0.0000 102.1033 0.0000 266.3726 0.5713 5.3188
1.0310 0.0000 102.0699 0.0000 270.7673 0.5733 5.5647
0.9972 0.0000 102.0305 0.0000 272.7854 0.5771 5.8240
1.0022 0.0000 102.0054 26.5622 268.7241 0.5829 5.4297
