-0.9866 0.0002 98.9937 187.2136 245.3680 0.5258 4.1498
1.3365 0.0000 99.0044 407.8561 215.0132 0.5385 4.0012
4.2371 0.0000 98.9688 548.7002 219.1405 0.5171 3.9501
6.2427 0.0000 98.8849 625.9636 225.2848 0.4918 3.2735
7.3821 0.0000 98.7792 633.7244 229.4601 0.4868 2.5740
8.0983 0.0000 98.6871 573.3367 232.8552 0.4910 2.3453
8.4471 0.0000 98.6144 446.8636 236.8202 0.4983 2.5555
8.3996 0.0000 98.5880 279.1098 237.9152 0.5061 2.8485
7.8489 0.0000 98.5835 93.5762 238.7761 0.5192 3.4015
6.9155 0.0000 98.5959 0.9407 238.5261 0.5283 4.1378
5.9600 0.0000 98.5995 0.0000 237.7533 0.5317 4.3854
5.1480 0.0000 98.5939 0.0000 236.7668 0.5353 4.1273
4.5476 0.0000 98.5930 0.0000 235.9378 0.5389 3.5697
4.1281 0.0000 98.5918 0.0000 237.0125 0.5420 3.1775
3.8245 0.0000 98.5898 0.0000 240.0544 0.5450 2.9116
3.5739 0.0000 98.5702 0.0000 244.5396 0.5473 2.7458
3.3745 0.0000 98.5411 0.0000 252.8477 0.5488 2.7223
3.2147 0.0000 98.5105 0.0000 260.9003 0.5498 2.5935
3.0287 0.0000 98.4825 0.0000 268.7753 0.5502 2.1679
2.8268 0.0000 98.4585 0.0000 268.9929 0.5498 1.8701
2.6584 0.0000 98.4363 0.0000 269.2999 0.5488 2.1591
2.6379 0.0000 98.4250 0.0000 269.7658 0.5486 2.5836
2.7274 0.0000 98.3887 0.0000 261.3120 0.5489 3.2903
2.8477 0.0000 98.3604 36.7477 267.9931 0.5499 3.5952
