-0.8066 0.0021 98.2790 148.9180 246.6350 0.5153 5.2004
1.0751 0.0002 98.3125 322.3068 235.1559 0.5204 4.6930
3.3228 0.0000 98.2962 473.1210 233.6823 0.5231 3.7988
5.4400 0.0000 98.2273 571.8944 233.1022 0.4966 2.9442
6.8564 0.0000 98.1144 594.8923 235.8949 0.4829 2.6539
7.7516 0.0000 98.0050 546.0899 239.2280 0.4859 2.6616
8.3132 0.0000 97.9201 429.1107 242.3040 0.4908 2.6564
8.4096 0.0000 97.8777 274.7193 242.7143 0.4983 2.6759
7.9225 0.0000 97.8585 101.9525 241.9432 0.5098 3.0171
6.8503 0.0000 97.8670 3.0361 240.2200 0.5215 3.7623
5.6566 0.0000 97.9049 0.0000 238.4412 0.5260 3.7869
4.7269 0.0000 97.9306 0.0000 237.7104 0.5269 3.3316
4.1135 0.0000 97.9451 0.0000 243.9217 0.5248 3.1402
3.7386 0.0000 97.9517 0.0000 255.2967 0.5223 2.9125
3.5318 0.0000 97.9395 0.0000 260.8257 0.5208 2.8609
3.4532 0.0000 97.9086 0.0000 266.8835 0.5202 2.8826
3.4951 0.0000 97.8847 0.0000 270.2869 0.5201 2.8559
3.6031 0.0000 97.8620 0.0000 275.1077 0.5201 2.7644
3.7308 0.0000 97.8238 0.0000 279.7818 0.5202 2.6848
3.8026 0.0000 97.7748 0.0000 283.0025 0.5210 2.5816
3.8085 0.0000 97.7173 0.0000 285.1722 0.5216 2.5860
3.7310 0.0000 97.6494 0.0000 286.7012 0.5228 3.5261
3.5087 0.0000 97.6550 0.0000 283.9404 0.5250 3.4510
3.3497 0.0002 97.7078 17.7960 277.8809 0.5274 2.5953
