-2.2145 0.0025 103.1116 169.4787 256.4009 0.5059 2.9711
0.5379 0.0001 103.1184 368.2557 228.3426 0.5480 3.1312
3.3206 0.0001 103.0825 516.9494 221.7080 0.5446 2.9447
4.4948 0.0000 102.9792 582.2523 226.1110 0.5320 2.2515
5.2597 0.0000 102.8609 574.9017 230.4404 0.5295 1.7050
5.8224 0.0000 102.7675 506.6938 233.4044 0.5307 1.3178
6.1701 0.0000 102.6945 390.9098 232.5696 0.5310 1.1171
6.1701 0.0000 102.6545 226.6401 233.0061 0.5344 1.1060
5.8853 0.0000 102.6456 57.5775 232.4807 0.5389 1.2847
5.5101 0.0000 102.6699 0.0000 232.3440 0.5443 1.7660
5.1022 0.0000 102.6808 0.0000 234.0718 0.5520 2.3799
4.6315 0.0000 102.6687 0.0000 233.2715 0.5634 3.2141
4.1009 0.0000 102.6426 0.0000 230.7860 0.5795 4.1743
3.4810 0.0000 102.6249 0.0000 229.8714 0.5991 4.9007
2.7848 0.0000 102.6394 0.0000 228.9218 0.6169 5.1398
2.0753 0.0000 102.6457 0.0000 228.1177 0.6270 4.9951
1.4232 0.0000 102.6181 0.0000 227.3628 0.6280 5.0563
0.8471 0.0000 102.5898 0.0000 228.0489 0.6202 5.1436
0.2799 0.0002 102.5737 0.0000 238.6751 0.6061 4.4192
-0.2252 0.0032 102.5643 0.0000 255.6373 0.5901 3.5843
-0.5480 0.0049 102.5424 0.0000 264.3455 0.5765 3.4345
-0.5977 0.0032 102.5206 0.0000 270.3444 0.5701 3.4126
-0.4992 0.0021 102.4947 0.0003 265.3022 0.5687 3.6996
-0.2673 0.0012 102.4594 37.1252 264.5582 0.5710 4.0074
