-0.3300 0.0016 101.6042 149.4228 257.4975 0.5522 5.2816
1.3703 0.0001 101.6254 363.3837 221.6155 0.5575 5.0018
3.7481 0.0000 101.5928 508.5479 223.3135 0.5389 5.1606
5.5975 0.0000 101.5019 590.0197 229.5469 0.5067 4.9513
6.6444 0.0000 101.3892 604.2664 233.2583 0.4964 4.5169
7.3664 0.0000 101.2808 549.6631 237.0104 0.4941 4.3880
7.7113 0.0000 101.2008 429.7174 240.4734 0.4977 4.4652
7.6807 0.0000 101.1614 269.5691 242.2782 0.5026 4.6579
7.1412 0.0000 101.1461 94.7367 242.3365 0.5185 5.1129
6.2349 0.0000 101.1541 1.8289 240.4141 0.5326 6.0151
5.4206 0.0000 101.1635 0.0000 237.9921 0.5354 6.3164
4.7880 0.0000 101.1758 0.0000 236.0121 0.5375 5.7372
4.3015 0.0000 101.1810 0.0000 235.4384 0.5383 5.1751
3.8981 0.0000 101.1838 0.0000 242.0838 0.5384 4.7547
3.5524 0.0000 101.1703 0.0000 249.1738 0.5391 4.2752
3.2462 0.0000 101.1430 0.0000 257.2873 0.5399 3.9197
2.9903 0.0000 101.1193 0.0000 263.8649 0.5405 3.7165
2.7623 0.0000 101.0954 0.0000 268.4740 0.5417 3.7350
2.5087 0.0000 101.0636 0.0000 271.6338 0.5439 3.9844
2.1897 0.0000 101.0179 0.0000 276.2537 0.5476 4.3605
1.8545 0.0000 100.9818 0.0000 278.5548 0.5529 4.5213
1.6125 0.0000 100.9427 0.0000 279.5954 0.5597 4.6578
1.5272 0.0000 100.9054 0.0000 279.0862 0.5672 4.6333
1.5996 0.0000 100.9298 22.9445 274.9027 0.5733 3.5552
