-1.6534 0.0002 102.6909 133.3741 252.2394 0.5017 4.4725
0.1019 0.0000 102.7135 293.5963 236.7366 0.5155 4.2134
2.6154 0.0000 102.6885 450.8279 230.4471 0.5032 4.2203
4.4770 0.0000 102.5931 557.5587 227.6561 0.4770 3.7794
5.4443 0.0000 102.4692 584.3859 225.8535 0.4698 3.1345
6.1271 0.0000 102.3583 529.9161 227.8926 0.4681 2.7323
6.5539 0.0000 102.2725 412.9578 230.5038 0.4675 2.5781
6.6592 0.0000 102.2284 251.7954 232.6226 0.4681 2.6503
6.4173 0.0000 102.2141 79.5799 233.7263 0.4730 3.0259
5.9628 0.0000 102.2146 0.5327 233.8307 0.4776 3.8501
5.3980 0.0000 102.2170 0.0000 233.6665 0.4810 4.7269
4.7485 0.0000 102.2018 0.0000 233.2984 0.4871 5.3220
4.1040 0.0000 102.1962 0.0000 232.6849 0.4958 5.3487
3.5281 0.0000 102.2167 0.0000 232.1995 0.5057 5.1145
3.0035 0.0000 102.2076 0.0000 231.8402 0.5159 5.3422
2.4531 0.0000 102.1769 0.0000 232.2270 0.5261 5.4505
1.9317 0.0000 102.1653 0.0000 239.3108 0.5348 5.0010
1.5149 0.0000 102.1662 0.0000 247.9144 0.5415 4.7625
1.1878 0.0000 102.1470 0.0000 253.9147 0.5460 4.8765
0.9291 0.0000 102.0954 0.0000 257.9891 0.5490 5.2662
0.7279 0.0000 102.0451 0.0000 259.9916 0.5524 5.7230
0.6297 0.0000 102.0056 0.0000 265.6668 0.5582 5.9418
0.5810 0.0000 101.9642 0.0000 270.5767 0.5662 6.1074
0.5099 0.0001 101.9436 22.6494 271.1970 0.5759 5.7269
