-2.0024 0.0001 102.5688 130.5641 247.3452 0.4852 4.4404
-0.2773 0.0000 102.5920 295.4910 233.0216 0.5008 4.0829
2.4098 0.0000 102.5721 456.8041 225.6979 0.4934 4.0329
4.4883 0.0000 102.4767 553.7399 226.2849 0.4679 3.6502
5.4370 0.0000 102.3503 579.1365 225.0941 0.4610 3.0038
6.0932 0.0000 102.2410 524.7101 227.6667 0.4585 2.6040
6.5136 0.0000 102.1526 408.9280 230.4779 0.4575 2.4444
6.5978 0.0000 102.1102 249.5228 232.4772 0.4584 2.5322
6.3437 0.0000 102.0933 79.2332 233.3457 0.4630 2.9542
5.8584 0.0000 102.0938 0.5532 233.2960 0.4670 3.8231
5.2267 0.0000 102.0962 0.0000 232.9988 0.4694 4.7404
4.5082 0.0000 102.0829 0.0000 232.5380 0.4731 5.3461
3.8310 0.0000 102.0782 0.0000 231.7585 0.4785 5.3652
3.2531 0.0000 102.1004 0.0000 231.2121 0.4857 5.1541
2.7411 0.0000 102.0875 0.0000 230.8876 0.4941 5.4227
2.2014 0.0000 102.0593 0.0000 231.4075 0.5038 5.4503
1.6921 0.0000 102.0528 0.0000 239.8669 0.5137 4.9566
1.2831 0.0000 102.0512 0.0000 247.8019 0.5218 4.8579
0.9570 0.0000 102.0329 0.0000 253.9284 0.5276 4.9972
0.7137 0.0000 101.9729 0.0000 257.4128 0.5319 5.4162
0.5349 0.0000 101.9201 0.0000 256.6429 0.5360 5.8554
0.4635 0.0000 101.8764 0.0000 264.2617 0.5418 6.0254
0.4540 0.0000 101.8349 0.0000 269.8523 0.5497 6.1359
0.4430 0.0000 101.8222 20.7067 271.5035 0.5614 5.7238
