-0.8284 0.0021 99.5002 153.9616 246.6491 0.5285 6.2463
0.9440 0.0002 99.5298 341.9631 228.5418 0.5297 5.9327
3.1078 0.0000 99.5036 492.2697 227.9371 0.5288 5.4416
5.0708 0.0000 99.4251 579.7041 231.2790 0.5123 4.4599
6.6400 0.0000 99.3093 598.6633 235.2413 0.4939 3.6187
7.6917 0.0000 99.1967 547.1952 239.6651 0.4940 3.3886
8.3477 0.0000 99.1103 429.1575 243.2632 0.4976 3.2802
8.5179 0.0000 99.0651 273.2120 244.3422 0.5047 3.3722
8.0257 0.0000 99.0479 100.1222 243.9026 0.5180 3.9304
6.7875 0.0000 99.0564 2.7489 241.5801 0.5324 5.1270
5.4064 0.0000 99.0933 0.0000 238.6167 0.5382 5.4184
4.3475 0.0000 99.1228 0.0000 236.6753 0.5388 4.9143
3.6570 0.0000 99.1337 0.0000 242.6167 0.5345 4.5997
3.2565 0.0000 99.1374 0.0000 253.4735 0.5285 4.0711
3.0769 0.0000 99.1277 0.0000 258.7243 0.5219 3.7917
3.0542 0.0000 99.0927 0.0000 265.6930 0.5160 3.7719
3.1541 0.0000 99.0653 0.0000 269.7231 0.5133 3.8492
3.3161 0.0000 99.0395 0.0000 274.3865 0.5132 3.9259
3.4657 0.0000 99.0008 0.0000 279.0710 0.5146 4.1292
3.5196 0.0000 98.9506 0.0000 282.7386 0.5174 4.2457
3.4695 0.0000 98.9023 0.0000 284.5713 0.5210 4.3789
3.2937 0.0000 98.8443 0.0000 285.5827 0.5257 4.9475
2.9707 0.0000 98.8416 0.0000 284.5930 0.5305 4.7915
2.7938 0.0000 98.8954 22.7768 269.0040 0.5338 3.6929
