-0.6386 0.0057 103.0692 167.8453 263.0316 0.5599 3.4476
1.7015 0.0013 103.0838 336.7777 252.3901 0.5845 3.5718
3.9198 0.0001 103.0361 524.9315 225.5169 0.5750 3.1747
5.1271 0.0001 102.9327 590.9321 229.3899 0.5647 2.6138
5.9688 0.0001 102.8144 576.9960 235.1906 0.5610 2.1381
6.5787 0.0000 102.7210 511.9758 236.2726 0.5599 1.7965
6.8942 0.0000 102.6515 389.5596 236.9611 0.5622 1.6285
6.8759 0.0000 102.6171 224.2994 237.4184 0.5661 1.5748
6.5888 0.0000 102.6159 54.6415 237.2096 0.5709 1.8026
6.1731 0.0001 102.6365 0.0000 242.1446 0.5800 2.4902
5.6652 0.0002 102.6586 0.0000 245.8263 0.5939 3.2181
5.0444 0.0001 102.6500 0.0000 243.2442 0.6098 4.0284
4.3056 0.0000 102.6295 0.0000 236.8874 0.6244 4.9103
3.5427 0.0000 102.6117 0.0000 231.0744 0.6328 5.6164
2.9308 0.0000 102.6131 0.0000 229.5684 0.6342 5.6573
2.4648 0.0000 102.6171 0.0000 228.5059 0.6288 5.1841
2.1092 0.0000 102.5986 0.0000 227.4548 0.6199 4.9021
1.8836 0.0000 102.5690 0.0000 226.7307 0.6108 4.9861
1.7294 0.0000 102.5276 0.0000 226.5745 0.6047 4.8329
1.5709 0.0000 102.5031 0.0000 226.8268 0.6020 4.2956
1.3746 0.0001 102.5030 0.0000 227.8771 0.5997 4.2302
1.3500 0.0000 102.5072 0.0000 235.6984 0.5977 4.1973
1.4962 0.0000 102.4930 0.0264 247.4393 0.5970 4.0470
1.7340 0.0000 102.4577 42.9974 255.7352 0.5985 4.0781
