-2.0153 0.0007 102.9727 175.9654 244.6793 0.5003 3.4065
0.4117 0.0000 102.9803 378.1333 215.7251 0.5226 3.3410
3.1146 0.0000 102.9496 497.2824 222.8614 0.5058 2.9607
4.2869 0.0000 102.8519 561.5427 228.4560 0.4898 2.2871
5.0045 0.0000 102.7358 569.4602 229.1416 0.4877 1.7721
5.5194 0.0000 102.6343 513.0352 229.1808 0.4902 1.4688
5.8302 0.0000 102.5657 394.5612 229.6448 0.4913 1.3689
5.8299 0.0000 102.5233 233.8487 229.2031 0.4930 1.4547
5.5175 0.0000 102.5142 62.4392 229.2911 0.4965 1.8096
5.0795 0.0000 102.5302 0.0075 229.1756 0.4992 2.4105
4.6362 0.0000 102.5353 0.0000 229.1922 0.5024 2.9760
4.1895 0.0000 102.5199 0.0000 228.9599 0.5079 3.6346
3.7426 0.0000 102.4922 0.0000 228.3829 0.5172 4.2218
3.2731 0.0000 102.4856 0.0000 227.9724 0.5319 4.4380
2.7856 0.0000 102.5036 0.0000 228.0014 0.5518 4.2584
2.2388 0.0000 102.5005 0.0000 228.3625 0.5719 4.2179
1.6365 0.0000 102.4627 0.0000 228.4028 0.5892 4.4958
1.0141 0.0000 102.4488 0.0000 228.5871 0.6024 4.2859
0.4434 0.0002 102.4472 0.0000 239.2610 0.6071 3.6076
-0.1437 0.0041 102.4193 0.0000 260.4808 0.5991 3.4212
-0.7154 0.0119 102.3848 0.0000 281.0640 0.5816 3.5550
-1.0243 0.0089 102.3507 0.0000 281.6406 0.5694 3.8206
-1.2304 0.0079 102.3242 0.0000 279.7616 0.5619 4.1722
-1.2982 0.0069 102.2864 28.8322 280.5035 0.5565 4.2513
