-0.9648 0.0002 100.0565 181.8169 241.6130 0.5209 4.1345
1.3269 0.0000 100.0636 392.5087 217.7691 0.5255 4.0294
4.1507 0.0000 100.0279 538.4637 219.9333 0.4951 4.0597
6.1165 0.0000 99.9380 618.8931 224.8126 0.4671 3.4714
7.1603 0.0000 99.8280 628.3625 228.3524 0.4669 2.9238
7.7887 0.0000 99.7345 568.5467 231.4062 0.4750 2.8206
8.0654 0.0000 99.6623 445.5566 233.9861 0.4848 3.0785
7.9441 0.0000 99.6345 276.3886 235.6973 0.4947 3.3779
7.3003 0.0000 99.6265 91.2666 236.6941 0.5115 4.0080
6.2574 0.0000 99.6418 0.7855 236.4550 0.5236 4.8574
5.2518 0.0000 99.6453 0.0000 235.8126 0.5279 5.0970
4.4684 0.0000 99.6373 0.0000 235.1023 0.5317 4.8336
3.9219 0.0000 99.6316 0.0000 234.5506 0.5354 4.1761
3.5674 0.0000 99.6311 0.0000 234.5912 0.5386 3.6187
3.3435 0.0000 99.6257 0.0000 236.9406 0.5414 3.3193
3.1790 0.0000 99.5978 0.0000 240.9591 0.5435 3.0808
3.0628 0.0000 99.5692 0.0000 248.6463 0.5449 2.9070
2.9764 0.0000 99.5429 0.0000 255.5997 0.5461 2.5632
2.8294 0.0000 99.5169 0.0000 265.2367 0.5471 2.0178
2.6191 0.0000 99.4952 0.0000 266.5013 0.5477 1.6941
2.4359 0.0000 99.4695 0.0000 268.3207 0.5481 1.9489
2.4403 0.0000 99.4568 0.0000 270.0457 0.5492 2.4391
2.6230 0.0000 99.4170 0.0000 258.6186 0.5504 3.1943
2.8966 0.0000 99.3804 37.9014 263.4915 0.5515 3.5766
