1.6932 0.0000 102.0068 148.9775 262.2351 0.6279 6.0526
3.1640 0.0000 102.0381 326.4235 247.8975 0.6312 5.6627
5.2300 0.0000 102.0161 480.4063 245.8304 0.6214 5.3828
7.1775 0.0000 101.9408 576.1984 247.2544 0.5799 5.0535
8.5219 0.0000 101.8224 602.0481 248.4541 0.5398 4.7430
9.3578 0.0000 101.7042 562.4467 247.8095 0.5218 4.7252
9.8110 0.0000 101.6212 442.8504 249.8292 0.5165 4.8693
9.9032 0.0000 101.5692 286.1100 250.3521 0.5160 5.1375
9.4713 0.0000 101.5529 109.4924 250.4408 0.5304 5.2788
8.5550 0.0000 101.5705 4.0766 249.9354 0.5504 5.5360
7.5003 0.0000 101.6137 0.0000 249.7472 0.5634 5.6915
6.5178 0.0000 101.6251 0.0000 256.3571 0.5762 5.9432
5.7239 0.0000 101.6385 0.0000 267.1943 0.5884 5.6761
5.1506 0.0000 101.6550 0.0000 274.4257 0.5983 5.3340
4.7050 0.0000 101.6377 0.0000 277.5771 0.6054 5.4433
4.3586 0.0000 101.6018 0.0000 281.2168 0.6090 5.6731
4.1223 0.0000 101.5748 0.0000 285.0307 0.6097 5.5941
3.9746 0.0000 101.5473 0.0000 286.7215 0.6094 5.5070
3.8799 0.0000 101.5035 0.0000 288.0901 0.6092 5.4767
3.7930 0.0000 101.4615 0.0000 287.1337 0.6100 5.2975
3.6965 0.0000 101.4093 0.0000 284.6325 0.6109 5.3479
3.5733 0.0000 101.3502 0.0000 273.5537 0.6139 5.5415
3.3829 0.0000 101.3765 0.0000 253.0167 0.6216 4.4217
3.2080 0.0000 101.4233 33.0272 253.6373 0.6280 3.4669
