4.4600 0.0039 103.0272 208.2319 264.4553 0.6170 5.8238
4.7854 0.0031 103.0517 362.4176 258.0156 0.6114 5.4516
5.0667 0.0024 103.0220 496.0034 249.5808 0.6116 5.1035
5.2938 0.0019 102.9286 560.9161 248.5643 0.6140 4.6681
5.4677 0.0018 102.8372 556.8288 248.5171 0.6148 4.1641
5.5654 0.0016 102.7588 486.4490 249.4424 0.6126 3.7622
5.5541 0.0011 102.7075 361.2575 249.7439 0.6091 3.4987
5.4561 0.0010 102.6801 204.4885 248.0893 0.6054 3.3362
5.2438 0.0006 102.6758 45.1387 247.3081 0.6031 3.2874
5.0297 0.0002 102.6974 0.0000 245.6708 0.6019 3.4214
4.8947 0.0001 102.7238 0.0000 241.0053 0.6009 3.4683
4.7845 0.0000 102.7245 0.0000 234.8473 0.6012 3.5860
4.7027 0.0000 102.6989 0.0000 233.2304 0.6010 3.7962
4.6741 0.0000 102.6742 0.0000 232.1682 0.6032 4.0128
4.6937 0.0000 102.6534 0.0000 231.9586 0.6089 4.0808
4.6375 0.0000 102.6336 0.0000 232.3259 0.6139 3.9301
4.5096 0.0000 102.6162 0.0000 232.3370 0.6178 3.8964
4.3720 0.0000 102.5954 0.0000 232.2060 0.6215 4.0954
4.2310 0.0000 102.5458 0.0000 231.8922 0.6251 4.3756
4.1117 0.0000 102.4893 0.0000 231.5384 0.6294 4.4791
4.0247 0.0000 102.4771 0.0000 231.5695 0.6337 4.5529
4.0624 0.0000 102.5063 0.0000 232.2119 0.6377 4.7012
4.1819 0.0000 102.5202 0.3431 236.0021 0.6414 4.5000
4.3776 0.0000 102.5020 65.6218 248.3456 0.6458 4.0708
