-2.1928 0.0021 102.8475 167.2635 254.2667 0.4999 2.8386
0.3757 0.0001 102.8542 375.8968 222.9769 0.5319 3.1195
3.2893 0.0000 102.8162 502.5757 224.9894 0.5230 3.2459
4.5860 0.0000 102.7152 551.9061 235.1440 0.5086 2.6413
5.3870 0.0000 102.6020 575.0820 231.5918 0.5066 2.0735
5.9842 0.0000 102.5013 524.7105 229.9276 0.5082 1.7467
6.3636 0.0000 102.4256 406.1431 230.2801 0.5080 1.6253
6.3756 0.0000 102.3856 239.9536 231.0770 0.5100 1.6620
6.0456 0.0000 102.3764 65.8425 231.1124 0.5144 2.0171
5.5551 0.0000 102.3933 0.0159 230.6062 0.5184 2.7342
5.0492 0.0000 102.4037 0.0000 230.2013 0.5216 3.4567
4.5412 0.0000 102.3837 0.0000 229.7277 0.5260 4.1949
4.0597 0.0000 102.3552 0.0000 229.1965 0.5330 4.7377
3.6166 0.0000 102.3546 0.0000 228.9174 0.5442 4.7806
3.1873 0.0000 102.3719 0.0000 228.9692 0.5595 4.4368
2.6752 0.0000 102.3584 0.0000 229.2834 0.5757 4.3228
2.0774 0.0000 102.3232 0.0000 229.1334 0.5932 4.6093
1.4370 0.0000 102.3099 0.0000 229.0394 0.6107 4.5022
0.8223 0.0002 102.3048 0.0000 238.5132 0.6207 3.8289
0.1700 0.0041 102.2851 0.0000 264.3886 0.6148 3.6267
-0.4846 0.0154 102.2603 0.0000 288.7372 0.5956 3.7756
-0.8075 0.0113 102.2358 0.0000 291.7964 0.5812 3.9463
-0.8757 0.0083 102.2119 0.0000 290.0986 0.5767 4.2646
-0.7573 0.0049 102.1692 27.4498 286.6403 0.5777 4.4576
