-1.4958 0.0023 99.3842 195.9659 240.6105 0.5061 2.8557
0.5649 0.0001 99.3907 383.2654 227.0829 0.5206 3.1187
3.2220 0.0000 99.3544 533.0408 222.6498 0.4997 3.3897
5.2205 0.0000 99.2549 620.7800 223.6232 0.4725 2.8673
6.2951 0.0000 99.1445 627.0330 227.1763 0.4799 2.2222
6.9990 0.0000 99.0546 565.0709 229.9998 0.4922 1.8893
7.4245 0.0000 98.9886 440.5598 232.4066 0.5002 1.9610
7.4342 0.0000 98.9577 269.9455 233.7527 0.5067 2.2310
6.9203 0.0000 98.9559 84.4648 233.9112 0.5176 2.8830
5.9998 0.0000 98.9724 0.3141 232.8665 0.5254 3.7998
5.0522 0.0000 98.9824 0.0000 231.7418 0.5291 4.1086
4.2334 0.0000 98.9648 0.0000 231.1775 0.5320 4.1494
3.5796 0.0000 98.9520 0.0000 230.8175 0.5348 3.9501
3.1316 0.0000 98.9513 0.0000 230.7591 0.5372 3.6091
2.8433 0.0000 98.9567 0.0000 231.0472 0.5396 3.3868
2.5389 0.0000 98.9319 0.0000 232.7035 0.5405 3.2280
2.2510 0.0000 98.9093 0.0000 234.5609 0.5403 3.2014
2.0050 0.0000 98.8796 0.0000 238.7729 0.5402 3.1262
1.7634 0.0000 98.8439 0.0000 247.1593 0.5402 2.5930
1.5432 0.0000 98.8199 0.0000 258.5297 0.5406 1.9701
1.3911 0.0000 98.8144 0.0000 260.0713 0.5413 1.7772
1.3923 0.0002 98.8055 0.0000 260.2282 0.5430 2.1746
1.4379 0.0005 98.7856 0.0011 256.2842 0.5461 2.9365
1.4545 0.0008 98.7419 52.0015 245.8165 0.5487 3.8163
