-1.1314 0.0009 102.8174 128.8321 264.4440 0.5258 4.5395
0.6782 0.0000 102.8392 285.2778 246.2988 0.5366 4.4937
2.8788 0.0000 102.8047 442.2112 237.7495 0.5239 4.5259
4.6075 0.0000 102.7086 558.1359 232.2723 0.4955 4.0028
5.6512 0.0000 102.5902 591.2451 228.8212 0.4870 3.3542
6.3897 0.0000 102.4796 539.0243 229.5398 0.4866 2.9487
6.8271 0.0000 102.3932 421.9584 231.1958 0.4857 2.8059
6.9710 0.0000 102.3496 258.2619 233.2198 0.4844 2.8825
6.7114 0.0000 102.3393 81.8310 234.5134 0.4901 3.2461
6.2483 0.0000 102.3398 0.5061 234.7809 0.4954 4.0638
5.7391 0.0000 102.3420 0.0000 234.8281 0.4999 4.8919
5.1809 0.0000 102.3231 0.0000 234.7879 0.5096 5.4624
4.5909 0.0000 102.3141 0.0000 234.5321 0.5235 5.4804
4.0063 0.0000 102.3341 0.0000 234.1850 0.5370 5.1832
3.4308 0.0000 102.3318 0.0000 233.7568 0.5484 5.3589
2.8199 0.0000 102.2982 0.0000 233.5982 0.5568 5.5385
2.2555 0.0000 102.2771 0.0000 238.5164 0.5623 5.1510
1.8209 0.0000 102.2793 0.0000 249.1569 0.5660 4.6999
1.4935 0.0000 102.2604 0.0000 255.4903 0.5673 4.7519
1.2218 0.0000 102.2168 0.0000 259.4363 0.5668 5.1384
0.9942 0.0000 102.1791 0.0000 263.4639 0.5666 5.6663
0.8775 0.0000 102.1446 0.0000 268.1756 0.5691 5.9686
0.8354 0.0000 102.1083 0.0000 270.9520 0.5750 6.2162
0.7909 0.0000 102.0714 26.3058 268.9464 0.5834 5.9756
