-0.4175 0.0005 102.4540 128.9511 262.0859 0.5412 4.7693
1.0691 0.0000 102.4765 320.9372 232.6584 0.5419 4.6214
3.1391 0.0000 102.4439 479.4389 228.0378 0.5201 4.7204
4.8531 0.0000 102.3485 577.0136 228.2441 0.4953 4.4645
5.8467 0.0000 102.2298 596.1312 229.3393 0.4912 3.9470
6.5778 0.0000 102.1175 543.6919 231.2960 0.4913 3.6618
6.9474 0.0000 102.0358 424.0212 234.8061 0.4951 3.6418
6.9877 0.0000 101.9922 262.1672 237.2685 0.4982 3.7098
6.6602 0.0000 101.9804 87.5185 238.5329 0.5076 4.0285
6.1565 0.0000 101.9816 1.0716 238.4417 0.5142 4.7528
5.6693 0.0000 101.9797 0.0000 237.8419 0.5137 5.2491
5.1530 0.0000 101.9748 0.0000 236.8811 0.5152 5.2049
4.6393 0.0000 101.9794 0.0000 235.7745 0.5199 4.6551
4.1467 0.0000 101.9858 0.0000 234.8983 0.5266 4.3612
3.6457 0.0000 101.9711 0.0000 235.9869 0.5355 4.3583
3.1388 0.0000 101.9485 0.0000 242.3760 0.5453 4.0702
2.6899 0.0000 101.9281 0.0000 252.4765 0.5532 3.5765
2.3202 0.0000 101.9138 0.0000 258.8721 0.5591 3.4328
1.9690 0.0000 101.8875 0.0000 263.5238 0.5641 3.7303
1.6060 0.0000 101.8477 0.0000 265.7155 0.5686 4.2566
1.2714 0.0000 101.8073 0.0000 271.7481 0.5724 4.6305
1.0757 0.0000 101.7711 0.0000 274.2618 0.5761 4.7525
0.9971 0.0000 101.7296 0.0000 275.8373 0.5797 4.9585
1.0223 0.0000 101.7282 23.9568 272.7144 0.5835 4.2058
