-1.1221 0.0006 102.8348 127.5794 261.2312 0.5239 4.5431
0.6094 0.0000 102.8574 283.4885 244.3326 0.5331 4.4459
2.7491 0.0000 102.8263 441.7376 236.3170 0.5211 4.4680
4.5049 0.0000 102.7310 558.5375 230.5697 0.4933 4.0107
5.5348 0.0000 102.6119 588.0575 228.2380 0.4848 3.3706
6.2741 0.0000 102.4990 535.9924 229.2902 0.4829 2.9569
6.7084 0.0000 102.4136 418.8719 231.5257 0.4823 2.8075
6.8580 0.0000 102.3676 256.4396 233.7011 0.4813 2.8670
6.6373 0.0000 102.3545 81.7855 235.0262 0.4859 3.1913
6.2195 0.0000 102.3550 0.5902 235.3261 0.4903 3.9614
5.7317 0.0000 102.3574 0.0000 235.3646 0.4939 4.7790
5.1700 0.0000 102.3409 0.0000 235.1329 0.5020 5.3131
4.5813 0.0000 102.3360 0.0000 234.6212 0.5144 5.2710
4.0139 0.0000 102.3546 0.0000 234.0953 0.5276 5.0202
3.4558 0.0000 102.3480 0.0000 233.5609 0.5402 5.2764
2.8590 0.0000 102.3160 0.0000 233.8013 0.5511 5.4040
2.2995 0.0000 102.2983 0.0000 240.9367 0.5591 4.9903
1.8552 0.0000 102.3006 0.0000 250.5189 0.5646 4.6820
1.5076 0.0000 102.2794 0.0000 256.5012 0.5675 4.8271
1.2201 0.0000 102.2342 0.0000 259.9152 0.5683 5.2648
0.9845 0.0000 102.1896 0.0000 264.6461 0.5687 5.7727
0.8584 0.0000 102.1533 0.0000 269.4198 0.5713 6.0086
0.7984 0.0000 102.1149 0.0000 272.7505 0.5767 6.2186
0.7318 0.0000 102.0876 24.7729 270.0052 0.5846 5.8225
