-1.8028 0.0001 102.6123 123.8655 251.2537 0.4944 4.1847
-0.0958 0.0000 102.6388 288.3854 234.2451 0.5060 4.0192
2.3901 0.0000 102.6156 447.8654 227.4223 0.4999 4.0092
4.4880 0.0000 102.5202 547.8180 227.2650 0.4775 3.6854
5.4715 0.0000 102.3938 572.6396 226.9075 0.4706 3.0570
6.1356 0.0000 102.2809 519.8098 229.8018 0.4674 2.6463
6.5688 0.0000 102.1919 406.6151 232.5094 0.4649 2.4599
6.6667 0.0000 102.1495 249.2123 234.4221 0.4651 2.5267
6.4241 0.0000 102.1288 80.4928 235.2850 0.4690 2.9239
5.9663 0.0000 102.1293 0.7536 235.2212 0.4720 3.7783
5.3815 0.0000 102.1317 0.0000 234.8358 0.4732 4.6455
4.7150 0.0000 102.1222 0.0000 234.0484 0.4758 5.1409
4.0636 0.0000 102.1213 0.0000 233.0457 0.4801 5.0865
3.4892 0.0000 102.1367 0.0000 232.4184 0.4862 4.9281
2.9606 0.0000 102.1229 0.0000 232.3036 0.4940 5.0916
2.4316 0.0000 102.1023 0.0000 235.8349 0.5038 4.8720
1.9544 0.0000 102.0924 0.0000 244.7759 0.5141 4.4691
1.5502 0.0000 102.0869 0.0000 251.3207 0.5235 4.4070
1.2046 0.0000 102.0651 0.0000 257.7546 0.5309 4.6077
0.9154 0.0000 102.0046 0.0000 259.6967 0.5368 5.0681
0.6755 0.0000 101.9518 0.0000 261.1754 0.5423 5.4991
0.5392 0.0000 101.9111 0.0000 269.1485 0.5490 5.6881
0.4778 0.0000 101.8663 0.0000 273.6502 0.5564 5.8097
0.4408 0.0001 101.8684 19.3337 272.9878 0.5662 5.3365
