-2.0796 0.0011 102.9707 173.6369 247.8282 0.5008 3.2418
0.4354 0.0000 102.9773 380.5773 216.7732 0.5271 3.2855
3.1760 0.0000 102.9452 504.1312 222.1012 0.5144 3.0058
4.3605 0.0000 102.8455 561.7828 229.5703 0.4991 2.3416
5.0902 0.0000 102.7309 569.5397 230.1475 0.4968 1.8114
5.6200 0.0000 102.6301 514.7686 229.6163 0.4990 1.4939
5.9441 0.0000 102.5604 396.0236 230.0860 0.4996 1.3788
5.9443 0.0000 102.5182 233.9678 229.9247 0.5013 1.4413
5.6322 0.0000 102.5091 62.3494 229.8844 0.5048 1.7688
5.1985 0.0000 102.5262 0.0051 229.6815 0.5078 2.3591
4.7601 0.0000 102.5330 0.0000 229.8697 0.5114 2.9470
4.3151 0.0000 102.5167 0.0000 229.5786 0.5172 3.6400
3.8664 0.0000 102.4885 0.0000 228.8032 0.5268 4.2666
3.3897 0.0000 102.4820 0.0000 228.3861 0.5419 4.5106
2.8864 0.0000 102.4990 0.0000 228.3039 0.5614 4.3370
2.3166 0.0000 102.4957 0.0000 228.5434 0.5807 4.2668
1.6923 0.0000 102.4583 0.0000 228.4622 0.5975 4.5568
1.0492 0.0000 102.4434 0.0000 228.3607 0.6103 4.4182
0.4544 0.0002 102.4410 0.0000 239.0686 0.6141 3.7091
-0.1676 0.0047 102.4175 0.0000 263.3222 0.6030 3.4612
-0.7662 0.0144 102.3860 0.0000 285.3560 0.5817 3.5524
-1.0398 0.0101 102.3548 0.0000 284.8816 0.5683 3.7402
-1.1587 0.0076 102.3286 0.0000 280.6395 0.5627 4.0868
-1.1588 0.0063 102.2894 29.4384 279.8480 0.5595 4.2271
