1.0557 0.0002 101.4544 159.9652 250.1696 0.5962 6.2698
2.7809 0.0000 101.4892 349.6702 234.6836 0.5951 6.0406
4.9169 0.0000 101.4697 496.3049 235.3338 0.5832 5.5460
6.8739 0.0000 101.3946 582.3731 239.5478 0.5470 4.6783
8.2217 0.0000 101.2762 600.9129 243.5103 0.5227 4.1175
9.1012 0.0000 101.1546 553.2914 246.2100 0.5175 3.8666
9.6061 0.0000 101.0692 435.9978 248.4309 0.5205 3.7755
9.7563 0.0000 101.0145 280.2909 249.3775 0.5253 3.8469
9.4319 0.0000 100.9974 105.9968 250.0232 0.5372 3.9483
8.6387 0.0000 101.0089 3.8625 250.4422 0.5506 4.2731
7.6714 0.0000 101.0556 0.0000 250.7220 0.5607 4.4912
6.7322 0.0000 101.0755 0.0000 255.5698 0.5709 4.6555
5.9306 0.0000 101.0946 0.0000 267.6463 0.5810 4.4865
5.3154 0.0000 101.1116 0.0000 272.8466 0.5892 4.1718
4.8243 0.0000 101.0961 0.0000 275.5760 0.5936 4.3268
4.4359 0.0000 101.0614 0.0000 278.8371 0.5937 4.6481
4.1943 0.0000 101.0384 0.0000 282.0695 0.5906 4.6704
4.0943 0.0000 101.0083 0.0000 285.0120 0.5863 4.6372
4.0896 0.0000 100.9641 0.0000 287.4457 0.5832 4.5909
4.0995 0.0000 100.9143 0.0000 288.6350 0.5822 4.4822
4.0774 0.0000 100.8525 0.0000 288.5977 0.5823 4.7899
3.9715 0.0000 100.7901 0.0000 282.1361 0.5860 5.2552
3.7620 0.0000 100.8228 0.0000 263.0431 0.5949 4.1637
3.5463 0.0000 100.8675 26.2101 264.0281 0.6022 3.2486
