-2.1901 0.0022 102.8884 167.8079 255.0115 0.5014 2.8504
0.3773 0.0001 102.8956 374.0908 224.7203 0.5351 3.1062
3.2803 0.0000 102.8580 505.6840 224.6544 0.5277 3.2050
4.5646 0.0000 102.7566 556.6663 234.0892 0.5131 2.5875
5.3586 0.0000 102.6429 574.1125 232.0273 0.5105 2.0145
5.9516 0.0000 102.5435 522.5071 230.6013 0.5117 1.6769
6.3285 0.0000 102.4682 404.7274 230.6017 0.5114 1.5453
6.3464 0.0000 102.4277 238.5626 231.3833 0.5132 1.5733
6.0310 0.0000 102.4186 64.8541 231.3750 0.5177 1.8938
5.5666 0.0000 102.4364 0.0132 230.8247 0.5219 2.5656
5.0873 0.0000 102.4467 0.0000 230.3950 0.5259 3.2702
4.5997 0.0000 102.4276 0.0000 229.9598 0.5314 4.0254
4.1271 0.0000 102.3991 0.0000 229.5001 0.5400 4.6320
3.6699 0.0000 102.3956 0.0000 229.2458 0.5532 4.7778
3.2068 0.0000 102.4128 0.0000 229.2254 0.5700 4.5218
2.6620 0.0000 102.4015 0.0000 229.4212 0.5863 4.4165
2.0460 0.0000 102.3676 0.0000 229.1812 0.6020 4.6882
1.4050 0.0000 102.3522 0.0000 229.2125 0.6161 4.6293
0.7825 0.0002 102.3449 0.0000 239.3221 0.6223 3.9590
0.1313 0.0040 102.3270 0.0000 264.5991 0.6140 3.6583
-0.4894 0.0139 102.3038 0.0000 286.7902 0.5949 3.7612
-0.7823 0.0101 102.2814 0.0000 289.9925 0.5814 3.8906
-0.8266 0.0072 102.2571 0.0001 288.2819 0.5774 4.1868
-0.6825 0.0042 102.2157 28.6092 284.6068 0.5790 4.3932
