-1.4577 0.0045 100.7562 178.9775 252.5061 0.5130 2.6467
0.4667 0.0003 100.7628 352.8747 240.6683 0.5309 2.9651
3.2125 0.0000 100.7233 507.5769 229.5382 0.5151 3.3922
5.1996 0.0000 100.6193 599.1552 229.6362 0.4854 2.9389
6.2860 0.0000 100.5027 610.3575 231.4089 0.4891 2.3337
7.0128 0.0000 100.4072 557.0274 231.1872 0.4980 1.9860
7.4419 0.0000 100.3380 433.5915 233.3738 0.5042 1.9731
7.4667 0.0000 100.3014 263.9098 234.5769 0.5098 2.1873
7.0177 0.0000 100.2964 80.7798 234.6861 0.5191 2.8502
6.2034 0.0000 100.3129 0.2264 233.7291 0.5259 3.8966
5.3288 0.0000 100.3217 0.0000 232.6375 0.5295 4.4237
4.5092 0.0000 100.3021 0.0000 231.8783 0.5326 4.6705
3.8101 0.0000 100.2873 0.0000 231.2969 0.5351 4.6017
3.2924 0.0000 100.2910 0.0000 231.0402 0.5373 4.2088
2.9377 0.0000 100.3009 0.0000 231.2169 0.5395 3.8434
2.5906 0.0000 100.2754 0.0000 232.0655 0.5406 3.6025
2.2502 0.0000 100.2515 0.0000 233.0636 0.5416 3.5068
1.9448 0.0000 100.2256 0.0000 236.6038 0.5437 3.3556
1.6367 0.0000 100.1950 0.0000 242.4064 0.5468 2.8074
1.3350 0.0000 100.1705 0.0000 253.1655 0.5508 2.2955
1.0844 0.0001 100.1656 0.0000 259.8242 0.5552 2.2911
0.9620 0.0012 100.1568 0.0000 262.7065 0.5596 2.7999
0.8866 0.0035 100.1354 0.0008 263.5763 0.5636 3.5466
0.8497 0.0019 100.0905 47.1763 253.4724 0.5665 4.3315
