-0.4149 0.0052 103.0561 168.4560 270.2209 0.5720 3.5274
1.7910 0.0007 103.0706 344.4928 254.4369 0.5958 3.6364
4.0898 0.0001 103.0232 533.1355 226.4091 0.5833 3.1967
5.4609 0.0000 102.9158 592.8475 232.4664 0.5575 2.5901
6.4100 0.0000 102.7974 569.2606 241.2565 0.5420 2.1400
7.0419 0.0000 102.7000 512.2185 240.0700 0.5375 1.9240
7.3790 0.0000 102.6307 399.0564 237.3390 0.5389 1.8943
7.3795 0.0000 102.5963 231.4522 237.6325 0.5431 1.9180
7.0933 0.0000 102.5910 58.2486 237.8431 0.5496 2.1781
6.6793 0.0000 102.6154 0.0000 237.7514 0.5587 2.7733
6.2442 0.0000 102.6337 0.0000 237.5355 0.5713 3.3612
5.7331 0.0000 102.6212 0.0000 235.7544 0.5891 4.0362
5.1186 0.0000 102.6007 0.0000 233.4326 0.6120 4.8019
4.4194 0.0000 102.5789 0.0000 232.5583 0.6341 5.4025
3.7694 0.0000 102.5843 0.0000 231.9154 0.6481 5.4293
3.1669 0.0000 102.5801 0.0000 231.3850 0.6503 5.1370
2.6444 0.0000 102.5619 0.0000 230.3674 0.6449 4.9808
2.2698 0.0000 102.5401 0.0000 229.6092 0.6355 4.9617
1.9857 0.0000 102.4987 0.0000 229.1083 0.6268 4.7926
1.7573 0.0000 102.4662 0.0000 228.9380 0.6221 4.4073
1.5503 0.0001 102.4700 0.0000 229.3884 0.6205 4.3595
1.5370 0.0001 102.4902 0.0000 238.6813 0.6204 4.3354
1.6925 0.0000 102.4840 0.0592 255.1074 0.6206 4.1298
1.9127 0.0000 102.4487 46.6878 255.6681 0.6206 4.0999
