1.5958 0.0000 102.0433 154.9879 258.3323 0.6235 6.2979
3.0508 0.0000 102.0751 339.0476 242.2257 0.6258 5.9029
5.1155 0.0000 102.0539 488.4966 241.9820 0.6134 5.6190
7.0663 0.0000 101.9777 580.2278 244.7090 0.5698 5.2476
8.3866 0.0000 101.8593 603.0058 246.9633 0.5322 4.8595
9.2022 0.0000 101.7408 559.9258 247.5415 0.5177 4.7631
9.6331 0.0000 101.6578 440.8585 249.5065 0.5148 4.8455
9.7276 0.0000 101.6057 284.3309 250.0039 0.5155 5.0818
9.3073 0.0000 101.5891 108.2845 250.0426 0.5305 5.2379
8.3961 0.0000 101.6038 3.9334 249.5005 0.5509 5.5584
7.3592 0.0000 101.6474 0.0000 249.3208 0.5653 5.7295
6.4106 0.0000 101.6613 0.0000 254.6636 0.5786 5.9526
5.6427 0.0000 101.6735 0.0000 266.5667 0.5904 5.7150
5.0846 0.0000 101.6915 0.0000 273.2860 0.5999 5.3116
4.6595 0.0000 101.6746 0.0000 276.9314 0.6061 5.4223
4.3366 0.0000 101.6387 0.0000 280.4284 0.6081 5.6860
4.1261 0.0000 101.6118 0.0000 284.3234 0.6071 5.6367
4.0083 0.0000 101.5842 0.0000 286.4316 0.6056 5.5612
3.9449 0.0000 101.5388 0.0000 288.2235 0.6049 5.5424
3.8818 0.0000 101.4952 0.0000 288.0363 0.6057 5.3705
3.7949 0.0000 101.4417 0.0000 286.1584 0.6072 5.4401
3.6577 0.0000 101.3823 0.0000 277.4686 0.6110 5.6830
3.4341 0.0000 101.4070 0.0000 254.4221 0.6195 4.5945
3.2300 0.0000 101.4542 32.0879 254.5805 0.6263 3.5914
