1.6949 0.0000 101.9399 148.4369 262.1906 0.6292 5.8883
3.2077 0.0000 101.9719 326.8908 247.6601 0.6315 5.5831
5.2868 0.0000 101.9511 480.2491 245.7417 0.6209 5.3027
7.1941 0.0000 101.8758 578.2120 246.1633 0.5815 4.9346
8.5198 0.0000 101.7574 603.3443 247.6119 0.5445 4.5924
9.3705 0.0000 101.6386 562.4480 247.5718 0.5268 4.5310
9.8415 0.0000 101.5543 443.1929 249.6661 0.5211 4.6381
9.9384 0.0000 101.5010 286.4687 250.3948 0.5203 4.8720
9.5344 0.0000 101.4854 109.9389 250.8735 0.5332 4.9710
8.6874 0.0000 101.5036 4.2462 250.8685 0.5504 5.1187
7.7095 0.0000 101.5474 0.0000 251.0091 0.5609 5.2186
6.7709 0.0000 101.5588 0.0000 259.0118 0.5722 5.4636
5.9880 0.0000 101.5768 0.0000 269.4395 0.5842 5.1724
5.4002 0.0000 101.5919 0.0000 275.7954 0.5941 4.8785
4.9169 0.0000 101.5727 0.0000 278.5863 0.6014 5.0410
4.5164 0.0000 101.5368 0.0000 282.1463 0.6059 5.3190
4.2274 0.0000 101.5124 0.0000 285.5504 0.6080 5.2698
4.0395 0.0000 101.4836 0.0000 287.1146 0.6085 5.2195
3.9194 0.0000 101.4411 0.0000 288.1789 0.6088 5.1771
3.8232 0.0000 101.3978 0.0000 287.0785 0.6095 5.0116
3.7276 0.0000 101.3424 0.0000 284.4829 0.6101 5.1187
3.6056 0.0000 101.2839 0.0000 271.1589 0.6130 5.2869
3.4279 0.0000 101.3166 0.0000 252.5578 0.6207 4.0644
3.2683 0.0000 101.3589 31.7530 255.4298 0.6267 3.1947
