-0.2787 0.0003 102.0102 143.6057 259.2091 0.5472 4.9088
1.3673 0.0000 102.0300 351.9098 225.9727 0.5504 4.6749
3.7502 0.0000 101.9968 504.3104 224.5763 0.5233 4.7659
5.5596 0.0000 101.9013 592.7211 227.8662 0.4928 4.4677
6.5621 0.0000 101.7855 607.9998 230.1130 0.4877 4.0109
7.2460 0.0000 101.6812 553.7397 232.4517 0.4890 3.8555
7.5374 0.0000 101.6025 430.8702 236.0652 0.4949 3.9412
7.4716 0.0000 101.5627 267.2998 238.4983 0.5006 4.0647
6.9721 0.0000 101.5536 90.2144 239.7305 0.5154 4.4565
6.2388 0.0000 101.5567 1.1646 239.2862 0.5263 5.2120
5.5822 0.0000 101.5562 0.0000 238.2378 0.5273 5.6050
5.0058 0.0000 101.5515 0.0000 237.0351 0.5290 5.3976
4.4948 0.0000 101.5548 0.0000 235.8902 0.5325 4.7687
4.0234 0.0000 101.5611 0.0000 236.1298 0.5372 4.4327
3.5630 0.0000 101.5490 0.0000 239.0116 0.5437 4.2366
3.1230 0.0000 101.5265 0.0000 245.6235 0.5505 3.8533
2.7516 0.0000 101.5016 0.0000 255.1184 0.5557 3.3416
2.4553 0.0000 101.4837 0.0000 261.5462 0.5598 3.1314
2.1567 0.0000 101.4583 0.0000 265.4019 0.5637 3.2926
1.8365 0.0000 101.4244 0.0000 267.7203 0.5676 3.7399
1.5502 0.0000 101.3885 0.0000 272.8776 0.5711 4.0968
1.4335 0.0000 101.3556 0.0000 274.4801 0.5744 4.2591
1.4770 0.0000 101.3109 0.0000 274.7933 0.5773 4.5475
1.6176 0.0000 101.3042 24.6427 275.2551 0.5802 3.8675
