-1.0885 0.0001 99.4148 190.7188 238.2282 0.5172 3.9832
1.2273 0.0000 99.4223 402.7230 215.3062 0.5244 3.8966
4.0983 0.0000 99.3866 545.5245 218.5696 0.4952 3.9244
6.0683 0.0000 99.2980 623.8801 224.0282 0.4689 3.2987
7.1173 0.0000 99.1907 631.6931 227.9381 0.4701 2.6904
7.7660 0.0000 99.0998 570.8958 231.2234 0.4786 2.5327
8.0741 0.0000 99.0287 446.8266 234.0754 0.4880 2.7791
7.9763 0.0000 99.0023 277.4459 235.6196 0.4973 3.0942
7.3453 0.0000 98.9963 91.5860 236.4340 0.5130 3.7214
6.3038 0.0000 99.0119 0.7660 236.0182 0.5244 4.5388
5.2914 0.0000 99.0168 0.0000 235.2929 0.5286 4.7466
4.5032 0.0000 99.0080 0.0000 234.6168 0.5321 4.4846
3.9538 0.0000 99.0022 0.0000 234.1159 0.5355 3.8870
3.6020 0.0000 99.0007 0.0000 234.3964 0.5384 3.4067
3.3812 0.0000 98.9971 0.0000 236.7465 0.5410 3.1503
3.2027 0.0000 98.9710 0.0000 240.7549 0.5428 2.9651
3.0685 0.0000 98.9432 0.0000 247.7578 0.5439 2.8882
2.9631 0.0000 98.9143 0.0000 254.9279 0.5446 2.6505
2.8122 0.0000 98.8856 0.0000 264.8393 0.5451 2.0917
2.6226 0.0000 98.8645 0.0000 266.7879 0.5453 1.6591
2.4670 0.0000 98.8420 0.0000 267.3556 0.5452 1.7982
2.4831 0.0000 98.8303 0.0000 269.1855 0.5458 2.2590
2.6431 0.0000 98.7937 0.0000 257.7791 0.5467 3.0473
2.8588 0.0000 98.7578 40.0628 261.7106 0.5477 3.5423
