1.0167 0.0050 103.0204 184.7855 267.7069 0.6091 4.1917
2.6467 0.0004 103.0350 361.0341 253.6835 0.6188 3.8775
4.6326 0.0000 102.9831 537.6693 230.9986 0.6109 3.4690
6.0328 0.0000 102.8767 600.9644 235.6269 0.5815 2.9820
7.0609 0.0000 102.7580 593.7384 239.4755 0.5596 2.5637
7.7130 0.0000 102.6563 526.4910 241.0351 0.5508 2.3776
8.0669 0.0000 102.5881 406.6249 239.8955 0.5480 2.3755
8.1041 0.0000 102.5578 236.4031 240.3926 0.5490 2.4260
7.8368 0.0000 102.5511 60.3995 240.3742 0.5561 2.7411
7.3708 0.0000 102.5743 0.0001 239.4340 0.5688 3.3941
6.8763 0.0000 102.5939 0.0000 238.2403 0.5835 3.9195
6.3681 0.0000 102.5868 0.0000 237.1616 0.6014 4.3771
5.8417 0.0000 102.5647 0.0000 236.2364 0.6238 4.7666
5.3140 0.0000 102.5431 0.0000 235.4701 0.6500 4.9459
4.8648 0.0000 102.5432 0.0000 235.0474 0.6733 4.6880
4.3740 0.0000 102.5313 0.0000 234.8740 0.6869 4.3583
3.8390 0.0000 102.5146 0.0000 234.0336 0.6915 4.1823
3.3780 0.0000 102.5009 0.0000 233.3115 0.6888 4.0265
2.9594 0.0003 102.4593 0.0000 239.9180 0.6783 3.9548
2.5443 0.0009 102.4149 0.0000 247.8051 0.6630 3.8690
2.2233 0.0007 102.4151 0.0000 250.8095 0.6529 3.9013
2.1535 0.0003 102.4526 0.0000 256.6019 0.6478 3.9671
2.2314 0.0002 102.4648 0.1951 262.1842 0.6448 3.8422
2.3874 0.0001 102.4333 56.1341 256.9380 0.6426 3.7209
