-1.3780 0.0056 100.6393 175.3094 260.1941 0.5166 2.2052
0.4844 0.0004 100.6460 354.5306 244.4560 0.5363 2.6069
2.9753 0.0000 100.6074 514.0834 229.5357 0.5294 3.0793
5.0289 0.0000 100.5016 604.1352 228.9322 0.4964 2.7032
6.1827 0.0000 100.3827 612.6478 231.3857 0.4976 2.1505
6.9346 0.0000 100.2869 555.7671 231.9456 0.5060 1.7845
7.3758 0.0000 100.2189 431.3799 234.0826 0.5122 1.7302
7.4286 0.0000 100.1824 260.9377 235.2995 0.5174 1.9108
7.0335 0.0000 100.1786 78.1712 235.3728 0.5250 2.5514
6.2583 0.0000 100.1955 0.1398 234.2367 0.5306 3.6035
5.3433 0.0000 100.2063 0.0000 232.5734 0.5335 4.1417
4.4136 0.0000 100.1920 0.0000 231.2361 0.5352 4.3867
3.6263 0.0000 100.1767 0.0000 230.2499 0.5363 4.3476
3.0573 0.0000 100.1764 0.0000 229.8452 0.5378 3.9569
2.6589 0.0000 100.1872 0.0000 229.9715 0.5403 3.4950
2.2606 0.0000 100.1658 0.0000 230.3283 0.5425 3.1221
1.8474 0.0000 100.1435 0.0000 230.3471 0.5444 2.9236
1.4710 0.0000 100.1181 0.0000 232.0849 0.5472 2.8506
1.0984 0.0000 100.0810 0.0000 234.9274 0.5508 2.4978
0.7451 0.0001 100.0542 0.0000 249.0418 0.5549 2.0951
0.4577 0.0004 100.0564 0.0000 260.6159 0.5583 2.1152
0.3148 0.0017 100.0544 0.0000 260.1030 0.5620 2.4839
0.1806 0.0043 100.0404 0.0027 264.3888 0.5663 3.0181
0.0656 0.0029 99.9981 49.4202 254.7584 0.5700 3.6842
