-2.1353 0.0022 102.7944 166.5439 254.1759 0.5002 2.8022
0.3635 0.0001 102.8020 370.5308 225.4732 0.5306 3.1114
3.2995 0.0000 102.7626 490.1138 228.6195 0.5202 3.3354
4.6410 0.0000 102.6633 546.2838 237.0187 0.5056 2.7448
5.4771 0.0000 102.5484 579.7113 230.9303 0.5038 2.1737
6.1006 0.0000 102.4464 527.9666 229.8781 0.5056 1.8525
6.4988 0.0000 102.3686 409.4044 230.3185 0.5057 1.7332
6.5181 0.0000 102.3300 242.9086 231.1984 0.5078 1.7824
6.1818 0.0000 102.3208 67.8520 231.3187 0.5125 2.1839
5.6623 0.0000 102.3370 0.0311 230.8313 0.5169 2.9885
5.1163 0.0000 102.3466 0.0000 230.4024 0.5200 3.7713
4.5625 0.0000 102.3262 0.0000 229.8280 0.5237 4.5093
4.0440 0.0000 102.2985 0.0000 229.2323 0.5291 4.9768
3.5991 0.0000 102.3015 0.0000 228.9186 0.5378 4.8958
3.2020 0.0000 102.3191 0.0000 229.0277 0.5502 4.4743
2.7355 0.0000 102.3017 0.0000 229.3986 0.5641 4.3520
2.1825 0.0000 102.2675 0.0000 229.2957 0.5808 4.5774
1.5807 0.0000 102.2550 0.0000 229.4880 0.5994 4.3861
1.0018 0.0001 102.2493 0.0000 237.7559 0.6127 3.7400
0.4043 0.0029 102.2274 0.0000 259.9106 0.6132 3.6206
-0.2179 0.0121 102.2023 0.0000 282.8500 0.6011 3.8536
-0.5850 0.0101 102.1778 0.0000 290.3841 0.5886 4.1307
-0.7089 0.0087 102.1546 0.0000 292.1217 0.5833 4.4745
-0.5939 0.0045 102.1113 26.4631 289.1328 0.5849 4.6525
