-1.8330 0.0001 102.6311 132.7420 249.3138 0.4933 4.4571
-0.0931 0.0000 102.6537 295.8546 234.3419 0.5082 4.1483
2.5376 0.0000 102.6316 454.8658 227.7830 0.4977 4.1403
4.4862 0.0000 102.5362 556.5223 226.7329 0.4723 3.7290
5.4423 0.0000 102.4107 582.8802 225.1204 0.4654 3.0791
6.1098 0.0000 102.3006 527.4033 227.7142 0.4633 2.6750
6.5358 0.0000 102.2134 410.8966 230.4822 0.4625 2.5153
6.6302 0.0000 102.1702 250.5802 232.5603 0.4633 2.5934
6.3836 0.0000 102.1546 79.3640 233.5503 0.4681 2.9881
5.9148 0.0000 102.1551 0.5439 233.5837 0.4725 3.8317
5.3140 0.0000 102.1575 0.0000 233.3501 0.4755 4.7306
4.6251 0.0000 102.1436 0.0000 232.9213 0.4804 5.3317
3.9621 0.0000 102.1384 0.0000 232.2061 0.4874 5.3521
3.3869 0.0000 102.1598 0.0000 231.6867 0.4959 5.1258
2.8725 0.0000 102.1481 0.0000 231.3523 0.5052 5.3763
2.3309 0.0000 102.1187 0.0000 231.8339 0.5152 5.4517
1.8167 0.0000 102.1100 0.0000 239.5199 0.5248 4.9807
1.4031 0.0000 102.1097 0.0000 247.7673 0.5323 4.8129
1.0747 0.0000 102.0913 0.0000 253.8620 0.5374 4.9357
0.8218 0.0000 102.0354 0.0000 257.5683 0.5410 5.3324
0.6319 0.0000 101.9836 0.0000 258.3525 0.5447 5.7764
0.5493 0.0000 101.9419 0.0000 265.2814 0.5506 5.9708
0.5217 0.0000 101.8999 0.0000 270.6034 0.5586 6.1123
0.4801 0.0001 101.8839 21.4763 271.9007 0.5692 5.7136
