-0.3691 0.0007 101.0232 164.3832 253.9534 0.5530 5.0796
1.5987 0.0000 101.0408 385.0025 218.0924 0.5639 4.7140
4.3777 0.0000 101.0111 526.8925 221.7641 0.5407 4.7810
6.4314 0.0000 100.9193 607.1496 228.5472 0.5000 4.4499
7.5141 0.0000 100.8096 618.2768 232.8414 0.4885 4.0692
8.1791 0.0000 100.7112 561.5078 236.7348 0.4873 4.0874
8.4208 0.0000 100.6365 437.0671 240.3750 0.4928 4.2855
8.2764 0.0000 100.5998 273.8986 242.3608 0.4996 4.5244
7.5739 0.0000 100.5886 95.7284 242.7810 0.5187 5.0212
6.4613 0.0000 100.5971 1.6615 240.9667 0.5351 5.8613
5.4615 0.0000 100.6084 0.0000 238.5207 0.5398 6.1213
4.7281 0.0000 100.6114 0.0000 236.4963 0.5431 5.6040
4.2013 0.0000 100.6146 0.0000 235.7638 0.5448 5.0405
3.7856 0.0000 100.6211 0.0000 241.8091 0.5459 4.6504
3.4442 0.0000 100.6123 0.0000 248.9364 0.5472 4.1723
3.1632 0.0000 100.5851 0.0000 255.5511 0.5482 3.7905
2.9481 0.0000 100.5568 0.0000 263.1261 0.5489 3.4871
2.7754 0.0000 100.5354 0.0000 268.8004 0.5502 3.3718
2.5759 0.0000 100.5077 0.0000 271.2347 0.5524 3.3895
2.3452 0.0000 100.4712 0.0000 275.1961 0.5550 3.6920
2.1339 0.0000 100.4358 0.0000 277.5686 0.5583 3.9425
2.0766 0.0000 100.4039 0.0000 278.1327 0.5627 4.1768
2.2063 0.0000 100.3596 0.0000 276.8646 0.5672 4.4085
2.4164 0.0000 100.3644 25.1704 276.4854 0.5714 3.6113
