-0.8627 0.0001 100.2659 177.1632 244.1757 0.5245 4.2779
1.4463 0.0000 100.2732 391.6335 217.7568 0.5280 4.1316
4.2649 0.0000 100.2376 538.0201 220.0610 0.4978 4.1432
6.2403 0.0000 100.1488 618.0108 225.2111 0.4688 3.5640
7.2954 0.0000 100.0378 627.8924 228.8009 0.4665 3.0436
7.9182 0.0000 99.9431 568.4371 231.8558 0.4735 2.9735
8.1717 0.0000 99.8697 445.5844 234.4714 0.4835 3.2459
8.0339 0.0000 99.8419 276.6708 236.2550 0.4938 3.5385
7.3828 0.0000 99.8328 91.8773 237.3994 0.5113 4.1603
6.3366 0.0000 99.8479 0.8542 237.2857 0.5240 5.0091
5.3226 0.0000 99.8503 0.0000 236.6324 0.5284 5.2581
4.5249 0.0000 99.8446 0.0000 235.7820 0.5322 4.9599
3.9717 0.0000 99.8402 0.0000 235.1030 0.5358 4.2397
3.6107 0.0000 99.8398 0.0000 235.1357 0.5390 3.6429
3.3793 0.0000 99.8331 0.0000 237.8573 0.5418 3.3039
3.2242 0.0000 99.8052 0.0000 242.1319 0.5440 3.0212
3.1206 0.0000 99.7756 0.0000 250.6109 0.5456 2.7940
3.0461 0.0000 99.7505 0.0000 257.7636 0.5471 2.4083
2.9012 0.0000 99.7255 0.0000 266.8349 0.5483 1.8952
2.6801 0.0000 99.7036 0.0000 267.0467 0.5492 1.6570
2.4820 0.0000 99.6754 0.0000 269.6483 0.5497 2.0123
2.4784 0.0000 99.6627 0.0000 270.8907 0.5510 2.5097
2.6704 0.0000 99.6204 0.0000 259.3842 0.5522 3.2280
2.9714 0.0000 99.5853 35.5812 266.7230 0.5534 3.4917
