-2.0373 0.0004 102.8255 166.5203 244.6548 0.4962 4.0773
0.0733 0.0000 102.8475 349.8650 221.3957 0.5173 3.8840
3.0253 0.0000 102.8137 462.2175 230.6147 0.4919 3.7534
4.4483 0.0000 102.7183 544.3665 232.4470 0.4717 3.0311
5.2808 0.0000 102.5982 581.9767 225.8660 0.4710 2.3983
5.8965 0.0000 102.4896 527.5610 226.3636 0.4755 2.0684
6.3018 0.0000 102.4088 408.3545 228.1912 0.4777 1.9650
6.3417 0.0000 102.3664 243.2445 229.8747 0.4819 2.0637
6.0378 0.0000 102.3572 70.4212 230.9178 0.4892 2.5213
5.5382 0.0000 102.3699 0.1132 231.0339 0.4964 3.4477
4.9398 0.0000 102.3728 0.0000 230.8160 0.5024 4.3900
4.2792 0.0000 102.3525 0.0000 230.2266 0.5084 5.2042
3.6402 0.0000 102.3336 0.0000 229.5891 0.5137 5.6029
3.1096 0.0000 102.3425 0.0000 229.2929 0.5195 5.3876
2.7116 0.0000 102.3630 0.0000 229.4894 0.5263 5.0627
2.3339 0.0000 102.3282 0.0000 229.8466 0.5331 5.2270
1.9050 0.0000 102.2954 0.0000 230.2690 0.5408 5.1641
1.4326 0.0000 102.3011 0.0000 234.4182 0.5516 4.5144
0.9929 0.0000 102.2961 0.0000 242.2039 0.5639 4.1926
0.6364 0.0000 102.2567 0.0000 249.8463 0.5772 4.3592
0.3106 0.0000 102.2108 0.0000 254.4982 0.5876 4.7304
-0.0522 0.0007 102.1742 0.0000 267.0600 0.5887 5.1980
-0.4571 0.0043 102.1390 0.0000 276.8950 0.5831 5.4394
-0.6423 0.0048 102.0979 23.1076 285.5308 0.5777 5.2245
