-0.6415 0.0049 103.0566 168.4812 268.2231 0.5646 3.4692
1.7396 0.0007 103.0712 348.8656 250.7302 0.5918 3.6427
4.0461 0.0001 103.0221 532.5625 225.7345 0.5798 3.2048
5.3762 0.0000 102.9163 594.5318 230.9082 0.5582 2.6054
6.2997 0.0000 102.7979 568.9291 240.3149 0.5457 2.1372
6.9354 0.0000 102.7021 513.0338 238.7477 0.5420 1.8803
7.2757 0.0000 102.6313 397.1805 237.1005 0.5437 1.8113
7.2756 0.0000 102.5968 230.1000 237.2706 0.5481 1.8080
6.9943 0.0000 102.5931 57.4508 237.6676 0.5545 2.0316
6.5947 0.0000 102.6175 0.0000 238.0600 0.5638 2.6095
6.1599 0.0000 102.6358 0.0000 238.2045 0.5771 3.2233
5.6419 0.0000 102.6234 0.0000 236.0897 0.5953 3.9502
5.0155 0.0000 102.6028 0.0000 233.0993 0.6173 4.7766
4.3099 0.0000 102.5826 0.0000 232.1252 0.6368 5.4399
3.6625 0.0000 102.5864 0.0000 231.3818 0.6482 5.4918
3.0774 0.0000 102.5854 0.0000 230.7510 0.6487 5.1661
2.5832 0.0000 102.5656 0.0000 229.7323 0.6423 4.9925
2.2348 0.0000 102.5422 0.0000 228.9609 0.6325 5.0073
1.9764 0.0000 102.5008 0.0000 228.5158 0.6243 4.8393
1.7672 0.0000 102.4699 0.0000 228.4118 0.6202 4.4256
1.5598 0.0001 102.4738 0.0000 229.0213 0.6186 4.3951
1.5360 0.0001 102.4907 0.0000 237.0265 0.6180 4.3799
1.6844 0.0000 102.4829 0.0510 253.9944 0.6178 4.1830
1.9118 0.0000 102.4476 45.3441 256.2929 0.6179 4.1584
