-0.8808 0.0001 99.5410 182.4005 245.4307 0.5276 4.2539
1.4619 0.0000 99.5502 403.3717 215.5475 0.5365 4.0819
4.3450 0.0000 99.5146 545.9286 219.2453 0.5117 4.0430
6.3472 0.0000 99.4297 623.2915 225.3977 0.4845 3.4027
7.4675 0.0000 99.3218 631.7410 229.5440 0.4789 2.7901
8.1406 0.0000 99.2285 571.9286 232.8139 0.4837 2.6646
8.4352 0.0000 99.1551 446.5464 236.3997 0.4923 2.9305
8.3344 0.0000 99.1287 278.5870 237.7192 0.5013 3.2304
7.7270 0.0000 99.1220 93.4555 238.7338 0.5167 3.8102
6.7297 0.0000 99.1360 0.9624 238.5812 0.5275 4.5738
5.7352 0.0000 99.1385 0.0000 237.8125 0.5313 4.7888
4.9208 0.0000 99.1341 0.0000 236.7682 0.5348 4.4652
4.3429 0.0000 99.1322 0.0000 235.9135 0.5383 3.8048
3.9554 0.0000 99.1305 0.0000 236.7695 0.5412 3.3191
3.6924 0.0000 99.1262 0.0000 239.9172 0.5440 2.9974
3.5021 0.0000 99.1034 0.0000 244.9379 0.5464 2.7737
3.3637 0.0000 99.0731 0.0000 253.6356 0.5481 2.6696
3.2547 0.0000 99.0448 0.0000 261.1087 0.5495 2.4350
3.0921 0.0000 99.0192 0.0000 269.1795 0.5504 1.9647
2.8826 0.0000 98.9960 0.0000 268.6099 0.5506 1.7149
2.6985 0.0000 98.9704 0.0000 270.5359 0.5502 2.0639
2.6824 0.0000 98.9583 0.0000 270.7731 0.5506 2.5275
2.8169 0.0000 98.9186 0.0000 260.9021 0.5512 3.2435
3.0204 0.0000 98.8886 35.2008 269.2327 0.5524 3.4895
