0.1087 0.0064 102.7668 166.5823 271.4309 0.5784 3.0342
1.7568 0.0010 102.7794 336.0686 260.7069 0.5942 2.8659
3.8608 0.0000 102.7314 527.6624 231.0072 0.5920 2.7839
5.4989 0.0000 102.6219 581.7793 238.7032 0.5565 2.4210
6.5713 0.0000 102.4994 590.0632 239.1330 0.5370 2.0905
7.2528 0.0000 102.3978 530.2935 239.1825 0.5314 1.9897
7.6238 0.0000 102.3265 412.8082 237.7484 0.5303 2.0756
7.6560 0.0000 102.2942 242.9065 238.3713 0.5314 2.2171
7.3158 0.0000 102.2851 65.6449 238.0605 0.5365 2.6759
6.7210 0.0000 102.3077 0.0101 236.6424 0.5431 3.4674
6.1292 0.0000 102.3242 0.0000 235.2048 0.5497 3.9672
5.6019 0.0000 102.3140 0.0000 234.1072 0.5594 4.3035
5.1440 0.0000 102.2895 0.0000 233.4763 0.5750 4.5003
4.7116 0.0000 102.2737 0.0000 233.3332 0.5973 4.4086
4.2807 0.0000 102.2769 0.0000 233.5489 0.6224 3.9894
3.7545 0.0000 102.2650 0.0000 233.7898 0.6427 3.6775
3.1635 0.0000 102.2468 0.0000 233.3056 0.6571 3.5197
2.6213 0.0000 102.2292 0.0000 232.8336 0.6656 3.4043
2.1135 0.0002 102.1914 0.0000 237.8105 0.6670 3.3040
1.6003 0.0011 102.1547 0.0000 250.4468 0.6588 3.1954
1.1353 0.0027 102.1606 0.0000 270.6448 0.6450 3.2840
0.9510 0.0035 102.1891 0.0000 280.2009 0.6353 3.2274
0.9419 0.0061 102.1892 0.0644 280.4528 0.6313 3.1170
1.0809 0.0031 102.1559 44.8076 273.0817 0.6309 3.1071
