0.0382 0.0060 103.0550 168.4056 274.2167 0.5869 3.6437
1.8939 0.0005 103.0696 335.7472 261.8503 0.6037 3.6238
4.1772 0.0001 103.0253 534.2814 227.7583 0.5904 3.1806
5.6302 0.0000 102.9147 589.4789 235.5828 0.5561 2.5595
6.6308 0.0000 102.7963 569.9236 243.1398 0.5345 2.1457
7.2549 0.0000 102.6957 510.5877 242.7146 0.5285 2.0114
7.5856 0.0000 102.6296 402.8083 237.8162 0.5293 2.0604
7.5873 0.0000 102.5952 234.1567 238.3564 0.5330 2.1382
7.2912 0.0000 102.5868 59.8443 238.1940 0.5397 2.4709
6.8485 0.0000 102.6112 0.0001 237.1341 0.5485 3.1008
6.4127 0.0000 102.6295 0.0000 236.1975 0.5598 3.6370
5.9156 0.0000 102.6170 0.0000 235.0839 0.5768 4.2080
5.3250 0.0000 102.5965 0.0000 234.0991 0.6015 4.8523
4.6384 0.0000 102.5715 0.0000 233.4246 0.6285 5.3277
3.9832 0.0000 102.5800 0.0000 232.9827 0.6480 5.3042
3.3459 0.0000 102.5695 0.0000 232.6529 0.6536 5.0788
2.7667 0.0000 102.5544 0.0000 231.6377 0.6500 4.9575
2.3398 0.0000 102.5359 0.0000 230.9059 0.6413 4.8704
2.0042 0.0000 102.4944 0.0000 230.2933 0.6319 4.6993
1.7377 0.0000 102.4587 0.0000 229.9903 0.6258 4.3706
1.5314 0.0001 102.4626 0.0000 230.1227 0.6242 4.2881
1.5388 0.0000 102.4891 0.0000 241.9907 0.6251 4.2462
1.7087 0.0000 102.4862 0.0755 257.3334 0.6262 4.0233
1.9145 0.0000 102.4509 49.3753 254.4185 0.6259 3.9829
