-2.2473 0.0003 102.7319 164.1665 241.9120 0.4860 4.0253
-0.1344 0.0000 102.7510 335.6879 221.9491 0.5039 3.6466
2.7682 0.0000 102.7203 466.5121 225.6727 0.4720 3.3909
4.2784 0.0000 102.6249 550.8104 227.4781 0.4491 2.7733
5.0788 0.0000 102.5036 573.5005 225.0351 0.4490 2.2470
5.6412 0.0000 102.3997 518.5841 225.6955 0.4538 1.9729
5.9934 0.0000 102.3218 403.2889 226.4800 0.4569 1.9236
5.9950 0.0000 102.2794 240.2030 227.8327 0.4608 2.0486
5.6506 0.0000 102.2703 68.9041 228.8973 0.4666 2.5492
5.1009 0.0000 102.2774 0.1007 228.8268 0.4710 3.4409
4.4754 0.0000 102.2833 0.0000 228.3036 0.4743 4.2326
3.8223 0.0000 102.2649 0.0000 227.6357 0.4781 4.9043
3.2000 0.0000 102.2454 0.0000 227.0997 0.4827 5.2378
2.6862 0.0000 102.2520 0.0000 227.0719 0.4886 5.0614
2.2911 0.0000 102.2724 0.0000 227.4909 0.4971 4.7939
1.9091 0.0000 102.2435 0.0000 228.0319 0.5069 4.9368
1.4859 0.0000 102.2175 0.0000 228.9553 0.5176 4.8702
1.0687 0.0000 102.2202 0.0000 234.4183 0.5301 4.3283
0.7081 0.0000 102.2127 0.0000 241.3875 0.5434 4.0956
0.4044 0.0000 102.1643 0.0000 247.8655 0.5578 4.2383
0.1118 0.0000 102.1152 0.0000 252.6126 0.5687 4.6097
-0.1994 0.0007 102.0738 0.0000 255.3847 0.5736 5.0431
-0.6029 0.0043 102.0421 0.0000 264.2514 0.5714 5.2420
-0.9018 0.0055 102.0052 25.3874 275.7523 0.5652 5.0340
