1.1786 0.0000 101.6972 167.6798 252.9594 0.6066 6.0255
3.0332 0.0000 101.7231 351.4744 237.6805 0.6150 5.5255
5.4014 0.0000 101.6976 495.7289 240.0561 0.6084 5.2016
7.5298 0.0000 101.6146 585.3422 244.4477 0.5593 4.8496
8.8389 0.0000 101.5009 599.1871 249.4115 0.5205 4.6482
9.5537 0.0000 101.3915 558.9607 249.1686 0.5077 4.7969
9.8684 0.0000 101.3134 441.4242 250.1780 0.5063 5.0479
9.8291 0.0000 101.2678 283.1260 250.4308 0.5086 5.3979
9.2310 0.0000 101.2539 105.8222 249.6405 0.5282 5.7107
8.1195 0.0000 101.2659 3.1659 247.4331 0.5513 6.3710
7.0407 0.0000 101.2956 0.0000 245.5180 0.5630 6.7007
6.1563 0.0000 101.3084 0.0000 246.1264 0.5720 6.6953
5.4550 0.0000 101.3098 0.0000 255.6977 0.5787 6.5990
4.9167 0.0000 101.3262 0.0000 264.8875 0.5854 6.1074
4.5218 0.0000 101.3177 0.0000 271.4100 0.5897 5.9150
4.2404 0.0000 101.2865 0.0000 275.9400 0.5906 5.8935
4.0533 0.0000 101.2562 0.0000 280.7115 0.5892 5.7966
3.9048 0.0000 101.2304 0.0000 283.6257 0.5881 5.6419
3.7642 0.0000 101.1945 0.0000 285.5932 0.5873 5.6632
3.6086 0.0000 101.1511 0.0000 286.3760 0.5881 5.6295
3.4626 0.0000 101.1109 0.0000 284.6069 0.5901 5.6112
3.3491 0.0000 101.0589 0.0000 281.7064 0.5946 5.9035
3.2327 0.0000 101.0484 0.0000 263.5347 0.6023 5.4068
3.1213 0.0000 101.0993 37.5801 250.0215 0.6087 4.1770
