-1.7581 0.0001 102.6179 127.3089 250.4111 0.4951 4.3886
-0.0679 0.0000 102.6414 292.6586 234.4794 0.5080 4.1357
2.4839 0.0000 102.6198 454.6244 227.0441 0.4998 4.1284
4.5065 0.0000 102.5245 554.9493 226.7154 0.4756 3.7799
5.4812 0.0000 102.3989 580.5872 225.6619 0.4685 3.1380
6.1556 0.0000 102.2877 525.3861 228.6816 0.4657 2.7277
6.5853 0.0000 102.1992 409.9979 231.5761 0.4642 2.5596
6.6859 0.0000 102.1560 250.8949 233.6291 0.4647 2.6312
6.4471 0.0000 102.1381 80.5222 234.5717 0.4690 3.0166
5.9853 0.0000 102.1386 0.6610 234.5815 0.4727 3.8509
5.3871 0.0000 102.1409 0.0000 234.2935 0.4747 4.7248
4.7020 0.0000 102.1296 0.0000 233.7033 0.4782 5.2515
4.0499 0.0000 102.1271 0.0000 232.7983 0.4839 5.1886
3.4864 0.0000 102.1463 0.0000 232.1679 0.4915 4.9818
2.9719 0.0000 102.1315 0.0000 231.8489 0.5006 5.2447
2.4308 0.0000 102.1056 0.0000 233.3944 0.5111 5.1997
1.9239 0.0000 102.0973 0.0000 242.4734 0.5217 4.7351
1.5068 0.0000 102.0945 0.0000 250.0147 0.5304 4.6548
1.1606 0.0000 102.0750 0.0000 256.1874 0.5366 4.8271
0.8857 0.0000 102.0163 0.0000 258.7510 0.5409 5.2696
0.6744 0.0000 101.9643 0.0000 259.9238 0.5445 5.7130
0.5785 0.0000 101.9221 0.0000 267.8828 0.5494 5.8855
0.5553 0.0000 101.8789 0.0000 272.7547 0.5561 6.0236
0.5449 0.0000 101.8718 20.5085 272.5495 0.5663 5.5572
