-1.4161 0.0045 101.2911 174.7982 253.1386 0.5156 2.8216
0.4850 0.0003 101.2977 340.4813 243.8315 0.5333 3.1071
3.3168 0.0000 101.2566 497.5412 231.6481 0.5157 3.5424
5.2677 0.0000 101.1523 590.8526 231.5905 0.4863 3.0866
6.3367 0.0000 101.0336 604.7807 232.6113 0.4891 2.4778
7.0600 0.0000 100.9363 554.7897 231.4065 0.4968 2.1383
7.4837 0.0000 100.8655 432.2495 233.4550 0.5023 2.1177
7.5040 0.0000 100.8270 263.2414 234.6079 0.5076 2.3285
7.0571 0.0000 100.8204 80.7459 234.7283 0.5172 2.9958
6.2734 0.0000 100.8369 0.2384 233.9023 0.5243 4.0658
5.4598 0.0000 100.8442 0.0000 233.1042 0.5284 4.6505
4.7001 0.0000 100.8218 0.0000 232.5774 0.5326 4.9656
4.0228 0.0000 100.8069 0.0000 232.1268 0.5363 4.9244
3.4958 0.0000 100.8137 0.0000 231.8710 0.5391 4.5112
3.1293 0.0000 100.8239 0.0000 232.0102 0.5414 4.1450
2.7813 0.0000 100.7971 0.0000 232.7431 0.5425 3.9434
2.4470 0.0000 100.7717 0.0000 233.8745 0.5435 3.8688
2.1476 0.0000 100.7475 0.0000 238.1803 0.5460 3.6507
1.8441 0.0000 100.7215 0.0000 244.2559 0.5495 3.0299
1.5373 0.0000 100.6968 0.0000 254.0848 0.5539 2.5370
1.2683 0.0001 100.6892 0.0000 260.2062 0.5586 2.6050
1.1242 0.0013 100.6776 0.0000 264.6710 0.5633 3.1981
1.0587 0.0036 100.6535 0.0004 265.7183 0.5674 3.9921
1.0570 0.0017 100.6071 44.9904 254.2512 0.5705 4.7655
