-1.4864 0.0005 98.9850 205.7905 228.5337 0.5030 3.3969
0.6964 0.0000 98.9916 396.8517 217.8328 0.5138 3.5010
3.5521 0.0000 98.9552 540.3456 219.2942 0.4825 3.6357
5.4704 0.0000 98.8596 623.1673 222.7965 0.4592 3.0123
6.4545 0.0000 98.7548 630.5186 226.0757 0.4698 2.3272
7.1131 0.0000 98.6677 568.8961 229.1551 0.4833 2.0540
7.5108 0.0000 98.6014 444.9975 231.6056 0.4919 2.2320
7.4740 0.0000 98.5736 274.6957 232.9582 0.4990 2.5634
6.8637 0.0000 98.5715 88.1244 233.1551 0.5122 3.2322
5.8334 0.0000 98.5879 0.4471 232.1829 0.5216 4.0813
4.8739 0.0000 98.5972 0.0000 231.5236 0.5256 4.2695
4.1711 0.0000 98.5769 0.0000 231.5084 0.5292 4.1817
3.6629 0.0000 98.5648 0.0000 231.6061 0.5333 3.8593
3.3403 0.0000 98.5644 0.0000 231.8340 0.5368 3.5234
3.1504 0.0000 98.5659 0.0000 232.4149 0.5399 3.4293
2.9281 0.0000 98.5380 0.0000 235.1515 0.5411 3.4183
2.7376 0.0000 98.5147 0.0000 238.6440 0.5412 3.5173
2.5820 0.0000 98.4826 0.0000 244.5119 0.5411 3.4059
2.4206 0.0000 98.4507 0.0000 256.8017 0.5408 2.7142
2.2677 0.0000 98.4295 0.0000 263.8422 0.5405 1.9652
2.1647 0.0000 98.4166 0.0000 261.5372 0.5401 1.6839
2.2132 0.0000 98.4040 0.0000 265.8269 0.5404 2.1226
2.3484 0.0000 98.3770 0.0000 255.3284 0.5414 3.0554
2.4759 0.0000 98.3334 49.6050 247.0352 0.5423 4.0231
