0.3692 0.0063 103.0067 168.8035 274.7822 0.5923 3.3212
2.0467 0.0005 103.0212 346.7256 257.7444 0.6091 2.9923
4.3074 0.0000 102.9630 531.0921 231.7133 0.6119 2.7750
5.9947 0.0000 102.8516 600.5942 235.5043 0.5759 2.4230
7.2708 0.0000 102.7259 605.2089 236.6479 0.5467 2.0931
8.0399 0.0000 102.6173 537.9983 238.8289 0.5375 2.0003
8.4834 0.0000 102.5446 412.1590 240.1032 0.5346 2.0698
8.5599 0.0000 102.5175 240.8337 241.0405 0.5350 2.1981
8.2749 0.0000 102.5084 63.6243 240.9144 0.5402 2.6206
7.7346 0.0000 102.5329 0.0007 239.7032 0.5491 3.3968
7.1636 0.0000 102.5512 0.0000 238.3229 0.5596 3.9625
6.6434 0.0000 102.5461 0.0000 237.1693 0.5752 4.3621
6.1392 0.0000 102.5184 0.0000 236.3425 0.5995 4.5964
5.6307 0.0000 102.5000 0.0000 235.9289 0.6353 4.5610
5.1409 0.0000 102.5020 0.0000 235.8635 0.6767 4.1073
4.5708 0.0000 102.4901 0.0000 235.9125 0.7087 3.6795
3.9179 0.0000 102.4757 0.0000 235.2914 0.7272 3.3737
3.3154 0.0000 102.4651 0.0000 234.5646 0.7328 3.1026
2.7350 0.0007 102.4235 0.0000 252.3487 0.7198 3.0856
2.0861 0.0023 102.3798 0.0000 273.3464 0.6904 3.0871
1.6224 0.0018 102.3838 0.0000 281.8138 0.6680 3.1301
1.5056 0.0009 102.4263 0.0000 284.3670 0.6573 3.0835
1.5367 0.0006 102.4386 0.1419 274.7701 0.6522 3.0228
1.6766 0.0003 102.4034 55.1550 264.4111 0.6487 2.9891
