-0.4111 0.0075 101.4109 166.2813 265.0181 0.5483 2.3043
1.3941 0.0015 101.4177 340.3476 255.6257 0.5645 2.4216
3.4749 0.0000 101.3704 534.2551 226.9519 0.5618 2.6803
5.4974 0.0000 101.2607 605.2664 231.6726 0.5232 2.4497
6.6424 0.0000 101.1375 611.5273 234.1726 0.5191 2.0947
7.3906 0.0000 101.0385 551.8244 234.9656 0.5236 1.8975
7.8092 0.0000 100.9675 425.8887 237.0035 0.5274 1.9677
7.8537 0.0000 100.9340 255.0920 237.9881 0.5303 2.1797
7.4237 0.0000 100.9276 74.0590 237.9292 0.5368 2.7998
6.6047 0.0000 100.9491 0.0801 237.1897 0.5420 3.7849
5.6968 0.0000 100.9655 0.0000 234.2296 0.5445 4.2531
4.8277 0.0000 100.9587 0.0000 232.5777 0.5470 4.3779
4.1450 0.0000 100.9415 0.0000 231.4493 0.5507 4.1883
3.6824 0.0000 100.9340 0.0000 231.1022 0.5564 3.6418
3.3262 0.0000 100.9367 0.0000 231.2850 0.5653 2.9819
2.8884 0.0000 100.9225 0.0000 231.5943 0.5749 2.5607
2.3811 0.0000 100.9011 0.0000 231.3941 0.5851 2.3193
1.8888 0.0000 100.8810 0.0000 231.9530 0.5949 2.2390
1.4016 0.0000 100.8384 0.0000 232.9582 0.6042 2.1814
0.9135 0.0004 100.8033 0.0000 246.2330 0.6088 2.2013
0.4201 0.0028 100.8129 0.0000 275.9954 0.6016 2.4916
0.1315 0.0056 100.8320 0.0000 281.8269 0.5929 2.5352
-0.0635 0.0142 100.8284 0.0158 285.1725 0.5891 2.4672
-0.0690 0.0084 100.7967 40.7590 277.9949 0.5910 2.5461
