0.2138 0.0063 102.9408 167.9441 273.7460 0.5870 3.3266
1.9119 0.0007 102.9546 339.4385 260.3832 0.6030 3.1333
4.1260 0.0000 102.9041 530.9481 230.4090 0.5994 2.8951
5.7337 0.0000 102.7934 590.8783 236.7850 0.5636 2.4602
6.8648 0.0000 102.6708 589.9244 239.4827 0.5394 2.1079
7.5620 0.0000 102.5667 527.3466 240.2410 0.5323 2.0054
7.9481 0.0000 102.4966 409.8826 238.6815 0.5310 2.0792
7.9881 0.0000 102.4656 239.7461 239.4135 0.5326 2.2005
7.6809 0.0000 102.4565 63.2950 239.1924 0.5382 2.6134
7.1491 0.0000 102.4804 0.0036 237.8967 0.5463 3.3542
6.6105 0.0000 102.4981 0.0000 236.5823 0.5556 3.8862
6.0955 0.0000 102.4891 0.0000 235.5000 0.5697 4.3082
5.5830 0.0000 102.4646 0.0000 234.7747 0.5913 4.6420
5.0488 0.0000 102.4449 0.0000 234.3875 0.6203 4.7289
4.5301 0.0000 102.4494 0.0000 234.3185 0.6502 4.4089
3.9530 0.0000 102.4375 0.0000 234.3335 0.6709 4.0828
3.3387 0.0000 102.4219 0.0000 233.6434 0.6817 3.8822
2.8042 0.0000 102.4068 0.0000 233.0017 0.6841 3.7124
2.3161 0.0003 102.3665 0.0000 241.1519 0.6769 3.6226
1.8215 0.0012 102.3273 0.0000 253.1506 0.6613 3.4948
1.4323 0.0016 102.3319 0.0000 263.0811 0.6478 3.5143
1.3305 0.0015 102.3654 0.0000 270.8398 0.6409 3.4646
1.3895 0.0023 102.3694 0.0978 271.7227 0.6380 3.3391
1.5474 0.0012 102.3348 50.1877 264.3142 0.6364 3.3107
