-1.7594 0.0029 102.8609 160.0761 256.2405 0.5110 3.4655
0.3431 0.0002 102.8752 326.1572 240.2231 0.5310 3.6826
3.1711 0.0000 102.8387 448.4597 238.8953 0.5173 3.9128
4.6833 0.0000 102.7367 548.8788 236.3291 0.4972 3.2074
5.6700 0.0000 102.6184 587.2320 230.1176 0.4931 2.5324
6.3793 0.0000 102.5099 537.3031 229.1452 0.4954 2.1583
6.8522 0.0000 102.4287 418.1925 230.6598 0.4959 2.0122
6.9420 0.0000 102.3871 251.7109 232.0246 0.4991 2.1185
6.6759 0.0000 102.3780 74.6752 232.7738 0.5064 2.5855
6.2234 0.0000 102.3880 0.1470 232.8036 0.5148 3.5777
5.6683 0.0000 102.3912 0.0000 232.8047 0.5222 4.6050
5.0037 0.0000 102.3708 0.0000 232.3336 0.5286 5.5135
4.2819 0.0000 102.3495 0.0000 231.7279 0.5343 5.9290
3.6383 0.0000 102.3621 0.0000 231.2892 0.5395 5.6592
3.1369 0.0000 102.3800 0.0000 231.1431 0.5438 5.2791
2.6719 0.0000 102.3524 0.0000 231.1359 0.5466 5.2959
2.2028 0.0000 102.3215 0.0000 230.7029 0.5496 5.2109
1.7563 0.0000 102.3185 0.0000 234.4205 0.5556 4.5959
1.3546 0.0000 102.3096 0.0000 243.1618 0.5633 4.0616
0.9951 0.0001 102.2749 0.0000 252.6588 0.5722 4.1580
0.6408 0.0008 102.2464 0.0000 259.3518 0.5829 4.5784
0.3771 0.0011 102.2187 0.0000 265.9576 0.5926 5.1572
0.0979 0.0018 102.1861 0.0000 275.3397 0.5965 5.5974
-0.0175 0.0022 102.1429 26.8312 281.6214 0.5980 5.7514
