-1.2706 0.0028 99.9938 122.7509 263.9743 0.5182 4.1893
0.2979 0.0001 100.0187 321.3903 228.9855 0.5217 4.1307
2.4227 0.0000 99.9934 476.4286 225.9032 0.5141 4.1912
4.2573 0.0000 99.9070 565.5365 229.0086 0.4972 3.8609
5.4580 0.0000 99.7895 589.8930 230.1318 0.4886 3.3207
6.3109 0.0000 99.6778 538.1175 234.1837 0.4875 3.1684
6.7850 0.0000 99.5942 421.0349 238.0953 0.4896 3.2096
6.8152 0.0000 99.5585 264.7350 239.3225 0.4931 3.3532
6.2951 0.0000 99.5436 93.5926 238.6189 0.5025 3.8524
5.3553 0.0000 99.5499 1.9280 236.3703 0.5113 4.7169
4.4904 0.0000 99.5669 0.0000 233.6481 0.5101 4.7418
3.8546 0.0000 99.5781 0.0000 231.6795 0.5074 3.9963
3.4066 0.0000 99.5887 0.0000 231.2526 0.5042 3.2934
3.0662 0.0000 99.5826 0.0000 235.6966 0.5012 2.9508
2.7931 0.0000 99.5679 0.0000 242.5629 0.5001 2.6734
2.6062 0.0000 99.5390 0.0000 253.2955 0.5009 2.3729
2.5058 0.0000 99.5158 0.0000 259.8402 0.5031 2.1967
2.4392 0.0000 99.4945 0.0000 264.7724 0.5066 2.2086
2.3365 0.0000 99.4622 0.0000 268.9366 0.5112 2.4773
2.1502 0.0000 99.4164 0.0000 274.7183 0.5170 2.8357
1.9229 0.0000 99.3757 0.0000 277.8763 0.5236 2.9333
1.6958 0.0000 99.3295 0.0000 279.9583 0.5300 3.2877
1.4251 0.0000 99.3009 0.0000 278.7905 0.5365 3.5464
1.3704 0.0000 99.3339 17.2605 278.4472 0.5419 2.7021
