-0.3900 0.0012 97.9498 150.1276 244.4805 0.5142 4.7094
1.5932 0.0001 97.9859 309.0700 241.4369 0.5221 3.9103
3.9917 0.0000 97.9763 458.8160 239.7924 0.5235 2.6343
6.2139 0.0000 97.9144 568.5141 235.6859 0.4840 2.2278
7.4043 0.0000 97.8031 591.4516 238.2907 0.4759 2.4666
8.1497 0.0000 97.6944 545.7621 240.1181 0.4801 2.5655
8.6267 0.0000 97.6079 430.4558 242.2951 0.4853 2.5697
8.6764 0.0000 97.5661 276.4657 242.5281 0.4928 2.4881
8.2351 0.0000 97.5441 103.4463 241.7933 0.5040 2.6248
7.3604 0.0000 97.5526 3.2572 240.6057 0.5163 3.0227
6.3415 0.0000 97.5886 0.0000 239.9752 0.5226 2.8793
5.5159 0.0000 97.6143 0.0000 240.1507 0.5253 2.5848
4.9647 0.0000 97.6313 0.0000 247.1216 0.5246 2.6158
4.6273 0.0000 97.6415 0.0000 259.4718 0.5241 2.5744
4.4084 0.0000 97.6277 0.0000 264.4759 0.5262 2.6999
4.2492 0.0000 97.6022 0.0000 269.8026 0.5301 2.7907
4.1749 0.0000 97.5796 0.0000 272.0739 0.5336 2.6965
4.1483 0.0000 97.5629 0.0000 277.4169 0.5350 2.4391
4.1574 0.0000 97.5235 0.0000 281.4424 0.5344 2.0790
4.1497 0.0000 97.4732 0.0000 284.1434 0.5339 1.7283
4.1202 0.0000 97.4067 0.0000 286.3902 0.5330 1.5537
4.0965 0.0000 97.3309 0.0000 288.1998 0.5326 2.8755
4.0217 0.0000 97.3403 0.0000 285.2484 0.5332 2.7432
3.9080 0.0004 97.3960 16.0669 281.7791 0.5347 1.9761
