-0.6789 0.0065 101.5402 168.4598 264.1608 0.5411 2.3414
1.0781 0.0011 101.5481 341.0050 253.7807 0.5589 2.4897
3.2796 0.0000 101.5051 520.7515 229.9365 0.5556 2.8130
5.1968 0.0000 101.3975 590.9528 234.2100 0.5199 2.5172
6.2909 0.0000 101.2760 603.8096 234.7372 0.5149 2.1030
7.0088 0.0000 101.1785 547.4927 234.5463 0.5184 1.8735
7.4118 0.0000 101.1077 424.8707 235.5942 0.5216 1.9066
7.4495 0.0000 101.0723 254.7203 236.4726 0.5246 2.0953
7.0417 0.0000 101.0657 73.9740 236.2930 0.5308 2.7021
6.2738 0.0000 101.0854 0.0806 234.8650 0.5359 3.6910
5.4333 0.0000 101.0989 0.0000 233.1201 0.5385 4.1911
4.6450 0.0000 101.0874 0.0000 231.7648 0.5408 4.3934
4.0278 0.0000 101.0682 0.0000 230.9107 0.5441 4.3207
3.5935 0.0000 101.0631 0.0000 230.7454 0.5499 3.8862
3.2485 0.0000 101.0689 0.0000 231.0815 0.5590 3.3245
2.8291 0.0000 101.0524 0.0000 231.5194 0.5691 2.9696
2.3465 0.0000 101.0301 0.0000 231.4095 0.5794 2.8000
1.8799 0.0000 101.0075 0.0000 232.1394 0.5895 2.7335
1.4193 0.0000 100.9704 0.0000 233.4304 0.5990 2.5284
0.9626 0.0004 100.9398 0.0000 246.7969 0.6035 2.3490
0.5122 0.0025 100.9458 0.0000 272.7968 0.5982 2.5032
0.2671 0.0046 100.9570 0.0000 279.0299 0.5927 2.6358
0.1187 0.0100 100.9479 0.0082 280.7704 0.5917 2.8095
0.1091 0.0055 100.9121 42.0637 272.7573 0.5941 3.1100
