-1.1044 0.0007 102.6448 117.3778 261.5627 0.5216 4.1572
0.4930 0.0000 102.6684 282.9466 239.6737 0.5264 4.1447
2.6434 0.0000 102.6419 450.6751 230.8902 0.5150 4.2377
4.5694 0.0000 102.5466 556.8860 228.8004 0.4908 3.9929
5.5937 0.0000 102.4233 582.1469 228.2970 0.4844 3.4202
6.3293 0.0000 102.3072 529.4026 231.1299 0.4810 3.0459
6.7522 0.0000 102.2211 414.1912 234.2644 0.4805 2.9105
6.8608 0.0000 102.1755 255.0873 236.4824 0.4805 2.9474
6.6213 0.0000 102.1599 83.9521 237.5709 0.4845 3.2571
6.1828 0.0000 102.1604 0.9576 237.4207 0.4878 3.9955
5.6764 0.0000 102.1628 0.0000 236.7986 0.4882 4.6386
5.1151 0.0000 102.1540 0.0000 235.7585 0.4908 4.8308
4.5624 0.0000 102.1589 0.0000 234.6767 0.4964 4.5043
4.0533 0.0000 102.1682 0.0000 233.9147 0.5040 4.2978
3.5385 0.0000 102.1534 0.0000 233.7415 0.5135 4.4658
2.9998 0.0000 102.1301 0.0000 238.4345 0.5244 4.2476
2.5085 0.0000 102.1145 0.0000 249.1252 0.5346 3.8399
2.0907 0.0000 102.1091 0.0000 255.8689 0.5434 3.7380
1.7117 0.0000 102.0848 0.0000 260.7301 0.5510 3.9377
1.3654 0.0000 102.0331 0.0000 264.1117 0.5575 4.4191
1.0709 0.0000 101.9836 0.0000 269.2172 0.5631 4.8499
0.8968 0.0000 101.9438 0.0000 273.9929 0.5681 5.0952
0.8014 0.0000 101.9006 0.0000 276.5932 0.5730 5.3721
0.7564 0.0000 101.9037 21.7305 272.2070 0.5793 4.8179
