-0.9339 0.0008 102.7489 129.3250 263.8425 0.5299 4.6016
0.7973 0.0000 102.7698 293.8827 243.1696 0.5382 4.5435
2.9733 0.0000 102.7359 452.9945 235.6072 0.5224 4.5719
4.7319 0.0000 102.6389 565.7348 231.0224 0.4943 4.1110
5.7673 0.0000 102.5204 594.2400 228.8694 0.4880 3.4956
6.5003 0.0000 102.4093 541.4067 230.0220 0.4882 3.1207
6.9222 0.0000 102.3260 423.5091 232.1573 0.4890 3.0118
7.0396 0.0000 102.2818 259.9320 234.2329 0.4890 3.0864
6.7596 0.0000 102.2709 83.3544 235.5566 0.4956 3.4532
6.2748 0.0000 102.2714 0.6128 235.8296 0.5010 4.2710
5.7578 0.0000 102.2729 0.0000 235.8485 0.5040 5.0340
5.1995 0.0000 102.2560 0.0000 235.6622 0.5116 5.4674
4.6241 0.0000 102.2505 0.0000 235.2289 0.5233 5.3334
4.0675 0.0000 102.2675 0.0000 234.7290 0.5356 5.0055
3.5217 0.0000 102.2618 0.0000 234.3952 0.5465 5.1319
2.9485 0.0000 102.2311 0.0000 235.1421 0.5553 5.1744
2.4261 0.0000 102.2106 0.0000 242.2215 0.5615 4.7443
2.0240 0.0000 102.2074 0.0000 251.2952 0.5658 4.3405
1.6983 0.0000 102.1871 0.0000 257.7666 0.5681 4.4131
1.4012 0.0000 102.1452 0.0000 261.1237 0.5688 4.8108
1.1453 0.0000 102.1072 0.0000 265.2453 0.5693 5.3270
1.0202 0.0000 102.0746 0.0000 269.8119 0.5713 5.6086
0.9953 0.0000 102.0361 0.0000 271.7323 0.5756 5.8828
1.0043 0.0000 102.0058 27.2039 268.0513 0.5818 5.5774
