-1.4442 0.0037 99.5670 187.6587 252.8037 0.5107 2.3615
0.5069 0.0002 99.5745 377.5042 233.4258 0.5281 2.7745
2.9044 0.0000 99.5380 532.6457 224.6293 0.5184 3.1459
5.0009 0.0000 99.4356 623.5413 223.5153 0.4882 2.7395
6.1777 0.0000 99.3194 627.3337 227.8291 0.4924 2.1390
6.9396 0.0000 99.2268 562.8836 231.1222 0.5032 1.7363
7.3940 0.0000 99.1614 437.3429 233.5568 0.5108 1.6932
7.4571 0.0000 99.1285 266.0324 235.0699 0.5170 1.8926
7.0561 0.0000 99.1266 81.2439 235.5847 0.5255 2.4976
6.2697 0.0000 99.1430 0.2110 234.1775 0.5315 3.4458
5.3402 0.0000 99.1542 0.0000 232.4567 0.5349 3.8658
4.3846 0.0000 99.1413 0.0000 231.2141 0.5370 4.0141
3.5524 0.0000 99.1298 0.0000 230.2760 0.5384 3.9096
2.9398 0.0000 99.1281 0.0000 229.8427 0.5396 3.5566
2.5132 0.0000 99.1358 0.0000 229.9356 0.5411 3.1963
2.0965 0.0000 99.1154 0.0000 230.3420 0.5413 2.8537
1.6890 0.0000 99.0939 0.0000 230.8475 0.5405 2.6639
1.3407 0.0000 99.0674 0.0000 233.7778 0.5395 2.6363
1.0137 0.0000 99.0255 0.0000 238.3590 0.5388 2.3506
0.7265 0.0000 98.9968 0.0000 254.7424 0.5387 1.9232
0.5317 0.0000 98.9993 0.0000 258.1780 0.5394 1.8705
0.4981 0.0000 98.9956 0.0000 252.0273 0.5419 2.1978
0.4643 0.0000 98.9848 0.0035 255.2122 0.5471 2.6922
0.3607 0.0012 98.9425 55.4599 243.2243 0.5518 3.3794
