-1.4294 0.0011 99.7060 196.9203 234.3368 0.5075 3.3923
0.6799 0.0001 99.7127 378.2582 224.6711 0.5193 3.5231
3.5260 0.0000 99.6748 527.2379 222.7634 0.4902 3.7119
5.4419 0.0000 99.5775 614.2235 224.9278 0.4655 3.1286
6.4489 0.0000 99.4681 623.8921 227.6116 0.4738 2.4575
7.1225 0.0000 99.3778 565.1535 229.7437 0.4855 2.1696
7.5248 0.0000 99.3099 441.9562 232.0359 0.4932 2.2966
7.5027 0.0000 99.2790 272.2593 233.3524 0.4999 2.5979
6.9352 0.0000 99.2753 86.7806 233.5742 0.5125 3.2602
5.9852 0.0000 99.2915 0.4148 232.7371 0.5216 4.1564
5.0973 0.0000 99.2994 0.0000 232.2052 0.5260 4.4516
4.4092 0.0000 99.2774 0.0000 232.2106 0.5306 4.4829
3.8612 0.0000 99.2653 0.0000 232.2531 0.5354 4.2311
3.4731 0.0000 99.2681 0.0000 232.3579 0.5393 3.8687
3.2265 0.0000 99.2711 0.0000 232.7873 0.5422 3.7243
2.9671 0.0000 99.2432 0.0000 234.9566 0.5433 3.6924
2.7423 0.0000 99.2185 0.0000 238.0599 0.5433 3.7530
2.5572 0.0000 99.1895 0.0000 244.1287 0.5434 3.5797
2.3696 0.0000 99.1607 0.0000 255.0840 0.5433 2.8884
2.1848 0.0000 99.1378 0.0000 263.0258 0.5434 2.2273
2.0444 0.0000 99.1249 0.0000 261.4658 0.5435 2.0700
2.0563 0.0000 99.1107 0.0000 265.3141 0.5445 2.5762
2.1741 0.0000 99.0837 0.0000 257.6873 0.5465 3.4769
2.2995 0.0000 99.0386 48.3625 246.9380 0.5485 4.3794
