-1.2990 0.0032 102.9033 173.7224 261.0400 0.5328 2.7783
0.5953 0.0005 102.9169 359.1005 242.3582 0.5599 2.7683
3.1445 0.0000 102.8802 512.9246 230.3285 0.5590 2.8976
4.4834 0.0000 102.7772 554.9330 240.2581 0.5389 2.4017
5.2680 0.0000 102.6636 567.1787 239.2458 0.5290 1.8816
5.8609 0.0000 102.5692 523.8888 234.7854 0.5239 1.6127
6.2084 0.0000 102.4952 408.6343 232.9945 0.5212 1.5380
6.2804 0.0000 102.4557 241.2697 233.3939 0.5196 1.5690
6.0346 0.0000 102.4465 65.5411 233.1344 0.5223 1.8581
5.6376 0.0000 102.4630 0.0095 232.1899 0.5265 2.4579
5.2722 0.0000 102.4734 0.0000 231.4855 0.5308 3.0230
4.9513 0.0000 102.4530 0.0000 231.1334 0.5377 3.6454
4.6472 0.0000 102.4249 0.0000 231.2168 0.5497 4.1943
4.2706 0.0000 102.4124 0.0000 231.5459 0.5692 4.4071
3.8190 0.0000 102.4252 0.0000 232.0208 0.5933 4.2414
3.2434 0.0000 102.4120 0.0000 232.3871 0.6155 4.1471
2.6014 0.0000 102.3890 0.0000 232.0470 0.6324 4.3153
1.9903 0.0000 102.3639 0.0000 231.6739 0.6444 4.4296
1.4098 0.0001 102.3444 0.0000 238.3412 0.6488 3.9708
0.8185 0.0012 102.3218 0.0000 259.5232 0.6399 3.4677
0.2843 0.0054 102.3184 0.0000 279.1644 0.6233 3.4782
0.0281 0.0053 102.3222 0.0000 287.9055 0.6112 3.5272
0.0458 0.0040 102.3011 0.0022 286.8576 0.6084 3.6772
0.2726 0.0013 102.2648 35.6518 279.4396 0.6125 3.8966
