-1.4566 0.0033 98.9902 129.2692 260.0014 0.5104 4.4333
0.1411 0.0002 99.0170 328.1908 227.4255 0.5151 4.2555
2.2494 0.0000 98.9935 479.5411 225.9262 0.5119 4.1491
4.1072 0.0000 98.9114 569.6226 228.3549 0.4963 3.6179
5.4171 0.0000 98.7969 594.3476 229.6732 0.4847 3.0404
6.3110 0.0000 98.6883 541.7800 234.1394 0.4847 2.9611
6.8255 0.0000 98.6063 423.6553 238.2411 0.4874 3.0293
6.8617 0.0000 98.5716 267.8480 239.1011 0.4921 3.1895
6.2888 0.0000 98.5551 96.0415 238.0465 0.5027 3.7391
5.1948 0.0000 98.5629 2.1553 235.4870 0.5125 4.6814
4.1630 0.0000 98.5859 0.0000 232.4280 0.5117 4.6461
3.4351 0.0000 98.6011 0.0000 230.3863 0.5084 3.8026
2.9651 0.0000 98.6123 0.0000 230.3657 0.5041 3.1110
2.6493 0.0000 98.6069 0.0000 237.6473 0.4997 2.7303
2.4504 0.0000 98.5922 0.0000 245.4196 0.4971 2.4330
2.3759 0.0000 98.5604 0.0000 255.6275 0.4965 2.1980
2.4046 0.0000 98.5377 0.0000 261.4113 0.4975 2.1005
2.4684 0.0000 98.5133 0.0000 265.9822 0.5000 2.1833
2.4917 0.0000 98.4800 0.0000 270.9041 0.5036 2.4861
2.4121 0.0000 98.4352 0.0000 276.0407 0.5082 2.7924
2.2624 0.0000 98.3942 0.0000 278.7391 0.5133 2.8165
2.0577 0.0000 98.3447 0.0000 280.9363 0.5182 3.2059
1.7421 0.0000 98.3227 0.0000 279.3239 0.5235 3.4357
1.6556 0.0000 98.3598 16.5037 279.3620 0.5282 2.5047
