-0.4929 0.0050 103.0304 169.3191 269.0681 0.5677 3.4163
1.6304 0.0007 103.0450 345.8925 253.2708 0.5913 3.4884
3.9322 0.0001 102.9994 530.3896 227.2302 0.5809 3.1333
5.2981 0.0000 102.8927 586.0619 234.1073 0.5557 2.5527
6.2201 0.0000 102.7749 569.0424 241.0905 0.5407 2.1010
6.8434 0.0000 102.6781 513.8413 239.4614 0.5359 1.8858
7.1783 0.0000 102.6082 400.7177 236.7154 0.5364 1.8568
7.1883 0.0000 102.5732 233.1002 237.0068 0.5397 1.8847
6.9071 0.0000 102.5673 59.4274 237.1237 0.5455 2.1515
6.4939 0.0000 102.5904 0.0008 236.8715 0.5538 2.7462
6.0724 0.0000 102.6075 0.0000 236.5584 0.5650 3.3186
5.6008 0.0000 102.5937 0.0000 235.0124 0.5809 3.9697
5.0487 0.0000 102.5719 0.0000 233.0969 0.6020 4.6881
4.4122 0.0000 102.5514 0.0000 232.4476 0.6237 5.2188
3.8004 0.0000 102.5573 0.0000 232.0153 0.6397 5.2110
3.2046 0.0000 102.5519 0.0000 231.6503 0.6455 4.9503
2.6632 0.0000 102.5330 0.0000 230.7543 0.6440 4.8427
2.2507 0.0000 102.5106 0.0000 230.0570 0.6384 4.8471
1.9198 0.0000 102.4724 0.0000 230.4318 0.6322 4.6441
1.6350 0.0002 102.4411 0.0000 233.6047 0.6269 4.2420
1.3748 0.0009 102.4444 0.0000 237.5630 0.6226 4.1984
1.3253 0.0008 102.4626 0.0000 246.8010 0.6203 4.1761
1.4615 0.0006 102.4545 0.0502 260.2780 0.6201 4.0201
1.6818 0.0002 102.4192 45.1657 259.4050 0.6206 4.0257
