-0.8213 0.0001 100.0000 179.1183 245.1211 0.5287 4.3272
1.4853 0.0000 100.0088 399.1000 215.8130 0.5352 4.1292
4.3693 0.0000 99.9745 542.5551 219.2146 0.5070 4.1356
6.3778 0.0000 99.8869 620.4289 225.3507 0.4766 3.5654
7.4589 0.0000 99.7774 629.3776 229.4103 0.4719 3.0429
8.0974 0.0000 99.6839 569.9228 232.7241 0.4772 2.9890
8.3476 0.0000 99.6108 445.5151 235.8542 0.4864 3.2705
8.2027 0.0000 99.5830 277.3968 237.5775 0.4963 3.5666
7.5334 0.0000 99.5746 93.1461 238.6051 0.5138 4.1650
6.4615 0.0000 99.5890 0.9967 238.2163 0.5269 4.9705
5.4280 0.0000 99.5929 0.0000 237.2142 0.5313 5.1791
4.6225 0.0000 99.5887 0.0000 236.0767 0.5348 4.8120
4.0666 0.0000 99.5863 0.0000 235.2232 0.5378 4.1038
3.6962 0.0000 99.5859 0.0000 236.1896 0.5402 3.5776
3.4479 0.0000 99.5799 0.0000 239.8704 0.5426 3.2161
3.2767 0.0000 99.5537 0.0000 244.9265 0.5446 2.9261
3.1599 0.0000 99.5234 0.0000 253.3831 0.5461 2.7239
3.0715 0.0000 99.4979 0.0000 260.5824 0.5476 2.4288
2.9207 0.0000 99.4723 0.0000 268.2340 0.5489 1.9846
2.7121 0.0000 99.4493 0.0000 268.6303 0.5498 1.8080
2.5299 0.0000 99.4208 0.0000 271.1278 0.5504 2.1434
2.5336 0.0000 99.4063 0.0000 271.7751 0.5518 2.5958
2.7191 0.0000 99.3638 0.0000 261.9441 0.5532 3.2722
2.9904 0.0000 99.3346 33.7561 269.8832 0.5547 3.4012
