-0.2000 0.0004 99.9948 176.0329 252.1186 0.5627 5.1851
1.9362 0.0000 100.0170 394.3111 218.9619 0.5790 4.6847
4.6965 0.0000 99.9890 533.0815 224.4387 0.5677 4.4758
6.9203 0.0000 99.9053 612.2256 231.6100 0.5199 4.0042
8.1181 0.0000 99.7989 622.5344 237.1951 0.5038 3.7055
8.8104 0.0000 99.6977 566.4704 241.1416 0.5026 3.8739
9.0731 0.0000 99.6281 443.3176 244.5274 0.5067 4.1763
8.9440 0.0000 99.5901 280.5164 245.8979 0.5109 4.5195
8.2771 0.0000 99.5806 100.9332 245.6264 0.5266 4.9475
7.1708 0.0000 99.5891 2.1431 243.2467 0.5403 5.7060
6.0901 0.0000 99.6068 0.0000 240.3588 0.5435 6.0040
5.1904 0.0000 99.6140 0.0000 238.1242 0.5459 5.6077
4.5058 0.0000 99.6142 0.0000 239.7096 0.5469 5.3676
3.9978 0.0000 99.6237 0.0000 249.7352 0.5484 4.9635
3.6443 0.0000 99.6166 0.0000 255.2937 0.5496 4.5343
3.4045 0.0000 99.5928 0.0000 264.8168 0.5498 4.3461
3.2568 0.0000 99.5628 0.0000 270.3035 0.5504 4.2419
3.1442 0.0000 99.5333 0.0000 274.9221 0.5523 4.1348
3.0193 0.0000 99.5074 0.0000 278.2041 0.5545 4.0942
2.8752 0.0000 99.4634 0.0000 280.2390 0.5570 4.2946
2.6957 0.0000 99.4313 0.0000 281.5562 0.5599 4.4450
2.6086 0.0000 99.4002 0.0000 279.2782 0.5640 4.7885
2.6407 0.0000 99.3652 0.0000 277.1753 0.5692 4.9710
2.7211 0.0000 99.3909 36.7065 258.5371 0.5736 4.0092
