-1.1587 0.0018 103.1208 175.0622 253.1453 0.5325 3.2839
1.5053 0.0003 103.1302 379.2998 222.1819 0.5533 3.2136
3.5851 0.0001 103.0920 508.0473 224.3116 0.5448 2.7356
4.5645 0.0001 102.9921 572.5221 228.1221 0.5376 2.1898
5.2442 0.0001 102.8767 572.8270 229.8768 0.5375 1.8001
5.7437 0.0001 102.7836 504.7185 232.4933 0.5383 1.4911
5.9873 0.0001 102.7135 376.8254 235.5992 0.5398 1.2944
5.9148 0.0001 102.6794 215.7814 235.1068 0.5419 1.2821
5.5523 0.0001 102.6730 52.7047 234.8172 0.5448 1.6371
5.0320 0.0002 102.6969 0.0000 237.0763 0.5491 2.3000
4.4632 0.0002 102.7126 0.0000 242.8087 0.5554 2.8201
3.8701 0.0001 102.7035 0.0000 240.8985 0.5631 3.4369
3.2576 0.0000 102.6828 0.0000 233.3438 0.5720 4.1882
2.6121 0.0000 102.6654 0.0000 228.3741 0.5809 4.8061
2.0084 0.0000 102.6712 0.0000 226.6665 0.5857 4.9572
1.4856 0.0000 102.6805 0.0000 225.4909 0.5860 4.5696
1.0724 0.0000 102.6617 0.0000 224.7323 0.5822 4.2381
0.7477 0.0000 102.6283 0.0000 224.3297 0.5757 4.1686
0.5031 0.0000 102.6066 0.0000 225.4441 0.5694 3.6141
0.3384 0.0002 102.5854 0.0000 231.4566 0.5651 2.8610
0.2374 0.0007 102.5622 0.0000 236.2700 0.5615 2.6987
0.3161 0.0009 102.5371 0.0000 247.2411 0.5590 2.8172
0.4795 0.0012 102.5135 0.0011 237.5524 0.5579 3.1337
0.6545 0.0010 102.4793 49.5280 238.5587 0.5584 3.4557
