-0.0372 0.0005 100.6498 173.1143 251.3507 0.5667 5.3878
2.0135 0.0000 100.6714 387.4711 220.2415 0.5792 4.9166
4.6977 0.0000 100.6424 527.0938 225.2580 0.5662 4.7800
6.8626 0.0000 100.5564 606.8449 232.3319 0.5182 4.3965
8.0218 0.0000 100.4482 617.9667 237.6972 0.5000 4.1101
8.6890 0.0000 100.3464 562.7243 241.3449 0.4976 4.2326
8.9439 0.0000 100.2739 440.3980 244.5576 0.5014 4.4851
8.8177 0.0000 100.2346 278.6699 245.7729 0.5063 4.8054
8.1472 0.0000 100.2241 100.2458 245.4422 0.5242 5.2326
7.0388 0.0000 100.2326 2.1764 243.0267 0.5405 6.0434
6.0177 0.0000 100.2487 0.0000 240.2115 0.5446 6.3723
5.2003 0.0000 100.2577 0.0000 238.1558 0.5476 5.9681
4.5703 0.0000 100.2577 0.0000 240.2652 0.5492 5.7077
4.0839 0.0000 100.2674 0.0000 249.8850 0.5513 5.2686
3.7290 0.0000 100.2593 0.0000 256.4093 0.5529 4.8191
3.4688 0.0000 100.2336 0.0000 264.6637 0.5534 4.5885
3.2846 0.0000 100.2047 0.0000 270.1796 0.5537 4.4598
3.1284 0.0000 100.1776 0.0000 274.6682 0.5549 4.3631
2.9581 0.0000 100.1506 0.0000 277.7256 0.5567 4.3828
2.7610 0.0000 100.1065 0.0000 280.3746 0.5591 4.5824
2.5525 0.0000 100.0726 0.0000 281.6035 0.5623 4.7066
2.4398 0.0000 100.0371 0.0000 280.0745 0.5669 4.9990
2.4623 0.0000 100.0011 0.0000 277.3287 0.5728 5.0732
2.5506 0.0000 100.0293 34.1268 260.4664 0.5777 4.0234
