-0.5997 0.0002 100.7905 167.5874 251.0141 0.5399 4.5881
1.4978 0.0000 100.8029 387.7136 217.7367 0.5480 4.3183
4.3655 0.0000 100.7720 531.9361 220.5687 0.5188 4.3951
6.3889 0.0000 100.6790 612.7213 226.5049 0.4826 3.9831
7.4470 0.0000 100.5679 623.5184 230.1565 0.4754 3.5583
8.0791 0.0000 100.4732 565.4511 233.6171 0.4778 3.5524
8.2967 0.0000 100.3995 440.3132 236.9995 0.4856 3.7914
8.1242 0.0000 100.3670 274.1918 239.1199 0.4944 4.0359
7.4042 0.0000 100.3578 93.1823 240.0547 0.5138 4.5837
6.2948 0.0000 100.3682 1.1956 239.0852 0.5293 5.3928
5.2952 0.0000 100.3749 0.0000 237.4792 0.5340 5.6214
4.5621 0.0000 100.3701 0.0000 235.9955 0.5373 5.2054
4.0448 0.0000 100.3708 0.0000 234.9763 0.5400 4.5093
3.6531 0.0000 100.3747 0.0000 236.8729 0.5423 4.0646
3.3365 0.0000 100.3675 0.0000 242.2623 0.5449 3.6710
3.0804 0.0000 100.3400 0.0000 247.5443 0.5471 3.2856
2.8870 0.0000 100.3104 0.0000 256.1733 0.5489 2.9223
2.7399 0.0000 100.2900 0.0000 262.9799 0.5507 2.6640
2.5501 0.0000 100.2646 0.0000 267.5367 0.5529 2.4699
2.3240 0.0000 100.2380 0.0000 270.1044 0.5550 2.6025
2.1427 0.0000 100.2047 0.0000 273.0961 0.5571 2.9340
2.1611 0.0000 100.1817 0.0000 274.3523 0.5598 3.2572
2.3788 0.0000 100.1348 0.0000 269.3376 0.5622 3.7460
2.6721 0.0000 100.1155 27.6193 275.8223 0.5647 3.4343
