-0.7983 0.0022 103.1156 174.4208 254.9995 0.5431 3.4001
1.8253 0.0003 103.1262 376.5335 224.6911 0.5587 3.2727
3.7022 0.0001 103.0868 507.4854 225.5470 0.5504 2.7975
4.6364 0.0001 102.9882 573.2388 228.7590 0.5442 2.2883
5.2892 0.0001 102.8743 572.5767 230.6971 0.5444 1.9162
5.7699 0.0001 102.7813 505.2763 232.7985 0.5447 1.6146
5.9886 0.0001 102.7124 375.7905 236.3636 0.5460 1.4191
5.9026 0.0001 102.6783 214.3795 235.8899 0.5477 1.4049
5.5142 0.0002 102.6733 51.6361 236.2326 0.5510 1.8126
4.9333 0.0003 102.6971 0.0000 239.4592 0.5561 2.5521
4.2980 0.0003 102.7153 0.0000 244.8563 0.5619 3.0652
3.6671 0.0001 102.7073 0.0000 242.8808 0.5679 3.6185
3.0614 0.0000 102.6865 0.0000 234.9760 0.5739 4.2866
2.4701 0.0000 102.6690 0.0000 228.3135 0.5793 4.8379
1.9563 0.0000 102.6735 0.0000 226.5286 0.5820 4.9308
1.5242 0.0000 102.6815 0.0000 225.3562 0.5816 4.4807
1.1851 0.0000 102.6640 0.0000 224.6142 0.5781 4.0889
0.9241 0.0000 102.6305 0.0000 224.2308 0.5726 4.0399
0.7215 0.0000 102.6039 0.0000 225.0854 0.5673 3.6008
0.5709 0.0002 102.5827 0.0000 230.0472 0.5639 2.8787
0.4642 0.0005 102.5621 0.0000 234.7097 0.5608 2.6981
0.5319 0.0007 102.5383 0.0000 244.8879 0.5588 2.7886
0.6950 0.0009 102.5158 0.0016 237.7169 0.5583 3.0447
0.8771 0.0007 102.4815 51.5916 236.7378 0.5593 3.3619
