-1.4173 0.0005 102.6158 118.2212 258.1103 0.5106 4.0537
0.2373 0.0000 102.6417 284.0132 237.1096 0.5178 4.0373
2.5328 0.0000 102.6162 448.0780 229.1894 0.5090 4.1117
4.5385 0.0000 102.5209 551.2445 228.1250 0.4868 3.8525
5.5509 0.0000 102.3954 576.1466 227.9063 0.4800 3.2587
6.2503 0.0000 102.2802 523.1056 231.1307 0.4766 2.8644
6.6848 0.0000 102.1919 409.7542 234.0168 0.4744 2.6947
6.7889 0.0000 102.1485 252.0969 236.0547 0.4743 2.7397
6.5451 0.0000 102.1296 82.6598 236.9990 0.4782 3.0866
6.0974 0.0000 102.1301 0.9267 236.8335 0.4812 3.8803
5.5581 0.0000 102.1325 0.0000 236.2234 0.4817 4.6107
4.9559 0.0000 102.1249 0.0000 235.1609 0.4840 4.9035
4.3623 0.0000 102.1279 0.0000 234.0430 0.4883 4.6809
3.8239 0.0000 102.1378 0.0000 233.3456 0.4944 4.5091
3.2997 0.0000 102.1230 0.0000 233.3136 0.5025 4.6313
2.7715 0.0000 102.1034 0.0000 238.5599 0.5127 4.3380
2.2990 0.0000 102.0897 0.0000 248.2868 0.5230 3.9639
1.8898 0.0000 102.0830 0.0000 254.5555 0.5327 3.8870
1.5206 0.0000 102.0595 0.0000 260.1445 0.5410 4.0873
1.1882 0.0000 102.0025 0.0000 262.4713 0.5480 4.5607
0.9026 0.0000 101.9520 0.0000 266.5481 0.5544 4.9844
0.7285 0.0000 101.9123 0.0000 272.9316 0.5609 5.2232
0.6345 0.0000 101.8668 0.0000 276.2857 0.5671 5.4434
0.5865 0.0001 101.8750 19.9497 273.2811 0.5747 4.9246
