-0.1496 0.0013 100.9793 161.2735 247.5456 0.5552 6.5154
1.6146 0.0001 101.0065 357.0355 226.3300 0.5568 6.1622
3.8631 0.0000 100.9763 503.7638 227.4665 0.5486 5.8692
5.8166 0.0000 100.8935 586.8918 232.8500 0.5209 5.1762
7.2009 0.0000 100.7785 601.5497 237.7897 0.5018 4.4819
8.1240 0.0000 100.6650 549.5919 241.6896 0.4995 4.2521
8.6603 0.0000 100.5801 431.3738 244.8222 0.5028 4.1773
8.7801 0.0000 100.5331 273.9003 246.1253 0.5090 4.3135
8.3059 0.0000 100.5164 99.7798 245.9759 0.5248 4.7947
7.2045 0.0000 100.5249 2.6469 243.8472 0.5416 5.9001
6.0121 0.0000 100.5539 0.0000 241.2498 0.5492 6.3197
5.0622 0.0000 100.5811 0.0000 239.5161 0.5529 5.9401
4.3923 0.0000 100.5883 0.0000 245.3312 0.5520 5.6893
3.9518 0.0000 100.5960 0.0000 255.6863 0.5495 5.1495
3.6883 0.0000 100.5856 0.0000 261.1732 0.5455 4.7891
3.5336 0.0000 100.5532 0.0000 267.5307 0.5410 4.7096
3.4683 0.0000 100.5260 0.0000 271.8624 0.5382 4.7339
3.4529 0.0000 100.5001 0.0000 276.1630 0.5375 4.7741
3.4318 0.0000 100.4618 0.0000 279.8840 0.5381 4.9578
3.3344 0.0000 100.4103 0.0000 283.4775 0.5407 5.0996
3.1638 0.0000 100.3651 0.0000 284.7686 0.5449 5.2520
2.9424 0.0000 100.3120 0.0000 284.9487 0.5509 5.6587
2.7091 0.0000 100.3011 0.0000 282.3589 0.5578 5.3432
2.5969 0.0000 100.3513 26.4176 265.3115 0.5626 4.1422
