1.3834 0.0000 101.6081 153.9667 252.8477 0.6105 5.8181
3.2613 0.0000 101.6466 343.0885 238.1029 0.6059 5.8657
5.3724 0.0000 101.6276 491.6156 238.1109 0.5919 5.3732
7.1995 0.0000 101.5563 580.4425 241.0304 0.5594 4.4699
8.4544 0.0000 101.4378 600.8178 244.1043 0.5413 3.7661
9.3884 0.0000 101.3125 554.8727 246.4463 0.5336 3.3342
9.9532 0.0000 101.2237 438.2420 248.7630 0.5350 3.1273
10.1320 0.0000 101.1653 282.8465 250.1195 0.5384 3.1206
9.9126 0.0000 101.1482 108.3668 251.9294 0.5458 3.0592
9.3589 0.0000 101.1642 4.4632 254.4181 0.5513 2.9909
8.5940 0.0000 101.2145 0.0000 256.0779 0.5552 3.0613
7.6888 0.0000 101.2274 0.0000 266.7861 0.5645 3.4046
6.8058 0.0000 101.2617 0.0000 276.3972 0.5799 3.1567
6.0738 0.0000 101.2764 0.0000 279.5736 0.5931 2.9643
5.4179 0.0000 101.2549 0.0000 279.9917 0.6019 3.3321
4.8274 0.0000 101.2198 0.0000 282.7093 0.6068 3.8714
4.4146 0.0000 101.2048 0.0000 285.4104 0.6073 3.9715
4.1986 0.0000 101.1711 0.0000 287.2113 0.6028 4.0490
4.1195 0.0000 101.1295 0.0000 288.9135 0.5984 3.9483
4.1045 0.0000 101.0770 0.0000 289.1871 0.5952 3.8347
4.0933 0.0000 101.0080 0.0000 288.7508 0.5921 4.3271
4.0124 0.0000 100.9470 0.0000 274.7033 0.5945 4.7463
3.8698 0.0000 101.0003 0.0000 254.3500 0.6048 3.2260
3.6960 0.0000 101.0308 23.3673 268.8855 0.6140 2.5316
