-0.5267 0.0016 98.3754 150.5186 245.5225 0.5188 5.0739
1.4198 0.0001 98.4102 319.2074 237.5046 0.5244 4.4817
3.7352 0.0000 98.3965 469.7331 235.8663 0.5261 3.4354
5.9009 0.0000 98.3298 571.0062 234.5691 0.4945 2.6573
7.2425 0.0000 98.2168 593.4038 237.5535 0.4828 2.5766
8.0803 0.0000 98.1062 546.0037 240.2780 0.4866 2.6234
8.6091 0.0000 98.0208 429.7688 242.9319 0.4922 2.6210
8.6971 0.0000 97.9771 275.4784 243.3643 0.5000 2.5937
8.2510 0.0000 97.9571 102.6615 242.7543 0.5112 2.8182
7.2913 0.0000 97.9656 3.1840 241.4616 0.5227 3.3861
6.1880 0.0000 98.0038 0.0000 240.3554 0.5282 3.3912
5.2919 0.0000 98.0300 0.0000 240.1846 0.5303 3.0518
4.6778 0.0000 98.0458 0.0000 247.5796 0.5295 2.9702
4.2842 0.0000 98.0550 0.0000 258.5827 0.5285 2.8439
4.0330 0.0000 98.0428 0.0000 263.5548 0.5288 2.8734
3.8843 0.0000 98.0140 0.0000 268.9758 0.5296 2.9253
3.8479 0.0000 97.9906 0.0000 271.8165 0.5302 2.8635
3.8823 0.0000 97.9692 0.0000 276.8010 0.5299 2.6939
3.9574 0.0000 97.9302 0.0000 281.0183 0.5291 2.4966
4.0017 0.0000 97.8803 0.0000 283.9332 0.5289 2.3038
4.0016 0.0000 97.8180 0.0000 286.1076 0.5287 2.2975
3.9534 0.0000 97.7467 0.0000 287.5650 0.5294 3.3713
3.7990 0.0000 97.7569 0.0000 284.3818 0.5314 3.1973
3.6518 0.0003 97.8111 17.4744 279.0305 0.5337 2.3828
