-1.9518 0.0005 102.7506 154.3114 248.9236 0.4977 4.2566
0.0506 0.0000 102.7729 318.7238 230.9141 0.5175 4.0154
2.8707 0.0000 102.7421 451.4403 232.5458 0.4968 4.0177
4.4382 0.0000 102.6465 551.9724 229.9878 0.4720 3.3652
5.3284 0.0000 102.5232 584.3821 225.5412 0.4673 2.7140
5.9697 0.0000 102.4139 530.2240 226.3288 0.4694 2.3494
6.3916 0.0000 102.3319 411.4787 228.3439 0.4701 2.2140
6.4584 0.0000 102.2895 247.3544 230.2854 0.4727 2.3016
6.1742 0.0000 102.2804 74.1424 231.3867 0.4796 2.7280
5.6917 0.0000 102.2856 0.2261 231.4497 0.4864 3.6236
5.1197 0.0000 102.2879 0.0000 231.2467 0.4926 4.5646
4.4713 0.0000 102.2675 0.0000 230.9173 0.5008 5.3531
3.8057 0.0000 102.2526 0.0000 230.5865 0.5098 5.6787
3.2144 0.0000 102.2701 0.0000 230.3944 0.5184 5.4354
2.7281 0.0000 102.2785 0.0000 230.3884 0.5265 5.3369
2.2532 0.0000 102.2429 0.0000 230.3495 0.5332 5.5809
1.7765 0.0000 102.2208 0.0000 231.7405 0.5388 5.3107
1.3560 0.0000 102.2267 0.0000 239.2912 0.5450 4.7366
1.0194 0.0000 102.2138 0.0000 245.8792 0.5513 4.5770
0.7519 0.0000 102.1718 0.0000 253.4795 0.5582 4.7889
0.5217 0.0000 102.1240 0.0000 256.2865 0.5663 5.2011
0.3220 0.0003 102.0884 0.0000 262.4015 0.5744 5.5949
0.1027 0.0015 102.0493 0.0000 269.9014 0.5811 5.8189
-0.0933 0.0019 102.0108 23.8649 276.2155 0.5860 5.6534
