0.4895 0.0055 103.0857 171.3927 261.7350 0.5775 3.8222
2.5012 0.0014 103.1014 341.5654 247.7034 0.5831 3.6313
4.0267 0.0006 103.0596 508.5975 229.7520 0.5760 3.2208
4.9198 0.0004 102.9607 573.7640 233.1243 0.5713 2.7602
5.5449 0.0004 102.8485 575.1332 233.7555 0.5716 2.3703
5.9931 0.0002 102.7582 505.0440 236.0401 0.5711 2.0493
6.1736 0.0002 102.6941 376.7120 238.7641 0.5720 1.8480
6.0820 0.0002 102.6609 214.3789 238.7095 0.5726 1.7993
5.6998 0.0003 102.6598 49.9653 239.5343 0.5760 2.1973
5.1034 0.0004 102.6802 0.0000 245.6996 0.5835 3.0495
4.4280 0.0004 102.7060 0.0000 249.8048 0.5914 3.6294
3.7515 0.0002 102.7022 0.0000 247.7292 0.5967 4.1429
3.1171 0.0001 102.6811 0.0000 239.5474 0.5982 4.7119
2.5790 0.0000 102.6621 0.0000 229.1296 0.5959 5.1769
2.2377 0.0000 102.6604 0.0000 227.3433 0.5923 5.1245
2.0161 0.0000 102.6627 0.0000 226.3093 0.5875 4.5393
1.8463 0.0000 102.6490 0.0000 225.4611 0.5821 4.1074
1.7426 0.0000 102.6151 0.0000 224.9491 0.5777 4.2057
1.6579 0.0000 102.5723 0.0000 224.8628 0.5753 4.1791
1.5384 0.0000 102.5482 0.0000 225.6561 0.5746 3.6529
1.3911 0.0000 102.5415 0.0000 227.9689 0.5732 3.4982
1.4067 0.0000 102.5327 0.0000 235.9493 0.5723 3.4637
1.5646 0.0000 102.5158 0.0193 239.9178 0.5733 3.3820
1.7835 0.0000 102.4823 51.9413 242.3640 0.5765 3.5078
