-2.0841 0.0021 102.8090 166.1558 253.6173 0.5013 2.9735
0.3436 0.0001 102.8186 365.0940 226.5077 0.5298 3.2378
3.2714 0.0000 102.7798 483.6434 229.9077 0.5180 3.4308
4.6331 0.0000 102.6805 546.1550 236.7222 0.5024 2.8130
5.4845 0.0000 102.5650 580.6982 230.4931 0.5006 2.2243
6.1170 0.0000 102.4617 529.0116 229.5388 0.5027 1.8963
6.5243 0.0000 102.3832 410.2754 230.2161 0.5030 1.7753
6.5530 0.0000 102.3439 243.8323 231.2103 0.5054 1.8346
6.2273 0.0000 102.3348 68.7216 231.4702 0.5107 2.2475
5.7178 0.0000 102.3503 0.0476 231.0935 0.5158 3.0829
5.1671 0.0000 102.3587 0.0000 230.7361 0.5197 3.9074
4.5928 0.0000 102.3383 0.0000 230.1685 0.5238 4.6736
4.0431 0.0000 102.3118 0.0000 229.5585 0.5292 5.1338
3.5705 0.0000 102.3161 0.0000 229.2249 0.5372 5.0228
3.1634 0.0000 102.3343 0.0000 229.3123 0.5482 4.6072
2.7059 0.0000 102.3144 0.0000 229.6466 0.5603 4.5209
2.1724 0.0000 102.2802 0.0000 229.5121 0.5747 4.6959
1.5950 0.0000 102.2703 0.0000 230.2933 0.5914 4.4183
1.0420 0.0001 102.2645 0.0000 238.6501 0.6042 3.8035
0.4855 0.0024 102.2401 0.0000 258.3488 0.6066 3.7298
-0.0876 0.0100 102.2131 0.0000 278.1138 0.5987 3.9926
-0.4473 0.0084 102.1873 0.0000 286.1637 0.5895 4.3194
-0.6148 0.0077 102.1622 0.0000 289.3863 0.5848 4.6672
-0.5471 0.0044 102.1189 26.2056 288.3636 0.5856 4.8106
