-0.7524 0.0011 102.5499 133.4098 266.3550 0.5343 4.6010
0.9854 0.0000 102.5652 311.1375 239.9183 0.5420 4.6143
3.3168 0.0000 102.5295 475.9830 233.6642 0.5187 4.6184
5.1891 0.0000 102.4269 583.5943 230.2746 0.4894 4.1701
6.2332 0.0000 102.3085 606.8283 229.0568 0.4894 3.6009
6.9411 0.0000 102.1991 550.7635 231.1366 0.4942 3.2942
7.3516 0.0000 102.1244 431.5017 233.3209 0.4982 3.2587
7.4091 0.0000 102.0820 265.9266 235.0707 0.5005 3.3620
7.0187 0.0000 102.0729 85.8013 236.3344 0.5100 3.8463
6.3781 0.0000 102.0734 0.5972 236.6266 0.5164 4.8084
5.7553 0.0000 102.0757 0.0000 236.7721 0.5181 5.5097
5.1580 0.0000 102.0554 0.0000 236.7346 0.5235 5.7833
4.5893 0.0000 102.0503 0.0000 236.4688 0.5333 5.4671
4.0735 0.0000 102.0652 0.0000 236.0824 0.5438 4.9390
3.5969 0.0000 102.0590 0.0000 235.7371 0.5515 4.8238
3.1168 0.0000 102.0305 0.0000 235.8708 0.5567 4.6652
2.7087 0.0000 102.0082 0.0000 245.1227 0.5602 4.1840
2.4285 0.0000 101.9924 0.0000 251.5948 0.5629 3.5997
2.1634 0.0000 101.9747 0.0000 260.1307 0.5651 3.4636
1.8478 0.0000 101.9376 0.0000 263.5379 0.5667 3.7291
1.5583 0.0000 101.9087 0.0000 264.9766 0.5676 4.2964
1.4610 0.0000 101.8873 0.0000 270.3522 0.5683 4.7064
1.5469 0.0000 101.8457 0.0000 268.8013 0.5693 5.1543
1.7581 0.0000 101.8101 33.9370 260.7423 0.5704 5.1250
