-1.2498 0.0020 100.7908 111.7159 267.2510 0.5221 3.8664
0.3344 0.0000 100.8139 293.3060 236.1642 0.5233 4.0959
2.4183 0.0000 100.7868 456.5198 229.5077 0.5164 4.1984
4.3718 0.0000 100.7010 549.7172 231.7459 0.4970 3.9986
5.5027 0.0000 100.5801 575.7233 232.6285 0.4913 3.4351
6.3293 0.0000 100.4679 528.9664 235.2005 0.4883 3.1728
6.7642 0.0000 100.3795 413.8556 238.9021 0.4887 3.1563
6.7832 0.0000 100.3420 259.6302 239.6767 0.4905 3.2848
6.2946 0.0000 100.3320 90.9166 238.8957 0.4978 3.7861
5.4650 0.0000 100.3334 1.7897 236.8093 0.5039 4.5956
4.7221 0.0000 100.3463 0.0000 234.4287 0.5017 4.6565
4.1561 0.0000 100.3524 0.0000 232.7078 0.4996 4.0789
3.7294 0.0000 100.3599 0.0000 232.2456 0.4985 3.5042
3.3848 0.0000 100.3536 0.0000 234.4122 0.4981 3.2738
3.0835 0.0000 100.3389 0.0000 240.7412 0.4996 3.1164
2.8580 0.0000 100.3135 0.0000 250.9121 0.5023 2.7713
2.7158 0.0000 100.2872 0.0000 258.9369 0.5058 2.4489
2.6079 0.0000 100.2755 0.0000 264.4162 0.5105 2.1591
2.4652 0.0000 100.2450 0.0000 268.1541 0.5160 2.1071
2.2549 0.0000 100.1974 0.0000 275.4572 0.5221 2.3485
2.0308 0.0000 100.1537 0.0000 279.0544 0.5281 2.5768
1.8187 0.0000 100.1051 0.0000 280.7162 0.5336 3.1823
1.5687 0.0000 100.0694 0.0000 279.5351 0.5391 3.8215
1.5357 0.0000 100.1002 17.0963 278.1619 0.5442 3.4680
