-1.0077 0.0022 102.4440 148.7928 260.9212 0.5284 4.0021
0.7932 0.0001 102.4555 311.4885 244.3038 0.5402 4.1209
3.3616 0.0000 102.4164 476.5005 234.6579 0.5185 4.3054
5.2372 0.0000 102.3134 581.6210 231.5492 0.4893 3.8491
6.3009 0.0000 102.1915 603.0568 230.9422 0.4890 3.2507
7.0183 0.0000 102.0856 550.7393 231.3754 0.4938 2.9252
7.4359 0.0000 102.0113 430.8447 233.3243 0.4978 2.8755
7.4833 0.0000 101.9689 264.3377 234.8020 0.5013 3.0204
7.0876 0.0000 101.9598 83.6492 235.6157 0.5113 3.5748
6.4450 0.0000 101.9675 0.4427 235.6087 0.5184 4.5860
5.8209 0.0000 101.9699 0.0000 235.6548 0.5223 5.2925
5.2030 0.0000 101.9460 0.0000 235.6594 0.5291 5.6781
4.5712 0.0000 101.9371 0.0000 235.4358 0.5378 5.5370
4.0002 0.0000 101.9517 0.0000 235.0734 0.5456 5.0502
3.5334 0.0000 101.9531 0.0000 234.8327 0.5509 4.8308
3.0928 0.0000 101.9249 0.0000 234.9260 0.5536 4.7050
2.7096 0.0000 101.8988 0.0000 240.3537 0.5553 4.4217
2.4189 0.0000 101.8827 0.0000 246.8958 0.5571 3.9185
2.1426 0.0000 101.8654 0.0000 254.4003 0.5589 3.5139
1.8344 0.0000 101.8320 0.0000 261.5363 0.5606 3.4951
1.5511 0.0000 101.8104 0.0000 262.9287 0.5623 3.9310
1.4393 0.0000 101.7894 0.0000 266.8728 0.5649 4.5033
1.4974 0.0000 101.7548 0.0000 267.6676 0.5684 5.1059
1.6518 0.0001 101.7119 38.2256 255.0201 0.5717 5.4045
