-1.4313 0.0029 99.1484 194.6430 247.1577 0.5100 2.6331
0.5789 0.0001 99.1575 391.7422 226.7425 0.5258 2.9552
3.0906 0.0000 99.1199 540.9142 222.2581 0.5122 3.2445
5.1492 0.0000 99.0198 626.2484 223.5310 0.4860 2.7925
6.2725 0.0000 98.9073 630.0895 227.6760 0.4926 2.1523
7.0377 0.0000 98.8160 565.7465 231.0551 0.5030 1.7296
7.4945 0.0000 98.7500 440.1735 233.5808 0.5106 1.7012
7.5561 0.0000 98.7195 268.6206 235.2454 0.5169 1.9151
7.1432 0.0000 98.7165 82.9913 236.1793 0.5256 2.4971
6.3494 0.0000 98.7323 0.2822 234.3782 0.5318 3.3960
5.4358 0.0000 98.7446 0.0000 232.7738 0.5352 3.8024
4.5263 0.0000 98.7315 0.0000 231.7002 0.5376 3.9200
3.7376 0.0000 98.7222 0.0000 230.8844 0.5394 3.7708
3.1426 0.0000 98.7210 0.0000 230.4659 0.5410 3.4306
2.7103 0.0000 98.7264 0.0000 230.8314 0.5425 3.1235
2.2835 0.0000 98.7057 0.0000 231.1868 0.5427 2.8257
1.8798 0.0000 98.6853 0.0000 232.5888 0.5416 2.6838
1.5427 0.0000 98.6575 0.0000 237.1064 0.5403 2.6701
1.2354 0.0000 98.6148 0.0000 243.8676 0.5392 2.3930
0.9737 0.0000 98.5864 0.0000 258.1295 0.5386 1.9476
0.7987 0.0000 98.5863 0.0000 257.7175 0.5386 1.9000
0.7722 0.0000 98.5828 0.0000 253.3850 0.5400 2.2300
0.7506 0.0000 98.5705 0.0044 254.2488 0.5436 2.7229
0.6599 0.0008 98.5304 54.3918 244.8347 0.5472 3.3614
