-2.0027 0.0024 102.9174 170.8769 256.9679 0.5096 2.7443
0.3784 0.0002 102.9271 369.3495 231.5037 0.5438 2.9442
3.2437 0.0000 102.8889 505.6226 227.5686 0.5397 3.1038
4.5366 0.0000 102.7881 558.2404 235.7627 0.5242 2.5132
5.3292 0.0000 102.6739 571.9303 234.6094 0.5193 1.9318
5.9330 0.0000 102.5769 522.7944 232.2732 0.5180 1.5921
6.3129 0.0000 102.5010 405.8655 231.5960 0.5167 1.4523
6.3678 0.0000 102.4612 239.2516 232.2620 0.5170 1.4639
6.0965 0.0000 102.4521 64.8630 232.1689 0.5208 1.7443
5.6812 0.0000 102.4698 0.0125 231.4739 0.5254 2.3697
5.2606 0.0000 102.4802 0.0000 230.9549 0.5300 3.0531
4.8302 0.0000 102.4611 0.0000 230.5453 0.5370 3.8143
4.3978 0.0000 102.4326 0.0000 230.3164 0.5481 4.4648
3.9405 0.0000 102.4246 0.0000 230.2379 0.5647 4.7078
3.4536 0.0000 102.4418 0.0000 230.3135 0.5845 4.5406
2.8773 0.0000 102.4299 0.0000 230.4600 0.6021 4.4426
2.2445 0.0000 102.4017 0.0000 230.0901 0.6161 4.6645
1.6200 0.0000 102.3805 0.0000 229.9841 0.6269 4.6991
1.0109 0.0001 102.3675 0.0000 239.4840 0.6301 4.0885
0.3913 0.0023 102.3495 0.0000 262.0971 0.6218 3.6495
-0.1667 0.0081 102.3347 0.0000 280.4222 0.6064 3.7294
-0.4549 0.0073 102.3232 0.0000 288.2815 0.5941 3.8489
-0.4673 0.0057 102.2996 0.0004 288.5932 0.5903 4.0804
-0.2352 0.0022 102.2607 31.0537 283.0482 0.5944 4.3006
