-0.8362 0.0004 98.7519 177.9462 254.6473 0.5411 4.5402
1.4077 0.0000 98.7710 406.8475 215.0998 0.5626 4.1611
4.3022 0.0000 98.7405 545.7351 220.2158 0.5499 3.9664
6.4670 0.0000 98.6600 623.5226 227.1563 0.5160 3.2963
7.7004 0.0000 98.5569 631.9126 232.2246 0.5081 2.7355
8.4798 0.0000 98.4588 572.7865 236.6438 0.5095 2.7361
8.8242 0.0000 98.3903 446.0540 241.1626 0.5148 3.0248
8.7591 0.0000 98.3587 280.5644 242.7525 0.5187 3.3350
8.1915 0.0000 98.3521 97.9820 243.2282 0.5287 3.8104
7.2276 0.0000 98.3608 1.5476 241.9338 0.5352 4.4832
6.1564 0.0000 98.3732 0.0000 239.7942 0.5367 4.7011
5.2038 0.0000 98.3735 0.0000 237.5891 0.5388 4.2900
4.5031 0.0000 98.3768 0.0000 235.9300 0.5398 3.8757
4.0126 0.0000 98.3802 0.0000 243.1018 0.5404 3.5911
3.6698 0.0000 98.3760 0.0000 246.6532 0.5413 3.2256
3.4291 0.0000 98.3581 0.0000 256.2459 0.5420 3.0775
3.2854 0.0000 98.3278 0.0000 263.7818 0.5436 3.0343
3.1949 0.0000 98.2950 0.0000 269.9733 0.5461 2.9807
3.0906 0.0000 98.2694 0.0000 274.5197 0.5486 2.7793
2.9780 0.0000 98.2317 0.0000 275.1009 0.5501 2.8987
2.8141 0.0000 98.2057 0.0000 276.6447 0.5512 3.2131
2.7546 0.0000 98.1881 0.0000 274.6282 0.5527 3.6120
2.7921 0.0000 98.1528 0.0000 273.5900 0.5549 4.1541
2.8566 0.0000 98.1525 35.4156 267.7951 0.5574 3.7856
