0.7405 0.0058 103.0076 176.9284 271.7534 0.6030 3.6940
2.3395 0.0004 103.0222 354.7363 255.7752 0.6167 3.3224
4.4652 0.0000 102.9649 533.6536 232.3474 0.6170 3.0498
6.0542 0.0000 102.8559 602.6326 235.8245 0.5837 2.6743
7.2595 0.0000 102.7325 605.2684 237.2951 0.5564 2.3189
7.9953 0.0000 102.6261 537.6230 239.3374 0.5464 2.1896
8.4181 0.0000 102.5546 411.4887 240.4972 0.5423 2.2251
8.4954 0.0000 102.5265 239.9308 241.3967 0.5420 2.3187
8.2313 0.0000 102.5186 62.7396 241.3483 0.5479 2.6914
7.7286 0.0000 102.5420 0.0003 240.2759 0.5592 3.4135
7.1928 0.0000 102.5605 0.0000 239.0152 0.5727 3.9583
6.6934 0.0000 102.5555 0.0000 237.9278 0.5906 4.3540
6.2015 0.0000 102.5289 0.0000 237.0976 0.6151 4.5984
5.7102 0.0000 102.5104 0.0000 236.5902 0.6487 4.5937
5.2609 0.0000 102.5099 0.0000 236.4333 0.6852 4.1747
4.7346 0.0000 102.4981 0.0000 236.4340 0.7126 3.7644
4.1224 0.0000 102.4826 0.0000 235.7598 0.7278 3.4873
3.5587 0.0000 102.4721 0.0000 235.0291 0.7310 3.2342
3.0206 0.0006 102.4305 0.0000 250.2013 0.7181 3.2113
2.4314 0.0020 102.3853 0.0000 268.0306 0.6915 3.2206
2.0014 0.0015 102.3869 0.0000 274.8995 0.6715 3.2790
1.8923 0.0007 102.4297 0.0000 277.8849 0.6614 3.2979
1.9259 0.0003 102.4447 0.1868 271.4932 0.6560 3.2446
2.0597 0.0002 102.4117 57.6060 261.7639 0.6522 3.1755
