-2.1510 0.0004 102.8616 171.5135 242.3200 0.4922 3.8472
0.1008 0.0000 102.8775 353.7781 218.2493 0.5097 3.5740
2.9976 0.0000 102.8424 479.1195 224.2806 0.4756 3.2609
4.3013 0.0000 102.7468 552.0172 228.4056 0.4582 2.5904
5.0781 0.0000 102.6287 574.5219 225.6629 0.4596 2.0664
5.6309 0.0000 102.5251 519.5568 225.9778 0.4656 1.7939
5.9717 0.0000 102.4501 401.4303 227.0522 0.4691 1.7511
5.9641 0.0000 102.4077 238.1567 227.8923 0.4732 1.8785
5.6165 0.0000 102.3986 66.4050 228.8671 0.4788 2.3596
5.0791 0.0000 102.4102 0.0403 228.8937 0.4831 3.1973
4.4823 0.0000 102.4178 0.0000 228.4627 0.4864 3.9237
3.8744 0.0000 102.3980 0.0000 227.7751 0.4899 4.5848
3.3007 0.0000 102.3766 0.0000 227.1008 0.4942 4.9787
2.8235 0.0000 102.3765 0.0000 226.9667 0.5009 4.8742
2.4497 0.0000 102.4008 0.0000 227.4195 0.5110 4.5273
2.0731 0.0000 102.3785 0.0000 228.0860 0.5228 4.6283
1.6260 0.0000 102.3451 0.0000 228.2946 0.5361 4.7649
1.1389 0.0000 102.3440 0.0000 231.2580 0.5515 4.2126
0.6945 0.0000 102.3424 0.0000 239.5002 0.5667 3.8204
0.3047 0.0005 102.2974 0.0000 246.7895 0.5808 3.8634
-0.0795 0.0015 102.2544 0.0000 256.2873 0.5868 4.1659
-0.4739 0.0020 102.2139 0.0000 262.3110 0.5833 4.6293
-0.9634 0.0069 102.1854 0.0000 272.1264 0.5720 4.8718
-1.2369 0.0080 102.1476 25.3620 282.9002 0.5592 4.6900
