-1.6154 0.0067 102.4534 162.1644 263.6495 0.5158 2.2516
0.3227 0.0005 102.4605 338.2610 249.5839 0.5413 2.6065
3.2877 0.0000 102.4174 479.1557 236.6709 0.5326 3.1951
5.0507 0.0000 102.3109 557.1545 240.5368 0.5062 2.7671
6.0277 0.0000 102.1926 584.3453 236.4246 0.5058 2.2315
6.7368 0.0000 102.0919 540.6722 232.4804 0.5089 1.9105
7.1549 0.0000 102.0164 420.3282 233.5650 0.5113 1.8229
7.1786 0.0000 101.9765 251.9227 234.4094 0.5144 1.9448
6.7935 0.0000 101.9674 72.9912 234.3060 0.5201 2.5650
6.0914 0.0000 101.9839 0.0669 233.2785 0.5249 3.6879
5.3115 0.0000 101.9943 0.0000 232.1492 0.5268 4.4708
4.5678 0.0000 101.9739 0.0000 231.0550 0.5282 4.9841
3.9597 0.0000 101.9507 0.0000 230.2574 0.5296 5.1541
3.5075 0.0000 101.9557 0.0000 229.9493 0.5327 4.8018
3.1586 0.0000 101.9721 0.0000 230.2451 0.5385 4.2544
2.7829 0.0000 101.9475 0.0000 230.6682 0.5452 3.9364
2.3568 0.0000 101.9231 0.0000 230.6769 0.5542 3.8794
1.9193 0.0000 101.8993 0.0000 231.3470 0.5663 3.7237
1.4639 0.0000 101.8781 0.0000 235.2931 0.5794 3.1338
0.9992 0.0003 101.8572 0.0000 244.9115 0.5907 2.7504
0.5322 0.0022 101.8493 0.0000 265.0389 0.5978 2.9146
0.1597 0.0056 101.8421 0.0000 278.9463 0.5997 3.4208
-0.1170 0.0111 101.8188 0.0003 283.8734 0.5989 4.0741
-0.1594 0.0043 101.7761 34.2534 280.8580 0.6006 4.6344
