-1.6387 0.0026 102.8728 153.3571 257.8957 0.5140 3.7804
0.3819 0.0001 102.8895 312.9824 242.6758 0.5315 3.9189
3.0820 0.0000 102.8540 442.9186 239.3807 0.5179 4.0885
4.6437 0.0000 102.7529 550.6039 235.2289 0.4954 3.3910
5.6516 0.0000 102.6343 587.6901 229.7203 0.4898 2.7048
6.3705 0.0000 102.5250 537.8919 228.9149 0.4916 2.3148
6.8428 0.0000 102.4421 419.1407 230.5389 0.4917 2.1627
6.9519 0.0000 102.3997 253.2613 232.0844 0.4940 2.2696
6.6962 0.0000 102.3906 76.3429 233.0108 0.5012 2.7188
6.2542 0.0000 102.3979 0.2123 233.1487 0.5094 3.6869
5.7122 0.0000 102.4003 0.0000 233.2128 0.5170 4.7037
5.0615 0.0000 102.3799 0.0000 232.8803 0.5248 5.5846
4.3448 0.0000 102.3611 0.0000 232.3855 0.5326 5.9485
3.6854 0.0000 102.3765 0.0000 231.9865 0.5395 5.6695
3.1488 0.0000 102.3909 0.0000 231.7574 0.5447 5.4185
2.6445 0.0000 102.3608 0.0000 231.5755 0.5475 5.5132
2.1547 0.0000 102.3318 0.0000 231.7395 0.5494 5.3460
1.7189 0.0000 102.3322 0.0000 237.5363 0.5533 4.7091
1.3496 0.0000 102.3214 0.0000 245.9733 0.5586 4.3010
1.0333 0.0000 102.2833 0.0000 253.6194 0.5654 4.4732
0.7361 0.0000 102.2522 0.0000 258.0196 0.5755 4.9258
0.5220 0.0001 102.2220 0.0000 263.2651 0.5862 5.4723
0.2748 0.0006 102.1876 0.0000 271.7809 0.5921 5.8745
0.1310 0.0016 102.1445 26.6394 277.9848 0.5951 5.9538
