-0.1273 0.0062 103.0864 167.4647 261.6664 0.5695 3.5788
2.0373 0.0015 103.1009 331.2755 252.4022 0.5815 3.4775
3.9238 0.0002 103.0573 514.9259 227.0882 0.5739 3.0903
4.9807 0.0001 102.9562 582.8225 230.2361 0.5691 2.5952
5.7214 0.0001 102.8400 583.0420 231.6431 0.5701 2.1798
6.2599 0.0001 102.7467 509.8600 235.0085 0.5701 1.8405
6.5059 0.0000 102.6813 381.9218 237.4819 0.5721 1.6385
6.4443 0.0001 102.6468 218.3672 237.8848 0.5742 1.5903
6.0949 0.0001 102.6456 51.8956 237.8245 0.5780 1.9647
5.5460 0.0003 102.6644 0.0000 246.1864 0.5865 2.8469
4.8786 0.0004 102.6907 0.0000 252.5376 0.5976 3.5723
4.1424 0.0003 102.6862 0.0000 250.2257 0.6069 4.2606
3.3687 0.0001 102.6657 0.0000 241.3543 0.6117 4.9806
2.6593 0.0000 102.6479 0.0000 229.9926 0.6106 5.5430
2.1740 0.0000 102.6493 0.0000 227.8588 0.6062 5.5077
1.8643 0.0000 102.6534 0.0000 226.5566 0.5990 4.9120
1.6485 0.0000 102.6390 0.0000 225.5782 0.5910 4.4887
1.5300 0.0000 102.6052 0.0000 225.0103 0.5846 4.5704
1.4459 0.0000 102.5638 0.0000 225.0687 0.5807 4.4464
1.3166 0.0000 102.5435 0.0000 225.9243 0.5787 3.8211
1.1492 0.0001 102.5369 0.0000 227.9196 0.5761 3.6605
1.1531 0.0000 102.5283 0.0000 237.2588 0.5740 3.6128
1.3102 0.0000 102.5100 0.0110 240.9743 0.5740 3.5468
1.5361 0.0000 102.4747 47.0568 247.6535 0.5769 3.6885
