-1.1530 0.0017 101.5327 108.0346 268.8032 0.5253 3.7440
0.4293 0.0000 101.5559 284.3951 238.4518 0.5262 4.0112
2.5265 0.0000 101.5282 452.7627 229.8584 0.5176 4.1735
4.5031 0.0000 101.4389 547.4917 231.6962 0.4972 4.0355
5.5890 0.0000 101.3152 574.1143 232.1063 0.4922 3.4904
6.3845 0.0000 101.2009 526.2617 234.8698 0.4887 3.1857
6.8042 0.0000 101.1118 412.2886 238.3107 0.4884 3.1234
6.8377 0.0000 101.0721 257.3000 239.5226 0.4892 3.2117
6.4209 0.0000 101.0619 88.7484 239.2912 0.4952 3.6462
5.7292 0.0000 101.0624 1.5856 237.6642 0.5000 4.4169
5.0912 0.0000 101.0708 0.0000 235.6397 0.4979 4.6093
4.5586 0.0000 101.0727 0.0000 233.9550 0.4965 4.2016
4.1136 0.0000 101.0808 0.0000 233.2060 0.4965 3.6608
3.7235 0.0000 101.0764 0.0000 233.9557 0.4975 3.4557
3.3433 0.0000 101.0617 0.0000 238.3431 0.5005 3.3370
3.0094 0.0000 101.0395 0.0000 248.2521 0.5050 2.9450
2.7518 0.0000 101.0146 0.0000 257.1417 0.5101 2.5989
2.5332 0.0000 101.0047 0.0000 262.9462 0.5164 2.3281
2.2930 0.0000 100.9759 0.0000 266.3870 0.5236 2.3051
2.0122 0.0000 100.9260 0.0000 273.1936 0.5313 2.6124
1.7402 0.0000 100.8809 0.0000 277.6921 0.5390 2.9075
1.5197 0.0000 100.8344 0.0000 279.6569 0.5457 3.4598
1.3035 0.0000 100.7947 0.0000 279.3220 0.5518 4.0671
1.2612 0.0002 100.8223 17.9556 276.8047 0.5572 3.7211
