-0.9362 0.0046 103.0595 168.4032 264.7151 0.5541 3.3896
1.6659 0.0009 103.0740 352.4578 246.1892 0.5853 3.6385
3.9671 0.0001 103.0232 530.4864 224.8175 0.5743 3.2101
5.2225 0.0001 102.9198 596.0995 228.6131 0.5602 2.6268
6.0982 0.0000 102.8015 569.9026 238.1950 0.5533 2.1337
6.7344 0.0000 102.7082 513.9120 236.5934 0.5510 1.8087
7.0746 0.0000 102.6355 393.4082 236.7653 0.5532 1.6713
7.0706 0.0000 102.6010 227.3273 236.8248 0.5578 1.6239
6.7947 0.0000 102.5998 55.9217 237.3592 0.5638 1.8009
6.4110 0.0001 102.6236 0.0000 239.1738 0.5732 2.3753
5.9639 0.0001 102.6426 0.0000 240.4042 0.5875 3.0427
5.4189 0.0000 102.6308 0.0000 237.7730 0.6059 3.8519
4.7574 0.0000 102.6102 0.0000 233.3250 0.6254 4.7670
4.0335 0.0000 102.5924 0.0000 231.3777 0.6398 5.5194
3.3956 0.0000 102.5938 0.0000 230.3705 0.6459 5.6021
2.8540 0.0000 102.5978 0.0000 229.5337 0.6430 5.2072
2.4210 0.0000 102.5762 0.0000 228.5078 0.6351 4.9920
2.1279 0.0000 102.5497 0.0000 227.7274 0.6249 5.0631
1.9213 0.0000 102.5083 0.0000 227.4054 0.6176 4.8990
1.7458 0.0000 102.4806 0.0000 227.4500 0.6146 4.4268
1.5399 0.0001 102.4837 0.0000 228.3435 0.6129 4.4129
1.5024 0.0001 102.4943 0.0000 234.6388 0.6114 4.4062
1.6410 0.0000 102.4833 0.0361 251.4021 0.6106 4.2287
1.8796 0.0000 102.4480 43.1842 257.0099 0.6110 4.2207
