-1.2068 0.0011 102.4163 109.5869 265.4147 0.5212 3.7358
0.4149 0.0000 102.4427 278.8745 238.7160 0.5242 3.9212
2.5776 0.0000 102.4150 447.3091 229.6623 0.5152 4.0823
4.5906 0.0000 102.3204 547.1879 229.7998 0.4947 3.9187
5.6350 0.0000 102.1940 572.9215 229.9451 0.4887 3.3711
6.3658 0.0000 102.0771 521.6982 233.4406 0.4849 3.0100
6.7946 0.0000 101.9881 409.6823 236.3889 0.4828 2.8601
6.8757 0.0000 101.9457 253.4812 238.2888 0.4826 2.8943
6.5861 0.0000 101.9292 85.0225 238.9789 0.4867 3.2387
6.0910 0.0000 101.9297 1.2240 238.3062 0.4897 4.0080
5.5588 0.0000 101.9328 0.0000 237.0762 0.4887 4.5311
5.0148 0.0000 101.9295 0.0000 235.5382 0.4890 4.5199
4.4860 0.0000 101.9371 0.0000 234.3659 0.4908 4.1260
3.9923 0.0000 101.9385 0.0000 233.8960 0.4941 3.9604
3.4881 0.0000 101.9237 0.0000 234.9488 0.4997 3.9183
3.0010 0.0000 101.9074 0.0000 243.6704 0.5076 3.4540
2.5861 0.0000 101.8882 0.0000 253.3316 0.5162 3.1379
2.2148 0.0000 101.8784 0.0000 258.9779 0.5257 3.0245
1.8518 0.0000 101.8521 0.0000 263.4020 0.5353 3.1808
1.4930 0.0000 101.7964 0.0000 267.0286 0.5448 3.6338
1.1655 0.0000 101.7481 0.0000 272.5502 0.5541 4.0123
0.9379 0.0000 101.7073 0.0000 276.9057 0.5624 4.3661
0.7778 0.0000 101.6619 0.0000 278.6890 0.5690 4.7254
0.7074 0.0003 101.6844 18.8729 274.6967 0.5753 4.2302
