-1.4006 0.0013 102.8479 135.1627 262.7067 0.5191 4.3576
0.5123 0.0000 102.8694 288.3599 246.3894 0.5335 4.3331
2.8814 0.0000 102.8343 437.5062 238.7851 0.5215 4.3994
4.5463 0.0000 102.7378 552.2951 233.3887 0.4942 3.7936
5.5763 0.0000 102.6188 588.7966 228.7366 0.4851 3.1195
6.3050 0.0000 102.5095 537.2134 228.8941 0.4851 2.7060
6.7548 0.0000 102.4219 420.1480 230.2420 0.4836 2.5451
6.8972 0.0000 102.3795 255.8455 232.1408 0.4825 2.6320
6.6403 0.0000 102.3704 79.4884 233.3303 0.4884 3.0186
6.1851 0.0000 102.3722 0.3680 233.5313 0.4945 3.8735
5.6678 0.0000 102.3746 0.0000 233.5520 0.5006 4.7783
5.0866 0.0000 102.3542 0.0000 233.5361 0.5112 5.4976
4.4576 0.0000 102.3405 0.0000 233.3681 0.5249 5.6926
3.8371 0.0000 102.3614 0.0000 233.1325 0.5375 5.4163
3.2523 0.0000 102.3652 0.0000 232.7801 0.5476 5.5109
2.6450 0.0000 102.3304 0.0000 232.2348 0.5541 5.7644
2.0756 0.0000 102.3074 0.0000 234.3746 0.5582 5.4448
1.6271 0.0000 102.3124 0.0000 245.0707 0.5613 4.9091
1.2977 0.0000 102.2962 0.0000 251.6378 0.5628 4.8459
1.0388 0.0000 102.2529 0.0000 256.9732 0.5632 5.1688
0.8190 0.0000 102.2166 0.0000 260.7679 0.5652 5.6781
0.6891 0.0000 102.1818 0.0000 265.3295 0.5704 6.0465
0.5921 0.0001 102.1470 0.0000 269.9534 0.5780 6.3055
0.4852 0.0004 102.1043 25.7162 271.4273 0.5870 6.1806
