-0.7273 0.0023 101.0099 134.5153 262.4469 0.5375 4.7376
0.8443 0.0001 101.0332 350.0417 222.6011 0.5416 4.5455
3.0633 0.0000 101.0037 496.9757 222.9060 0.5266 4.7643
4.7931 0.0000 100.9126 578.7371 228.7749 0.5047 4.5983
5.8810 0.0000 100.7970 596.8896 231.4279 0.4964 4.1254
6.6777 0.0000 100.6829 543.1488 235.6147 0.4945 3.9564
7.1047 0.0000 100.6014 425.2604 239.2789 0.4974 4.0114
7.1241 0.0000 100.5642 266.8073 241.1003 0.5013 4.1831
6.6233 0.0000 100.5471 94.1205 240.7603 0.5136 4.6430
5.7482 0.0000 100.5556 1.8960 238.5915 0.5253 5.5164
4.9644 0.0000 100.5684 0.0000 235.9579 0.5261 5.6628
4.3645 0.0000 100.5834 0.0000 233.9014 0.5253 4.9244
3.9116 0.0000 100.5926 0.0000 233.4721 0.5231 4.2219
3.5395 0.0000 100.5884 0.0000 238.2570 0.5205 3.8046
3.2157 0.0000 100.5739 0.0000 245.6970 0.5189 3.3608
2.9421 0.0000 100.5453 0.0000 256.4577 0.5188 3.0262
2.7259 0.0000 100.5228 0.0000 262.1454 0.5198 2.8823
2.5329 0.0000 100.4969 0.0000 266.6184 0.5217 3.0009
2.3064 0.0000 100.4631 0.0000 270.1094 0.5248 3.4147
1.9969 0.0000 100.4161 0.0000 275.4020 0.5299 3.8648
1.6523 0.0000 100.3790 0.0000 277.7796 0.5371 3.9520
1.3645 0.0000 100.3386 0.0000 279.4769 0.5458 4.0602
1.1589 0.0000 100.3070 0.0000 278.7758 0.5551 3.9719
1.1594 0.0000 100.3399 20.0016 276.0187 0.5619 2.7994
