-1.4276 0.0031 100.5548 184.7308 245.4190 0.5119 3.0192
0.5565 0.0002 100.5613 356.6107 235.8290 0.5273 3.2568
3.3579 0.0000 100.5218 511.1718 227.7592 0.5056 3.5908
5.3044 0.0000 100.4204 602.5016 228.2333 0.4779 3.0882
6.3596 0.0000 100.3052 614.0388 230.1904 0.4830 2.4514
7.0665 0.0000 100.2110 559.4061 230.6881 0.4925 2.1245
7.4861 0.0000 100.1418 436.4477 232.8373 0.4991 2.1578
7.4947 0.0000 100.1065 267.0423 234.0688 0.5049 2.4046
7.0052 0.0000 100.1015 83.1912 234.2258 0.5157 3.0662
6.1610 0.0000 100.1180 0.3009 233.3850 0.5235 4.0577
5.3190 0.0000 100.1256 0.0000 232.6626 0.5278 4.5161
4.5798 0.0000 100.1034 0.0000 232.3433 0.5323 4.7166
3.9401 0.0000 100.0899 0.0000 232.0838 0.5365 4.5976
3.4564 0.0000 100.0948 0.0000 231.9605 0.5397 4.2122
3.1303 0.0000 100.1021 0.0000 232.1616 0.5422 3.9411
2.8104 0.0000 100.0753 0.0000 233.3943 0.5431 3.8074
2.5132 0.0000 100.0502 0.0000 235.1430 0.5434 3.7858
2.2553 0.0000 100.0242 0.0000 240.1519 0.5445 3.5960
1.9978 0.0000 99.9962 0.0000 248.0411 0.5460 2.9612
1.7435 0.0000 99.9718 0.0000 257.9674 0.5480 2.4006
1.5341 0.0000 99.9629 0.0000 260.4983 0.5504 2.3670
1.4651 0.0006 99.9503 0.0000 263.6736 0.5533 2.9140
1.4836 0.0016 99.9264 0.0004 261.5709 0.5569 3.7340
1.5292 0.0009 99.8802 47.4785 249.4069 0.5599 4.5667
