-2.1982 0.0002 102.8437 174.7811 235.0087 0.4848 3.8004
-0.0421 0.0000 102.8587 346.7175 217.4293 0.4971 3.3760
2.7004 0.0000 102.8259 472.6780 222.8216 0.4562 2.9096
4.0291 0.0000 102.7306 547.7991 226.3289 0.4345 2.2792
4.7533 0.0000 102.6140 562.1051 225.8064 0.4350 1.8462
5.2409 0.0000 102.5127 504.0492 226.9021 0.4405 1.6217
5.5131 0.0000 102.4390 389.5641 227.1000 0.4441 1.6179
5.4797 0.0000 102.3988 234.4354 225.9824 0.4473 1.7702
5.1091 0.0000 102.3896 64.8969 226.8700 0.4515 2.2521
4.5538 0.0000 102.3956 0.0289 226.8483 0.4532 2.9694
3.9756 0.0000 102.4056 0.0000 226.1226 0.4540 3.5012
3.4227 0.0000 102.3855 0.0000 225.2205 0.4552 4.0124
2.9251 0.0000 102.3629 0.0000 224.6774 0.4579 4.3506
2.5327 0.0000 102.3617 0.0000 224.9178 0.4635 4.2947
2.2188 0.0000 102.3844 0.0000 225.7300 0.4734 4.0259
1.8813 0.0000 102.3661 0.0000 226.7278 0.4859 4.1255
1.4748 0.0000 102.3388 0.0000 227.2897 0.5017 4.2514
1.0553 0.0000 102.3373 0.0000 231.0666 0.5205 3.7789
0.6878 0.0000 102.3283 0.0000 239.1531 0.5390 3.5337
0.3650 0.0000 102.2757 0.0000 243.8886 0.5577 3.6326
0.0398 0.0000 102.2285 0.0000 252.7992 0.5697 4.0181
-0.3017 0.0008 102.1847 0.0000 251.6218 0.5738 4.5123
-0.7712 0.0051 102.1603 0.0000 260.7939 0.5688 4.7285
-1.1517 0.0072 102.1273 26.8151 273.5623 0.5578 4.5543
