-0.6096 0.0003 102.7438 126.8391 260.3266 0.5360 4.7282
0.9239 0.0000 102.7663 299.3290 238.4667 0.5386 4.5937
2.9098 0.0000 102.7359 460.4260 232.1927 0.5214 4.6228
4.6741 0.0000 102.6405 570.9324 228.3567 0.4948 4.3088
5.6868 0.0000 102.5221 591.7985 228.7345 0.4890 3.7371
6.4274 0.0000 102.4074 539.7732 230.3358 0.4874 3.3785
6.8248 0.0000 102.3260 420.9999 233.6396 0.4896 3.2916
6.9303 0.0000 102.2783 259.3175 236.0709 0.4909 3.3370
6.6924 0.0000 102.2639 85.1250 237.5146 0.4971 3.6227
6.2762 0.0000 102.2644 0.8754 237.8192 0.5016 4.3346
5.8171 0.0000 102.2643 0.0000 237.7267 0.5022 4.9964
5.2838 0.0000 102.2541 0.0000 237.0898 0.5059 5.2290
4.7375 0.0000 102.2572 0.0000 236.0966 0.5142 4.8636
4.2223 0.0000 102.2691 0.0000 235.1441 0.5251 4.6077
3.7031 0.0000 102.2548 0.0000 234.9258 0.5376 4.8155
3.1554 0.0000 102.2292 0.0000 237.9331 0.5506 4.6764
2.6515 0.0000 102.2122 0.0000 249.1863 0.5608 4.1805
2.2386 0.0000 102.2055 0.0000 256.1731 0.5678 4.0365
1.8712 0.0000 102.1801 0.0000 261.6218 0.5728 4.3129
1.5249 0.0000 102.1382 0.0000 263.4630 0.5759 4.8345
1.2263 0.0000 102.0915 0.0000 269.7548 0.5774 5.2944
1.0635 0.0000 102.0557 0.0000 273.6335 0.5791 5.4328
1.0028 0.0000 102.0137 0.0000 275.9449 0.5816 5.6477
0.9961 0.0000 102.0039 24.6370 270.7424 0.5860 4.9866
