-2.0013 0.0004 102.9677 177.0610 242.2689 0.4987 3.5576
0.3594 0.0000 102.9765 372.1394 215.6951 0.5179 3.3791
3.0517 0.0000 102.9462 491.5390 223.0717 0.4956 2.9214
4.2252 0.0000 102.8501 562.0495 226.9649 0.4791 2.2471
4.9395 0.0000 102.7324 569.7362 227.8707 0.4776 1.7522
5.4448 0.0000 102.6308 511.4078 228.5874 0.4810 1.4643
5.7450 0.0000 102.5626 393.3781 229.0266 0.4828 1.3826
5.7394 0.0000 102.5202 233.4759 228.4943 0.4849 1.4893
5.4203 0.0000 102.5111 62.4793 228.7471 0.4884 1.8744
4.9669 0.0000 102.5258 0.0105 228.7070 0.4909 2.4986
4.5029 0.0000 102.5306 0.0000 228.6842 0.4939 3.0496
4.0371 0.0000 102.5155 0.0000 228.3921 0.4991 3.6760
3.5740 0.0000 102.4891 0.0000 227.7925 0.5078 4.2253
3.1011 0.0000 102.4822 0.0000 227.4216 0.5217 4.4167
2.6262 0.0000 102.5014 0.0000 227.5478 0.5407 4.2412
2.1070 0.0000 102.4977 0.0000 227.9887 0.5602 4.2331
1.5371 0.0000 102.4612 0.0000 228.1188 0.5768 4.4769
0.9534 0.0000 102.4483 0.0000 228.9151 0.5895 4.1911
0.4250 0.0001 102.4467 0.0000 239.1122 0.5955 3.5694
-0.0990 0.0031 102.4134 0.0000 255.7200 0.5923 3.4157
-0.6087 0.0081 102.3760 0.0000 273.3192 0.5808 3.5849
-0.9368 0.0067 102.3389 0.0000 275.0534 0.5708 3.9220
-1.2320 0.0079 102.3125 0.0000 276.1385 0.5617 4.2621
-1.3733 0.0075 102.2763 28.6982 279.5366 0.5537 4.2762
