-1.4560 0.0032 97.4758 138.7427 251.1226 0.5000 4.6792
0.3049 0.0003 97.5073 314.0484 234.1301 0.5064 4.2631
2.4495 0.0000 97.4904 465.2476 232.5867 0.5120 3.5581
4.5319 0.0000 97.4215 566.2097 231.0470 0.4896 2.8327
5.9369 0.0000 97.3107 592.8553 232.5758 0.4757 2.4396
6.8300 0.0000 97.2073 543.2968 236.2479 0.4776 2.4796
7.3740 0.0000 97.1239 425.8404 239.8393 0.4809 2.5396
7.4153 0.0000 97.0880 272.5610 239.5883 0.4872 2.6432
6.8155 0.0000 97.0700 100.4769 238.0708 0.4985 3.1513
5.6010 0.0000 97.0780 2.7264 235.5279 0.5095 4.0367
4.3684 0.0000 97.1112 0.0000 232.8067 0.5107 3.9023
3.5028 0.0000 97.1319 0.0000 231.3829 0.5085 3.1690
2.9908 0.0000 97.1443 0.0000 233.6878 0.5043 2.7726
2.7149 0.0000 97.1450 0.0000 246.1722 0.5002 2.4770
2.6227 0.0000 97.1301 0.0000 253.7779 0.4983 2.3446
2.6856 0.0000 97.0980 0.0000 261.3628 0.4984 2.2797
2.8659 0.0000 97.0752 0.0000 265.9904 0.4996 2.2302
3.0810 0.0000 97.0536 0.0000 270.6423 0.5016 2.1762
3.2672 0.0000 97.0185 0.0000 276.3191 0.5038 2.1623
3.3566 0.0000 96.9723 0.0000 280.3868 0.5058 2.1292
3.3613 0.0000 96.9219 0.0000 282.7148 0.5069 2.0455
3.2536 0.0000 96.8578 0.0000 284.8525 0.5074 2.9203
2.9520 0.0000 96.8505 0.0000 282.3616 0.5085 3.2276
2.8120 0.0002 96.8979 15.1629 281.3056 0.5108 2.4514
