-1.1902 0.0026 102.5095 152.5942 259.3359 0.5244 3.8224
0.6673 0.0001 102.5213 309.9164 245.6896 0.5382 3.9704
3.3025 0.0000 102.4820 468.6979 236.0608 0.5190 4.1986
5.1180 0.0000 102.3795 574.5047 232.6443 0.4910 3.6935
6.1790 0.0000 102.2575 598.8342 231.2007 0.4891 3.0683
6.9017 0.0000 102.1518 548.0588 230.9532 0.4932 2.7215
7.3329 0.0000 102.0753 428.3547 232.7479 0.4962 2.6446
7.3941 0.0000 102.0329 261.8191 234.1856 0.4996 2.7912
7.0284 0.0000 102.0238 81.7687 234.9178 0.5089 3.3372
6.4296 0.0000 102.0330 0.3631 234.8669 0.5164 4.3457
5.8259 0.0000 102.0354 0.0000 234.8916 0.5216 5.1153
5.1999 0.0000 102.0113 0.0000 234.8539 0.5292 5.6297
4.5369 0.0000 101.9995 0.0000 234.6006 0.5377 5.6342
3.9320 0.0000 102.0146 0.0000 234.2420 0.5450 5.2035
3.4474 0.0000 102.0202 0.0000 234.0201 0.5498 4.9704
2.9952 0.0000 101.9915 0.0000 234.0294 0.5521 4.9085
2.5895 0.0000 101.9641 0.0000 237.4001 0.5534 4.6934
2.2638 0.0000 101.9517 0.0000 244.1030 0.5553 4.1894
1.9672 0.0000 101.9355 0.0000 251.4366 0.5574 3.7316
1.6627 0.0000 101.9018 0.0000 259.5280 0.5598 3.6884
1.3824 0.0000 101.8801 0.0000 261.5526 0.5631 4.0973
1.2511 0.0000 101.8570 0.0000 265.2305 0.5678 4.6979
1.2457 0.0001 101.8243 0.0000 268.0985 0.5727 5.2920
1.3224 0.0003 101.7795 36.8282 258.0501 0.5770 5.6216
