-1.4660 0.0023 99.8830 192.4487 240.6210 0.5082 3.0295
0.5779 0.0001 99.8896 372.5121 229.7381 0.5226 3.2527
3.3444 0.0000 99.8516 523.4850 224.5737 0.4992 3.5311
5.3015 0.0000 99.7518 612.1333 225.7515 0.4726 2.9994
6.3489 0.0000 99.6401 621.2082 228.4528 0.4796 2.3495
7.0462 0.0000 99.5487 562.9532 230.1612 0.4908 2.0287
7.4649 0.0000 99.4811 439.3218 232.4458 0.4982 2.1000
7.4665 0.0000 99.4486 269.3570 233.7317 0.5045 2.3702
6.9472 0.0000 99.4452 84.4719 233.8874 0.5157 3.0306
6.0446 0.0000 99.4617 0.3283 232.9497 0.5238 3.9721
5.1481 0.0000 99.4704 0.0000 232.1124 0.5278 4.3327
4.3916 0.0000 99.4499 0.0000 231.7806 0.5316 4.4315
3.7724 0.0000 99.4368 0.0000 231.5634 0.5354 4.2533
3.3301 0.0000 99.4389 0.0000 231.5279 0.5384 3.8936
3.0417 0.0000 99.4446 0.0000 231.8066 0.5409 3.6731
2.7441 0.0000 99.4183 0.0000 233.4371 0.5419 3.5569
2.4688 0.0000 99.3943 0.0000 235.4958 0.5420 3.5593
2.2328 0.0000 99.3660 0.0000 240.4015 0.5425 3.4227
1.9980 0.0000 99.3348 0.0000 249.2949 0.5432 2.8076
1.7739 0.0000 99.3111 0.0000 259.2050 0.5442 2.1876
1.6032 0.0000 99.3027 0.0000 260.4793 0.5455 2.0517
1.5786 0.0003 99.2912 0.0000 262.9427 0.5476 2.5310
1.6268 0.0009 99.2681 0.0005 258.7123 0.5505 3.3558
1.6768 0.0007 99.2232 49.4290 247.6493 0.5530 4.2350
