-1.1362 0.0026 100.5473 120.6208 266.1347 0.5230 4.0870
0.4064 0.0001 100.5713 323.3109 228.3609 0.5263 4.0458
2.5538 0.0000 100.5451 479.0713 224.9847 0.5152 4.2210
4.3413 0.0000 100.4551 566.4268 228.8146 0.4978 4.0088
5.4775 0.0000 100.3364 590.0944 229.8515 0.4908 3.5024
6.3062 0.0000 100.2225 537.6584 233.9627 0.4893 3.3228
6.7599 0.0000 100.1389 420.8644 237.7843 0.4913 3.3582
6.7883 0.0000 100.1028 263.6765 239.4001 0.4945 3.4931
6.2999 0.0000 100.0879 92.4250 238.9790 0.5035 3.9539
5.4482 0.0000 100.0942 1.7921 236.9231 0.5121 4.7738
4.6781 0.0000 100.1077 0.0000 234.3680 0.5110 4.8348
4.0939 0.0000 100.1173 0.0000 232.3923 0.5085 4.1209
3.6571 0.0000 100.1283 0.0000 231.6696 0.5057 3.3774
3.2992 0.0000 100.1216 0.0000 234.5547 0.5031 3.0354
2.9774 0.0000 100.1069 0.0000 240.8757 0.5024 2.7429
2.7159 0.0000 100.0793 0.0000 252.1423 0.5038 2.4044
2.5292 0.0000 100.0564 0.0000 258.8877 0.5066 2.2057
2.3750 0.0000 100.0351 0.0000 263.9540 0.5106 2.2399
2.1879 0.0000 100.0032 0.0000 267.6566 0.5157 2.5632
1.9276 0.0000 99.9570 0.0000 273.5418 0.5223 2.9900
1.6414 0.0000 99.9172 0.0000 276.9348 0.5302 3.1101
1.3938 0.0000 99.8741 0.0000 279.0353 0.5380 3.3753
1.1515 0.0000 99.8425 0.0000 278.2042 0.5457 3.5607
1.1152 0.0000 99.8729 17.8692 277.8325 0.5516 2.6588
