-0.6005 0.0008 102.3913 124.3566 263.3837 0.5370 4.5297
0.9074 0.0000 102.4139 310.6647 234.5238 0.5386 4.4360
2.9679 0.0000 102.3833 471.5994 228.8580 0.5199 4.5637
4.7200 0.0000 102.2880 571.5059 228.5085 0.4957 4.3386
5.7310 0.0000 102.1684 592.5163 229.1725 0.4909 3.8153
6.4781 0.0000 102.0540 540.0529 231.5204 0.4897 3.5133
6.8685 0.0000 101.9716 421.6830 234.9886 0.4924 3.4714
6.9307 0.0000 101.9276 260.7348 237.3890 0.4945 3.5355
6.6192 0.0000 101.9145 87.1318 238.4897 0.5022 3.8526
6.1142 0.0000 101.9162 1.1049 238.2110 0.5082 4.5726
5.6148 0.0000 101.9169 0.0000 237.4356 0.5078 5.0538
5.0968 0.0000 101.9121 0.0000 236.3504 0.5093 4.9898
4.5908 0.0000 101.9180 0.0000 235.2491 0.5139 4.4564
4.1114 0.0000 101.9234 0.0000 234.5590 0.5203 4.1760
3.6206 0.0000 101.9087 0.0000 235.8169 0.5287 4.1966
3.1189 0.0000 101.8848 0.0000 242.2201 0.5383 3.9297
2.6702 0.0000 101.8653 0.0000 252.3526 0.5464 3.4875
2.2949 0.0000 101.8529 0.0000 258.7482 0.5529 3.3813
1.9382 0.0000 101.8261 0.0000 263.2203 0.5584 3.6754
1.5754 0.0000 101.7834 0.0000 266.2316 0.5636 4.1964
1.2443 0.0000 101.7407 0.0000 272.0398 0.5683 4.5636
1.0432 0.0000 101.7036 0.0000 274.9033 0.5727 4.7138
0.9446 0.0000 101.6626 0.0000 276.3885 0.5770 4.9239
0.9457 0.0000 101.6647 23.0865 272.8085 0.5816 4.1806
