-2.1247 0.0011 102.9161 171.1032 248.0845 0.4986 3.3686
0.3298 0.0000 102.9261 375.5080 217.2996 0.5243 3.4045
3.1703 0.0000 102.8921 497.8714 223.2922 0.5080 3.2194
4.4189 0.0000 102.7925 554.8139 231.4078 0.4922 2.5489
5.1786 0.0000 102.6783 571.9452 229.5962 0.4908 1.9886
5.7355 0.0000 102.5756 520.2029 228.4458 0.4939 1.6727
6.0855 0.0000 102.5025 401.0486 229.3255 0.4949 1.5707
6.0915 0.0000 102.4601 237.1792 229.8342 0.4974 1.6398
5.7713 0.0000 102.4510 64.7386 230.1246 0.5020 2.0101
5.3046 0.0000 102.4669 0.0213 229.9437 0.5061 2.7063
4.8107 0.0000 102.4742 0.0000 229.7705 0.5098 3.3973
4.3053 0.0000 102.4555 0.0000 229.3846 0.5147 4.1219
3.8147 0.0000 102.4290 0.0000 228.7944 0.5221 4.6689
3.3474 0.0000 102.4269 0.0000 228.4706 0.5337 4.7424
2.9027 0.0000 102.4462 0.0000 228.5595 0.5494 4.4541
2.4031 0.0000 102.4329 0.0000 228.9443 0.5659 4.4339
1.8288 0.0000 102.3951 0.0000 228.9057 0.5821 4.6951
1.2103 0.0000 102.3870 0.0000 229.5336 0.5975 4.4316
0.6309 0.0002 102.3854 0.0000 239.7021 0.6062 3.8116
0.0360 0.0039 102.3581 0.0000 261.7876 0.6018 3.6977
-0.5473 0.0131 102.3243 0.0000 281.6874 0.5863 3.8618
-0.8690 0.0090 102.2921 0.0000 283.2174 0.5748 4.1029
-1.0669 0.0074 102.2644 0.0000 282.4266 0.5684 4.4122
-1.1112 0.0065 102.2234 27.0181 283.8754 0.5637 4.4648
