0.5658 0.0050 103.0618 179.6804 259.4818 0.5784 4.0568
2.4622 0.0014 103.0776 344.6894 250.8922 0.5894 3.9879
4.1957 0.0003 103.0336 523.2819 227.8947 0.5820 3.5643
5.2067 0.0002 102.9315 591.3050 230.2230 0.5753 3.0288
5.9354 0.0002 102.8168 581.3358 234.2673 0.5727 2.5470
6.4538 0.0001 102.7271 511.9449 236.2205 0.5714 2.1974
6.6989 0.0001 102.6614 388.4205 236.6283 0.5729 2.0201
6.6505 0.0000 102.6282 222.6922 236.8283 0.5752 1.9615
6.3295 0.0001 102.6271 53.0806 236.9365 0.5791 2.1958
5.8689 0.0002 102.6489 0.0000 241.4893 0.5871 2.8631
5.3568 0.0002 102.6725 0.0000 243.9432 0.5979 3.4618
4.7909 0.0001 102.6677 0.0000 240.7073 0.6090 4.0947
4.1841 0.0000 102.6448 0.0000 234.7289 0.6184 4.7968
3.6094 0.0000 102.6258 0.0000 230.1355 0.6231 5.3584
3.1826 0.0000 102.6220 0.0000 228.8083 0.6232 5.3393
2.8482 0.0000 102.6224 0.0000 228.0824 0.6186 4.8759
2.5619 0.0000 102.6053 0.0000 227.2222 0.6119 4.6429
2.3455 0.0000 102.5756 0.0000 226.5964 0.6055 4.7738
2.1704 0.0000 102.5315 0.0000 226.2071 0.6017 4.7577
1.9986 0.0000 102.5007 0.0000 226.0976 0.6008 4.3755
1.8042 0.0000 102.5006 0.0000 226.7749 0.6003 4.3527
1.7746 0.0000 102.5099 0.0000 232.5737 0.6001 4.3581
1.9133 0.0000 102.5008 0.0663 243.4217 0.6007 4.1508
2.1547 0.0000 102.4680 45.8737 253.9516 0.6032 4.0644
