-2.3574 0.0002 102.6574 161.6861 240.5501 0.4803 4.0381
-0.2878 0.0000 102.6766 328.5829 222.5291 0.4980 3.5768
2.6034 0.0000 102.6490 463.9802 224.6268 0.4660 3.2861
4.2184 0.0000 102.5536 551.3581 226.0360 0.4402 2.7166
5.0099 0.0000 102.4310 569.6020 224.8597 0.4397 2.2251
5.5559 0.0000 102.3287 514.4825 225.6592 0.4443 1.9706
5.8936 0.0000 102.2507 401.8708 225.8638 0.4473 1.9354
5.8857 0.0000 102.2083 239.4961 227.2471 0.4511 2.0661
5.5305 0.0000 102.1992 68.9237 228.2894 0.4564 2.5863
4.9637 0.0000 102.2039 0.1087 228.1110 0.4600 3.4850
4.3220 0.0000 102.2096 0.0000 227.4813 0.4625 4.2545
3.6576 0.0000 102.1929 0.0000 226.7911 0.4656 4.8924
3.0287 0.0000 102.1729 0.0000 226.3128 0.4698 5.1990
2.5112 0.0000 102.1806 0.0000 226.3821 0.4756 5.0239
2.1112 0.0000 102.2006 0.0000 226.8486 0.4842 4.7896
1.7278 0.0000 102.1714 0.0000 227.4185 0.4943 4.9219
1.3150 0.0000 102.1491 0.0000 228.6964 0.5052 4.7925
0.9321 0.0000 102.1519 0.0000 235.1243 0.5173 4.3013
0.6124 0.0000 102.1419 0.0000 241.5708 0.5301 4.1308
0.3399 0.0000 102.0907 0.0000 248.2705 0.5443 4.2972
0.0749 0.0000 102.0387 0.0000 251.6561 0.5567 4.6882
-0.1983 0.0005 101.9956 0.0000 250.4326 0.5654 5.0943
-0.5657 0.0034 101.9643 0.0000 257.9837 0.5671 5.2699
-0.8935 0.0048 101.9285 26.2757 270.3452 0.5630 5.0624
