-0.9797 0.0055 103.0852 167.6511 260.4662 0.5458 3.3167
1.3008 0.0012 103.0974 334.9184 250.0994 0.5725 3.3732
3.6785 0.0001 103.0558 519.6527 224.8683 0.5667 3.1075
4.8563 0.0001 102.9524 585.1806 229.1007 0.5576 2.5141
5.6515 0.0001 102.8343 580.3941 232.2500 0.5561 2.0113
6.2310 0.0000 102.7410 509.7157 235.2903 0.5562 1.6385
6.5464 0.0000 102.6724 389.0572 235.4985 0.5576 1.4415
6.5335 0.0000 102.6353 224.1594 236.3345 0.5606 1.3969
6.2464 0.0000 102.6316 55.2427 235.6155 0.5648 1.6336
5.8287 0.0001 102.6510 0.0000 240.8222 0.5727 2.3225
5.3215 0.0002 102.6715 0.0000 244.7886 0.5843 3.0594
4.7127 0.0002 102.6636 0.0000 242.9849 0.5970 3.8853
4.0107 0.0000 102.6405 0.0000 237.3197 0.6089 4.7678
3.2918 0.0000 102.6227 0.0000 230.6835 0.6177 5.4368
2.6865 0.0000 102.6292 0.0000 229.1471 0.6229 5.5045
2.1925 0.0000 102.6327 0.0000 228.1058 0.6223 5.1069
1.7779 0.0000 102.6128 0.0000 227.1518 0.6173 4.9313
1.4640 0.0000 102.5822 0.0000 227.0216 0.6100 5.0495
1.1780 0.0001 102.5485 0.0000 231.5762 0.6019 4.7287
0.8737 0.0014 102.5321 0.0000 238.8652 0.5939 4.0572
0.6064 0.0022 102.5240 0.0000 243.2125 0.5861 3.9318
0.5570 0.0014 102.5169 0.0000 250.6356 0.5817 3.8640
0.6834 0.0008 102.4967 0.0114 254.6963 0.5810 3.8520
0.9286 0.0004 102.4614 39.9000 260.8381 0.5840 3.9933
