-1.8831 0.0044 102.5788 163.7586 258.9899 0.5070 2.4184
0.3392 0.0003 102.5859 350.0874 239.9035 0.5351 2.8194
3.3297 0.0000 102.5427 474.1144 235.8957 0.5251 3.3460
4.9097 0.0000 102.4420 548.0839 240.1314 0.5054 2.8523
5.8506 0.0000 102.3234 587.2385 232.8995 0.5045 2.2929
6.5431 0.0000 102.2216 536.7693 231.4213 0.5069 1.9696
6.9713 0.0000 102.1428 417.7115 232.0591 0.5081 1.8581
7.0004 0.0000 102.1054 249.9946 232.9667 0.5108 1.9470
6.6342 0.0000 102.0962 72.0901 232.9994 0.5163 2.4832
6.0039 0.0000 102.1123 0.0642 232.2317 0.5211 3.5033
5.3191 0.0000 102.1219 0.0000 231.4453 0.5237 4.3342
4.6393 0.0000 102.1013 0.0000 230.5592 0.5261 4.9709
4.0422 0.0000 102.0761 0.0000 229.8390 0.5286 5.2464
3.5854 0.0000 102.0830 0.0000 229.4806 0.5329 4.9537
3.2294 0.0000 102.1000 0.0000 229.6749 0.5397 4.4257
2.8346 0.0000 102.0771 0.0000 230.0657 0.5481 4.1884
2.3755 0.0000 102.0491 0.0000 230.0654 0.5600 4.2316
1.8872 0.0000 102.0300 0.0000 230.7675 0.5756 4.0186
1.3969 0.0000 102.0155 0.0000 236.0920 0.5908 3.3967
0.9086 0.0006 101.9938 0.0000 249.2745 0.6014 3.1843
0.3899 0.0041 101.9781 0.0000 269.3725 0.6044 3.4585
-0.0130 0.0068 101.9622 0.0000 284.3260 0.5999 3.9381
-0.2250 0.0102 101.9405 0.0000 290.8437 0.5963 4.4590
-0.1413 0.0035 101.8970 29.7041 286.7354 0.5997 4.8393
