-1.4696 0.0060 101.4204 170.3689 258.9817 0.5156 2.4470
0.3847 0.0004 101.4270 340.0254 247.6548 0.5358 2.7994
3.2077 0.0000 101.3859 494.9063 233.0551 0.5233 3.3261
5.1885 0.0000 101.2790 586.8183 233.3414 0.4924 2.9061
6.2693 0.0000 101.1605 600.6034 233.9777 0.4946 2.3266
7.0062 0.0000 101.0623 552.6510 231.7896 0.5018 1.9742
7.4368 0.0000 100.9915 429.6013 233.9076 0.5072 1.9218
7.4660 0.0000 100.9523 260.2689 235.0120 0.5121 2.1072
7.0449 0.0000 100.9457 78.4165 235.0566 0.5204 2.7839
6.2654 0.0000 100.9622 0.1684 234.0664 0.5265 3.9110
5.3996 0.0000 100.9712 0.0000 232.8872 0.5295 4.5528
4.5643 0.0000 100.9513 0.0000 231.9204 0.5320 4.8935
3.8528 0.0000 100.9347 0.0000 231.1719 0.5337 4.8896
3.3223 0.0000 100.9398 0.0000 230.8267 0.5352 4.4720
2.9501 0.0000 100.9525 0.0000 230.9975 0.5374 4.0168
2.5906 0.0000 100.9265 0.0000 231.5264 0.5389 3.7147
2.2259 0.0000 100.9029 0.0000 232.0432 0.5409 3.5816
1.8872 0.0000 100.8778 0.0000 234.7362 0.5450 3.4133
1.5373 0.0000 100.8491 0.0000 239.1933 0.5507 2.8603
1.1856 0.0000 100.8254 0.0000 248.7948 0.5579 2.3837
0.8750 0.0001 100.8212 0.0000 259.5842 0.5654 2.4504
0.6693 0.0022 100.8138 0.0000 265.2039 0.5716 3.0004
0.4952 0.0062 100.7914 0.0006 268.2957 0.5754 3.7519
0.4075 0.0029 100.7468 43.9152 260.4247 0.5778 4.4999
