0.1635 0.0061 103.0487 168.4466 275.0247 0.5903 3.6244
1.9321 0.0005 103.0633 335.5212 262.6985 0.6058 3.5417
4.2098 0.0001 103.0178 534.0900 228.5064 0.5944 3.1264
5.7075 0.0000 102.9065 590.2614 236.1474 0.5583 2.5366
6.7523 0.0000 102.7872 574.5011 242.6673 0.5346 2.1401
7.3933 0.0000 102.6850 513.7481 242.7115 0.5280 2.0261
7.7370 0.0000 102.6187 404.6806 238.1929 0.5282 2.0922
7.7484 0.0000 102.5852 235.4983 238.8287 0.5314 2.1863
7.4519 0.0000 102.5761 60.6157 238.6022 0.5380 2.5438
6.9916 0.0000 102.6005 0.0002 237.3447 0.5467 3.1986
6.5386 0.0000 102.6189 0.0000 236.2192 0.5577 3.7289
6.0411 0.0000 102.6073 0.0000 235.2236 0.5743 4.2591
5.4658 0.0000 102.5858 0.0000 234.5052 0.5993 4.8293
4.8041 0.0000 102.5611 0.0000 233.9005 0.6283 5.2171
4.1688 0.0000 102.5694 0.0000 233.5432 0.6516 5.1300
3.5336 0.0000 102.5575 0.0000 233.2982 0.6612 4.8914
2.9346 0.0000 102.5431 0.0000 232.3332 0.6607 4.7532
2.4759 0.0000 102.5261 0.0000 231.6069 0.6540 4.6304
2.0999 0.0001 102.4847 0.0000 233.2966 0.6439 4.4783
1.7780 0.0003 102.4473 0.0000 235.6586 0.6347 4.2018
1.5394 0.0003 102.4512 0.0000 236.7847 0.6304 4.1288
1.5349 0.0001 102.4810 0.0000 247.9514 0.6300 4.0830
1.6900 0.0001 102.4805 0.0869 259.9453 0.6306 3.8774
1.8848 0.0001 102.4453 50.6005 255.4499 0.6298 3.8359
