2.4176 0.0025 103.0140 216.3752 250.1539 0.6322 5.6842
4.1033 0.0002 103.0286 407.4691 234.8426 0.6278 5.1968
5.5021 0.0000 102.9772 548.5836 230.1704 0.6106 4.5635
6.4365 0.0000 102.8811 610.7195 233.0890 0.5984 4.0247
7.1203 0.0000 102.7702 598.1362 237.3987 0.5896 3.4519
7.6473 0.0000 102.6764 519.9274 241.1142 0.5827 3.0624
7.8802 0.0000 102.6111 397.8802 240.2867 0.5815 2.9145
7.8465 0.0000 102.5834 230.3343 239.3889 0.5840 2.8533
7.5659 0.0000 102.5819 55.5974 239.6406 0.5932 3.0622
7.0856 0.0000 102.6055 0.0000 239.3217 0.6102 3.6713
6.5258 0.0000 102.6306 0.0000 237.8207 0.6267 4.1959
5.9116 0.0000 102.6259 0.0000 236.4036 0.6405 4.7096
5.3488 0.0000 102.6121 0.0000 234.7919 0.6500 5.1427
4.9343 0.0000 102.5872 0.0000 233.2205 0.6559 5.3616
4.7383 0.0000 102.5803 0.0000 232.1584 0.6555 5.1329
4.5103 0.0000 102.5685 0.0000 231.7643 0.6513 4.8058
4.2088 0.0000 102.5466 0.0000 230.8541 0.6454 4.7677
3.9268 0.0000 102.5297 0.0000 230.1751 0.6399 4.7807
3.6447 0.0000 102.4881 0.0000 229.7142 0.6356 4.7431
3.3697 0.0000 102.4363 0.0000 229.4066 0.6331 4.7287
3.1013 0.0000 102.4317 0.0000 229.1826 0.6323 4.8412
2.9949 0.0000 102.4683 0.0000 230.7939 0.6304 5.0692
3.0448 0.0000 102.4899 0.2997 248.8563 0.6290 4.8793
3.2103 0.0000 102.4631 55.4704 253.5055 0.6291 4.5535
