-1.4665 0.0069 101.9839 164.6370 261.9138 0.5178 2.4336
0.3475 0.0004 101.9905 329.0440 252.2216 0.5390 2.7796
3.2756 0.0000 101.9477 484.0331 235.6826 0.5267 3.3594
5.2299 0.0000 101.8393 576.1545 236.3451 0.4956 2.9478
6.2895 0.0000 101.7196 592.6900 235.9374 0.4970 2.3783
7.0265 0.0000 101.6194 549.4640 232.1425 0.5029 2.0315
7.4538 0.0000 101.5470 427.0392 234.1730 0.5075 1.9629
7.4793 0.0000 101.5057 258.1942 235.1931 0.5120 2.1358
7.0657 0.0000 101.4975 77.2588 235.1970 0.5198 2.8255
6.3062 0.0000 101.5140 0.1476 234.2317 0.5258 4.0059
5.4655 0.0000 101.5227 0.0000 233.1493 0.5287 4.7281
4.6546 0.0000 101.5012 0.0000 232.1950 0.5312 5.1395
3.9606 0.0000 101.4834 0.0000 231.4404 0.5328 5.1754
3.4341 0.0000 101.4905 0.0000 231.0733 0.5344 4.7370
3.0588 0.0000 101.5048 0.0000 231.2505 0.5366 4.2390
2.7004 0.0000 101.4776 0.0000 231.6516 0.5385 3.9292
2.3332 0.0000 101.4535 0.0000 232.0624 0.5413 3.7959
1.9849 0.0000 101.4292 0.0000 234.6426 0.5467 3.5912
1.6184 0.0000 101.4038 0.0000 238.7975 0.5543 2.9900
1.2405 0.0000 101.3808 0.0000 246.8252 0.5636 2.5245
0.8904 0.0001 101.3754 0.0000 259.6811 0.5731 2.6477
0.6282 0.0029 101.3677 0.0000 268.1849 0.5805 3.2580
0.4023 0.0080 101.3429 0.0002 272.0124 0.5840 4.0511
0.3052 0.0035 101.2978 40.8052 265.3442 0.5859 4.7857
