-1.8833 0.0028 102.8029 162.2923 256.0057 0.5072 3.1011
0.3541 0.0002 102.8144 340.9667 236.6421 0.5314 3.3908
3.2386 0.0000 102.7756 459.3684 236.9271 0.5192 3.6990
4.7056 0.0000 102.6758 545.4885 237.7702 0.5014 3.0571
5.6520 0.0000 102.5577 586.9542 230.3360 0.4982 2.4263
6.3427 0.0000 102.4518 534.9571 229.7920 0.5001 2.0757
6.7958 0.0000 102.3707 416.4027 230.7285 0.5004 1.9385
6.8618 0.0000 102.3315 249.6715 231.9049 0.5031 2.0245
6.5640 0.0000 102.3224 72.8280 232.3907 0.5094 2.4836
6.0688 0.0000 102.3347 0.1055 232.1672 0.5162 3.4382
5.4994 0.0000 102.3405 0.0000 231.9452 0.5219 4.3902
4.8605 0.0000 102.3201 0.0000 231.3727 0.5269 5.2256
4.2069 0.0000 102.2962 0.0000 230.7554 0.5319 5.6301
3.6456 0.0000 102.3063 0.0000 230.3567 0.5375 5.3899
3.2004 0.0000 102.3239 0.0000 230.3338 0.5439 4.9634
2.7519 0.0000 102.2994 0.0000 230.4880 0.5502 4.9052
2.2673 0.0000 102.2684 0.0000 230.1981 0.5583 4.9136
1.7777 0.0000 102.2604 0.0000 232.5379 0.5697 4.4577
1.3199 0.0000 102.2515 0.0000 240.3894 0.5810 3.8849
0.8899 0.0006 102.2219 0.0000 253.0544 0.5895 3.9045
0.4437 0.0033 102.1961 0.0000 265.8081 0.5946 4.2853
0.1160 0.0041 102.1710 0.0000 275.7025 0.5960 4.7890
-0.1135 0.0049 102.1433 0.0000 283.9065 0.5958 5.2036
-0.1117 0.0026 102.1000 26.5122 285.9358 0.5984 5.3804
