-1.3625 0.0030 101.1619 179.2276 247.2956 0.5155 3.1961
0.5853 0.0002 101.1684 340.9373 240.0082 0.5308 3.4148
3.4259 0.0000 101.1273 500.1761 230.2411 0.5081 3.7586
5.3469 0.0000 101.0256 594.8869 229.8397 0.4802 3.2672
6.4041 0.0000 100.9068 608.9580 231.2448 0.4837 2.6290
7.1137 0.0000 100.8102 556.9285 231.0235 0.4918 2.3024
7.5306 0.0000 100.7394 434.8977 233.0025 0.4975 2.3135
7.5420 0.0000 100.7018 266.2138 234.2038 0.5031 2.5497
7.0693 0.0000 100.6952 83.0753 234.4000 0.5141 3.2077
6.2814 0.0000 100.7117 0.3084 233.7383 0.5222 4.2207
5.5200 0.0000 100.7172 0.0000 233.3212 0.5273 4.7483
4.8358 0.0000 100.6922 0.0000 233.2344 0.5333 5.0377
4.1928 0.0000 100.6791 0.0000 233.0817 0.5390 4.9592
3.6694 0.0000 100.6877 0.0000 232.9153 0.5429 4.5504
3.3086 0.0000 100.6953 0.0000 233.0229 0.5455 4.2731
2.9721 0.0000 100.6677 0.0000 233.9598 0.5460 4.1722
2.6681 0.0000 100.6405 0.0000 235.7059 0.5461 4.1560
2.4079 0.0000 100.6173 0.0000 241.6244 0.5471 3.8880
2.1510 0.0000 100.5938 0.0000 249.3186 0.5483 3.1996
1.8889 0.0000 100.5681 0.0000 259.3747 0.5499 2.6904
1.6616 0.0000 100.5572 0.0000 260.8283 0.5519 2.7596
1.5791 0.0003 100.5413 0.0000 264.1380 0.5549 3.3958
1.6222 0.0009 100.5156 0.0001 263.1410 0.5593 4.2323
1.7064 0.0004 100.4674 46.0655 248.0777 0.5633 5.0311
