1.7428 0.0033 103.0514 196.4298 253.8327 0.5970 4.7354
3.2657 0.0011 103.0674 366.2379 244.6670 0.5954 4.4770
4.5365 0.0004 103.0267 528.9475 229.0926 0.5893 4.0171
5.3547 0.0002 102.9270 595.9506 230.5757 0.5862 3.4929
5.9840 0.0002 102.8150 586.3453 233.9477 0.5843 2.9796
6.4320 0.0001 102.7282 512.2757 236.8566 0.5822 2.6090
6.6202 0.0001 102.6658 389.4294 236.4233 0.5835 2.4241
6.5529 0.0001 102.6328 222.4972 236.3254 0.5850 2.3555
6.2198 0.0001 102.6317 52.0875 237.0484 0.5885 2.5642
5.7601 0.0002 102.6553 0.0000 240.8538 0.5952 3.1671
5.2928 0.0001 102.6796 0.0000 242.3801 0.6037 3.6450
4.8099 0.0001 102.6781 0.0000 237.6961 0.6114 4.1359
4.3302 0.0000 102.6526 0.0000 232.4227 0.6173 4.6859
3.9291 0.0000 102.6334 0.0000 229.9101 0.6200 5.1131
3.6690 0.0000 102.6246 0.0000 228.7069 0.6194 5.0345
3.4453 0.0000 102.6200 0.0000 228.3224 0.6155 4.6035
3.2134 0.0000 102.6036 0.0000 227.6911 0.6104 4.4567
2.9859 0.0000 102.5755 0.0000 227.1749 0.6067 4.6333
2.7626 0.0000 102.5289 0.0000 226.6233 0.6047 4.7375
2.5564 0.0000 102.4911 0.0000 226.2923 0.6048 4.5235
2.3484 0.0000 102.4906 0.0000 226.6039 0.6060 4.5666
2.3013 0.0000 102.5081 0.0000 229.8337 0.6074 4.6341
2.4248 0.0000 102.5058 0.1203 240.5330 0.6089 4.3770
2.6708 0.0000 102.4755 47.9861 254.0874 0.6117 4.1502
