-0.7794 0.0007 102.6498 119.4499 263.2533 0.5325 4.3600
0.7655 0.0000 102.6724 288.1467 240.1920 0.5350 4.3256
2.7654 0.0000 102.6441 454.5412 232.1469 0.5207 4.4168
4.5939 0.0000 102.5487 563.8718 228.9386 0.4952 4.1697
5.6241 0.0000 102.4283 587.3899 228.8113 0.4892 3.6113
6.3814 0.0000 102.3116 535.2554 231.1158 0.4862 3.2525
6.7939 0.0000 102.2282 418.2645 234.4373 0.4873 3.1499
6.9056 0.0000 102.1811 257.9216 236.8022 0.4877 3.1864
6.6670 0.0000 102.1666 85.2239 238.0331 0.4924 3.4700
6.2365 0.0000 102.1674 0.9847 237.9912 0.4963 4.1718
5.7628 0.0000 102.1694 0.0000 237.4875 0.4965 4.7622
5.2366 0.0000 102.1605 0.0000 236.5306 0.4994 4.8868
4.7113 0.0000 102.1663 0.0000 235.4680 0.5062 4.4805
4.2186 0.0000 102.1750 0.0000 234.6609 0.5153 4.2446
3.7102 0.0000 102.1602 0.0000 234.6467 0.5262 4.4270
3.1715 0.0000 102.1351 0.0000 238.9794 0.5381 4.2431
2.6766 0.0000 102.1178 0.0000 250.2940 0.5481 3.8082
2.2609 0.0000 102.1118 0.0000 257.1014 0.5560 3.6988
1.8814 0.0000 102.0859 0.0000 261.8275 0.5625 3.9453
1.5237 0.0000 102.0401 0.0000 265.0612 0.5678 4.4533
1.2153 0.0000 101.9919 0.0000 271.2561 0.5718 4.8874
1.0343 0.0000 101.9539 0.0000 274.9605 0.5754 5.0923
0.9396 0.0000 101.9119 0.0000 276.9570 0.5790 5.3604
0.9045 0.0000 101.9108 23.2348 271.4677 0.5838 4.7236
