-0.6393 0.0008 102.2521 138.9376 263.1729 0.5361 4.6339
1.1146 0.0000 102.2671 326.5684 235.1466 0.5419 4.5981
3.4837 0.0000 102.2316 488.6008 230.5529 0.5164 4.6139
5.3551 0.0000 102.1312 589.8677 229.1670 0.4875 4.1874
6.3900 0.0000 102.0137 609.6634 229.1781 0.4873 3.6446
7.0854 0.0000 101.9062 553.4261 231.4480 0.4922 3.3857
7.4622 0.0000 101.8317 433.1901 233.9723 0.4975 3.4039
7.4787 0.0000 101.7910 267.5544 235.8324 0.5014 3.5265
7.0477 0.0000 101.7818 87.3162 237.1006 0.5127 4.0112
6.3592 0.0000 101.7840 0.7195 237.2839 0.5202 4.9344
5.7004 0.0000 101.7854 0.0000 237.2111 0.5215 5.5349
5.0897 0.0000 101.7692 0.0000 236.9192 0.5257 5.6564
4.5337 0.0000 101.7661 0.0000 236.4544 0.5335 5.2181
4.0444 0.0000 101.7774 0.0000 236.0610 0.5421 4.6998
3.5991 0.0000 101.7695 0.0000 236.3676 0.5491 4.5395
3.1633 0.0000 101.7428 0.0000 238.1156 0.5543 4.3035
2.7987 0.0000 101.7196 0.0000 247.8067 0.5580 3.8308
2.5431 0.0000 101.7010 0.0000 253.9584 0.5609 3.3237
2.2843 0.0000 101.6812 0.0000 262.0161 0.5635 3.1974
1.9683 0.0000 101.6464 0.0000 264.7538 0.5657 3.4402
1.6771 0.0000 101.6170 0.0000 266.8805 0.5671 3.9546
1.5793 0.0000 101.5952 0.0000 271.2588 0.5682 4.3342
1.6683 0.0000 101.5529 0.0000 268.7513 0.5690 4.7940
1.8889 0.0000 101.5228 33.1749 262.8954 0.5698 4.6926
