-0.1816 0.0019 101.6701 154.8844 253.8925 0.5576 5.8886
1.5266 0.0002 101.6934 362.3434 222.6532 0.5617 5.5702
3.8121 0.0000 101.6591 507.0249 224.7265 0.5479 5.6221
5.6903 0.0000 101.5719 588.4225 231.0517 0.5150 5.3159
6.7981 0.0000 101.4602 602.0934 235.5276 0.5015 4.8253
7.5605 0.0000 101.3497 548.2001 239.3735 0.4983 4.6620
7.9583 0.0000 101.2677 429.6543 242.6393 0.5013 4.6822
7.9813 0.0000 101.2253 270.9373 244.1039 0.5060 4.8731
7.4830 0.0000 101.2082 96.6840 243.9227 0.5222 5.3363
6.5516 0.0000 101.2167 2.1419 241.7359 0.5372 6.3487
5.6627 0.0000 101.2299 0.0000 239.0776 0.5411 6.7368
4.9590 0.0000 101.2501 0.0000 237.0004 0.5443 6.1730
4.4312 0.0000 101.2550 0.0000 237.5874 0.5450 5.7605
4.0231 0.0000 101.2599 0.0000 247.6643 0.5446 5.2939
3.7120 0.0000 101.2458 0.0000 254.9244 0.5440 4.7734
3.4521 0.0000 101.2172 0.0000 262.3372 0.5430 4.4857
3.2424 0.0000 101.1943 0.0000 268.0067 0.5420 4.4005
3.0542 0.0000 101.1685 0.0000 271.9053 0.5420 4.4630
2.8435 0.0000 101.1342 0.0000 275.3472 0.5432 4.7058
2.5521 0.0000 101.0824 0.0000 280.0024 0.5464 5.0055
2.2141 0.0000 101.0449 0.0000 281.5510 0.5513 5.1305
1.9149 0.0000 101.0001 0.0000 282.1333 0.5581 5.3194
1.7514 0.0000 100.9694 0.0000 281.7685 0.5662 5.1615
1.7551 0.0000 101.0075 24.1218 271.7603 0.5726 3.9555
