-1.1092 0.0014 102.3282 107.7464 268.0052 0.5248 3.6853
0.4869 0.0000 102.3531 278.9613 239.5463 0.5268 3.8901
2.6380 0.0000 102.3254 451.1506 229.5521 0.5164 4.0871
4.6307 0.0000 102.2311 548.9273 230.3969 0.4952 3.9502
5.6803 0.0000 102.1050 576.0885 230.1022 0.4897 3.4242
6.4308 0.0000 101.9881 524.6778 233.6732 0.4860 3.0906
6.8519 0.0000 101.8990 411.8860 236.7971 0.4847 2.9693
6.9203 0.0000 101.8569 255.1581 238.7352 0.4848 3.0049
6.6089 0.0000 101.8434 86.0231 239.3792 0.4892 3.3445
6.0879 0.0000 101.8439 1.2877 238.5226 0.4927 4.0902
5.5517 0.0000 101.8474 0.0000 237.0562 0.4914 4.5185
5.0258 0.0000 101.8442 0.0000 235.3999 0.4913 4.3837
4.5270 0.0000 101.8531 0.0000 234.2343 0.4928 3.9024
4.0590 0.0000 101.8529 0.0000 233.8046 0.4955 3.7159
3.5686 0.0000 101.8381 0.0000 234.9803 0.5005 3.6638
3.0865 0.0000 101.8200 0.0000 244.2238 0.5077 3.2179
2.6745 0.0000 101.7993 0.0000 254.0615 0.5157 2.8930
2.3088 0.0000 101.7895 0.0000 259.9655 0.5247 2.7544
1.9452 0.0000 101.7631 0.0000 263.6145 0.5343 2.8714
1.5807 0.0000 101.7091 0.0000 268.5911 0.5444 3.3065
1.2489 0.0000 101.6625 0.0000 274.1769 0.5544 3.6658
1.0187 0.0000 101.6201 0.0000 277.4378 0.5628 4.0609
0.8509 0.0000 101.5763 0.0000 278.6794 0.5693 4.4880
0.7848 0.0002 101.5987 19.3786 274.6561 0.5750 4.0041
