-1.0273 0.0006 100.4106 177.3174 244.1923 0.5204 4.0344
1.1325 0.0000 100.4188 375.8398 223.1721 0.5271 4.0040
3.8896 0.0000 100.3824 525.9564 222.8746 0.4981 4.0713
5.8328 0.0000 100.2887 612.1802 225.8127 0.4705 3.5103
6.8706 0.0000 100.1771 623.7673 228.4410 0.4722 2.9341
7.5220 0.0000 100.0817 564.9700 231.0725 0.4805 2.7590
7.8471 0.0000 100.0101 442.5155 233.5244 0.4890 2.9406
7.7748 0.0000 99.9792 273.7896 235.1436 0.4971 3.2089
7.1880 0.0000 99.9718 89.3743 236.0055 0.5119 3.8261
6.2306 0.0000 99.9852 0.6720 235.7228 0.5224 4.7096
5.3134 0.0000 99.9894 0.0000 235.2364 0.5264 5.0384
4.5799 0.0000 99.9761 0.0000 234.7897 0.5306 4.9278
4.0261 0.0000 99.9692 0.0000 234.4087 0.5355 4.4141
3.6350 0.0000 99.9720 0.0000 234.3877 0.5399 3.8991
3.3650 0.0000 99.9684 0.0000 235.8878 0.5434 3.6528
3.1311 0.0000 99.9405 0.0000 238.8586 0.5456 3.4652
2.9464 0.0000 99.9136 0.0000 245.7817 0.5469 3.2941
2.8087 0.0000 99.8882 0.0000 252.4069 0.5481 2.9460
2.6334 0.0000 99.8631 0.0000 262.0880 0.5491 2.4249
2.4095 0.0000 99.8388 0.0000 265.2651 0.5498 2.1179
2.2156 0.0000 99.8156 0.0000 266.2927 0.5503 2.3378
2.2035 0.0000 99.8014 0.0000 269.0091 0.5513 2.8282
2.3575 0.0000 99.7642 0.0000 260.1115 0.5527 3.5714
2.5923 0.0000 99.7257 39.7036 259.1670 0.5540 4.0082
