-1.0961 0.0026 98.6685 150.2924 247.0214 0.5174 5.8680
0.6838 0.0002 98.6995 333.7676 230.1709 0.5198 5.5355
2.8222 0.0000 98.6765 484.9621 229.1081 0.5226 4.9368
4.8307 0.0000 98.6016 576.1066 230.9825 0.5065 3.8848
6.4231 0.0000 98.4871 597.9490 234.1871 0.4882 3.1134
7.4646 0.0000 98.3771 546.7377 238.6419 0.4892 2.9693
8.1177 0.0000 98.2916 428.5815 242.3689 0.4930 2.9044
8.2678 0.0000 98.2486 273.5329 243.0525 0.5003 2.9955
7.7433 0.0000 98.2313 100.7148 242.2930 0.5128 3.5498
6.4707 0.0000 98.2398 2.8151 239.9062 0.5259 4.6834
5.0727 0.0000 98.2785 0.0000 236.9472 0.5304 4.8582
4.0241 0.0000 98.3063 0.0000 235.1582 0.5299 4.2853
3.3590 0.0000 98.3182 0.0000 240.6259 0.5253 3.9472
2.9840 0.0000 98.3214 0.0000 252.1456 0.5196 3.4817
2.8342 0.0000 98.3107 0.0000 257.8875 0.5138 3.2619
2.8579 0.0000 98.2754 0.0000 264.8203 0.5089 3.2538
3.0165 0.0000 98.2492 0.0000 268.9319 0.5067 3.3196
3.2396 0.0000 98.2236 0.0000 273.5505 0.5068 3.3790
3.4507 0.0000 98.1857 0.0000 278.7132 0.5083 3.5369
3.5641 0.0000 98.1369 0.0000 282.3417 0.5107 3.6089
3.5698 0.0000 98.0872 0.0000 284.3462 0.5134 3.6956
3.4275 0.0000 98.0263 0.0000 285.6747 0.5165 4.3570
3.0852 0.0000 98.0259 0.0000 284.0483 0.5199 4.3249
2.8940 0.0000 98.0791 20.4862 272.3107 0.5227 3.3238
