-1.1603 0.0042 102.7811 170.5902 262.5950 0.5348 2.6723
0.6534 0.0006 102.7933 350.9623 246.3994 0.5592 2.7051
3.1736 0.0000 102.7554 504.5978 232.8741 0.5566 2.9347
4.6117 0.0000 102.6519 551.2996 241.9871 0.5344 2.4862
5.4449 0.0000 102.5363 573.1644 238.5975 0.5255 2.0011
6.0601 0.0000 102.4406 527.1390 235.0097 0.5216 1.7569
6.4133 0.0000 102.3662 412.1622 233.2877 0.5197 1.7088
6.4619 0.0000 102.3278 244.3508 233.7409 0.5193 1.7747
6.1699 0.0000 102.3187 67.5628 233.4636 0.5226 2.1593
5.6821 0.0000 102.3352 0.0211 232.4244 0.5268 2.8952
5.2150 0.0000 102.3456 0.0000 231.5525 0.5300 3.4805
4.8139 0.0000 102.3252 0.0000 231.0175 0.5350 4.0200
4.4744 0.0000 102.2979 0.0000 230.9214 0.5438 4.4184
4.1232 0.0000 102.2900 0.0000 231.1837 0.5588 4.4404
3.7297 0.0000 102.3014 0.0000 231.7242 0.5786 4.1461
3.2219 0.0000 102.2860 0.0000 232.1967 0.5982 3.9913
2.6407 0.0000 102.2626 0.0000 232.0106 0.6151 4.0923
2.0741 0.0000 102.2379 0.0000 231.8863 0.6292 4.1318
1.5286 0.0001 102.2172 0.0000 236.6954 0.6380 3.6834
0.9786 0.0010 102.1938 0.0000 254.5354 0.6355 3.2480
0.4527 0.0047 102.1904 0.0000 276.2914 0.6240 3.2963
0.1676 0.0054 102.1928 0.0000 287.0300 0.6141 3.4329
0.1184 0.0056 102.1736 0.0025 287.4401 0.6112 3.6797
0.2808 0.0020 102.1360 35.6511 280.5203 0.6145 3.9556
