-0.2977 0.0043 103.0975 168.7204 261.1931 0.5620 3.5494
2.1526 0.0009 103.1107 356.2484 238.0109 0.5734 3.4082
3.9021 0.0001 103.0684 511.2293 226.9975 0.5660 2.9931
4.8663 0.0001 102.9696 580.0498 229.4464 0.5610 2.5145
5.5419 0.0001 102.8557 578.0645 231.6042 0.5618 2.1319
6.0388 0.0001 102.7624 509.6028 233.6047 0.5618 1.8176
6.2533 0.0000 102.6957 379.3988 237.0848 0.5631 1.6223
6.1691 0.0001 102.6609 216.8198 236.7314 0.5645 1.5969
5.7720 0.0002 102.6584 51.3465 237.8297 0.5687 2.0404
5.1423 0.0004 102.6808 0.0000 244.1539 0.5763 2.9163
4.4212 0.0004 102.7045 0.0000 249.6490 0.5840 3.5226
3.7046 0.0002 102.6987 0.0000 247.7281 0.5896 4.0832
3.0382 0.0000 102.6778 0.0000 239.4010 0.5923 4.7008
2.4526 0.0000 102.6601 0.0000 229.0567 0.5922 5.1949
2.0316 0.0000 102.6631 0.0000 227.0818 0.5908 5.1814
1.7234 0.0000 102.6681 0.0000 225.8825 0.5876 4.6244
1.4894 0.0000 102.6521 0.0000 225.0575 0.5829 4.1935
1.3293 0.0000 102.6186 0.0000 224.6881 0.5778 4.2379
1.1895 0.0000 102.5820 0.0000 225.6811 0.5734 4.0258
1.0353 0.0003 102.5624 0.0000 228.7848 0.5704 3.3605
0.8832 0.0005 102.5501 0.0000 232.4360 0.5673 3.1694
0.9072 0.0004 102.5334 0.0000 241.3228 0.5654 3.1656
1.0621 0.0003 102.5139 0.0056 240.8484 0.5657 3.2298
1.2701 0.0002 102.4786 51.2068 240.8912 0.5682 3.4729
