-0.5460 0.0003 101.1675 160.1655 253.6980 0.5406 4.6490
1.4321 0.0000 101.1815 374.5363 221.1254 0.5474 4.4129
4.1517 0.0000 101.1496 522.2295 222.3559 0.5189 4.4848
6.1160 0.0000 101.0554 606.5681 227.0110 0.4848 4.0900
7.1605 0.0000 100.9428 619.1385 230.0161 0.4788 3.6446
7.8091 0.0000 100.8449 561.9810 233.1231 0.4814 3.5819
8.0583 0.0000 100.7701 437.8441 236.4467 0.4886 3.7690
7.9269 0.0000 100.7354 272.2117 238.5952 0.4964 3.9783
7.2816 0.0000 100.7263 91.9695 239.6281 0.5139 4.4904
6.2911 0.0000 100.7345 1.1332 238.9003 0.5277 5.3012
5.3938 0.0000 100.7391 0.0000 237.5829 0.5313 5.6004
4.7027 0.0000 100.7331 0.0000 236.2904 0.5344 5.2828
4.1819 0.0000 100.7338 0.0000 235.3100 0.5378 4.6253
3.7652 0.0000 100.7389 0.0000 236.5997 0.5412 4.1912
3.4091 0.0000 100.7306 0.0000 240.9126 0.5450 3.8618
3.1008 0.0000 100.7042 0.0000 246.0820 0.5484 3.4943
2.8569 0.0000 100.6762 0.0000 254.9866 0.5511 3.0938
2.6709 0.0000 100.6564 0.0000 261.6606 0.5535 2.8171
2.4536 0.0000 100.6316 0.0000 266.5401 0.5560 2.6928
2.1999 0.0000 100.6028 0.0000 269.0161 0.5584 2.8901
1.9861 0.0000 100.5695 0.0000 272.3446 0.5607 3.2456
1.9653 0.0000 100.5449 0.0000 273.9820 0.5633 3.5466
2.1347 0.0000 100.4990 0.0000 270.1213 0.5656 3.9981
2.3904 0.0000 100.4807 27.7786 274.1887 0.5680 3.6482
