-0.6407 0.0072 100.8264 172.2723 262.5261 0.5399 2.3294
1.1664 0.0011 100.8341 354.1063 248.7462 0.5552 2.5223
3.3575 0.0000 100.7885 538.3124 225.6013 0.5497 2.7897
5.4402 0.0000 100.6793 613.2173 229.5243 0.5156 2.5394
6.5842 0.0000 100.5590 617.8855 232.6791 0.5156 2.1378
7.3530 0.0000 100.4613 555.8592 234.4390 0.5218 1.8841
7.7893 0.0000 100.3916 429.6971 236.6465 0.5266 1.9180
7.8462 0.0000 100.3597 258.4013 237.8838 0.5302 2.1162
7.4393 0.0000 100.3544 76.0661 238.2859 0.5368 2.7097
6.6552 0.0000 100.3739 0.1191 238.4089 0.5419 3.6556
5.7584 0.0000 100.3899 0.0000 234.3988 0.5444 4.1093
4.8613 0.0000 100.3819 0.0000 232.7658 0.5468 4.2403
4.1138 0.0000 100.3675 0.0000 231.5708 0.5499 4.0582
3.5755 0.0000 100.3613 0.0000 231.0869 0.5545 3.5474
3.1647 0.0000 100.3636 0.0000 231.1442 0.5613 2.9468
2.7051 0.0000 100.3482 0.0000 231.3075 0.5681 2.5020
2.2044 0.0000 100.3284 0.0000 231.2924 0.5744 2.2351
1.7374 0.0000 100.3070 0.0000 232.5492 0.5803 2.1774
1.2828 0.0000 100.2628 0.0000 234.9565 0.5859 2.1182
0.8433 0.0003 100.2274 0.0000 249.2386 0.5890 2.0678
0.4310 0.0017 100.2357 0.0000 268.5381 0.5850 2.3246
0.1826 0.0037 100.2505 0.0000 269.9333 0.5794 2.4756
-0.0143 0.0112 100.2472 0.0183 276.6789 0.5765 2.4874
-0.0714 0.0075 100.2139 45.1830 269.2185 0.5786 2.6283
