-2.4668 0.0001 102.6031 161.3233 233.7133 0.4705 4.0606
-0.5598 0.0000 102.6244 317.2975 223.6379 0.4879 3.4788
2.2793 0.0000 102.6008 448.9247 225.7960 0.4573 3.0729
4.0741 0.0000 102.5073 541.0872 226.5275 0.4271 2.5019
4.8319 0.0000 102.3825 555.5932 226.4403 0.4253 2.0749
5.3311 0.0000 102.2811 499.2849 227.7310 0.4283 1.8542
5.6365 0.0000 102.2029 395.0337 226.1455 0.4304 1.8319
5.6229 0.0000 102.1609 237.0928 226.9090 0.4334 1.9686
5.2680 0.0000 102.1498 68.7124 227.7888 0.4378 2.5021
4.7038 0.0000 102.1531 0.1213 227.3391 0.4404 3.3732
4.0710 0.0000 102.1567 0.0000 226.5492 0.4418 4.1094
3.4208 0.0000 102.1412 0.0000 225.8467 0.4439 4.7134
2.8178 0.0000 102.1204 0.0000 225.5677 0.4472 5.0023
2.3235 0.0000 102.1302 0.0000 225.8513 0.4521 4.8634
1.9345 0.0000 102.1483 0.0000 226.4208 0.4594 4.7077
1.5687 0.0000 102.1191 0.0000 227.0191 0.4679 4.7745
1.2016 0.0000 102.1027 0.0000 228.7039 0.4767 4.4725
0.8924 0.0000 102.1057 0.0000 236.9441 0.4864 4.0963
0.6446 0.0000 102.0876 0.0000 243.1517 0.4970 4.0805
0.4332 0.0000 102.0332 0.0000 251.0959 0.5099 4.3790
0.2301 0.0000 101.9732 0.0000 252.8560 0.5260 4.8600
0.0443 0.0001 101.9312 0.0000 248.6601 0.5435 5.2115
-0.1969 0.0009 101.9004 0.0000 251.4955 0.5563 5.3318
-0.5054 0.0020 101.8674 26.7754 261.5360 0.5619 5.1275
