-1.9851 0.0015 102.8635 166.8952 249.8505 0.5021 3.5898
0.2515 0.0001 102.8799 356.3944 225.2005 0.5258 3.6570
3.1785 0.0000 102.8435 469.3915 231.7025 0.5076 3.6724
4.5667 0.0000 102.7448 545.0609 235.2240 0.4898 2.9604
5.4296 0.0000 102.6279 581.9419 228.6589 0.4885 2.3241
6.0684 0.0000 102.5207 530.1548 228.0467 0.4920 1.9835
6.4888 0.0000 102.4409 410.6835 229.5166 0.4934 1.8651
6.5355 0.0000 102.3992 244.5597 230.8865 0.4970 1.9513
6.2361 0.0000 102.3900 70.1199 231.5962 0.5038 2.3900
5.7536 0.0000 102.4047 0.0824 231.5774 0.5109 3.2953
5.1875 0.0000 102.4093 0.0000 231.4185 0.5168 4.2246
4.5598 0.0000 102.3888 0.0000 230.8583 0.5223 5.0649
3.9386 0.0000 102.3662 0.0000 230.1850 0.5275 5.5176
3.4062 0.0000 102.3728 0.0000 229.8039 0.5338 5.3435
2.9869 0.0000 102.3940 0.0000 229.8804 0.5415 4.9480
2.5696 0.0000 102.3658 0.0000 230.1798 0.5491 4.9908
2.0957 0.0000 102.3300 0.0000 230.0168 0.5581 5.0461
1.5735 0.0000 102.3293 0.0000 232.3242 0.5700 4.5090
1.0753 0.0000 102.3252 0.0000 241.1112 0.5816 4.0046
0.6226 0.0011 102.2930 0.0000 254.0669 0.5898 4.0701
0.1840 0.0044 102.2576 0.0000 264.5680 0.5931 4.3983
-0.1746 0.0037 102.2264 0.0000 274.8385 0.5912 4.8418
-0.4951 0.0051 102.1950 0.0000 281.9586 0.5861 5.1675
-0.5781 0.0046 102.1517 24.8139 287.1949 0.5824 5.1443
