-1.8001 0.0022 103.0020 175.1398 258.1390 0.5190 2.8115
0.3793 0.0002 103.0150 369.6369 234.8268 0.5524 2.8791
3.1620 0.0000 102.9784 516.2602 226.9986 0.5517 2.9638
4.4270 0.0000 102.8760 562.8756 236.0967 0.5349 2.3788
5.1819 0.0000 102.7640 563.2936 238.2199 0.5270 1.7820
5.7696 0.0000 102.6697 521.8627 233.3029 0.5230 1.4397
6.1338 0.0000 102.5954 404.7308 232.3067 0.5205 1.2991
6.2268 0.0000 102.5539 238.0491 232.8037 0.5189 1.2892
6.0153 0.0000 102.5448 63.7141 232.6485 0.5216 1.4966
5.6882 0.0000 102.5619 0.0049 231.8970 0.5262 2.0047
5.3734 0.0000 102.5723 0.0000 231.4045 0.5317 2.6215
5.0504 0.0000 102.5525 0.0000 231.1542 0.5406 3.3928
4.6940 0.0000 102.5240 0.0000 231.2322 0.5553 4.1315
4.2341 0.0000 102.5092 0.0000 231.3984 0.5774 4.5392
3.6992 0.0000 102.5265 0.0000 231.5938 0.6028 4.5019
3.0584 0.0000 102.5148 0.0000 231.7173 0.6242 4.4503
2.3712 0.0000 102.4908 0.0000 231.1923 0.6380 4.6835
1.7270 0.0000 102.4661 0.0000 230.7830 0.6457 4.8367
1.1108 0.0002 102.4496 0.0000 240.6739 0.6442 4.2861
0.4770 0.0017 102.4303 0.0000 264.6326 0.6300 3.7064
-0.0549 0.0062 102.4229 0.0000 280.2832 0.6114 3.7072
-0.2975 0.0057 102.4220 0.0000 287.0140 0.5990 3.7386
-0.2479 0.0033 102.3967 0.0007 285.5762 0.5967 3.8737
0.0258 0.0010 102.3604 34.1223 278.8914 0.6017 4.0853
