-2.1121 0.0003 102.7715 163.5439 244.1409 0.4921 4.0975
-0.0227 0.0000 102.7926 339.0159 223.1197 0.5120 3.8189
2.8957 0.0000 102.7608 461.7816 229.0567 0.4850 3.6677
4.3807 0.0000 102.6654 548.1783 230.0449 0.4629 2.9973
5.2095 0.0000 102.5440 579.2303 225.4026 0.4616 2.4000
5.8086 0.0000 102.4370 524.5954 226.0473 0.4658 2.0846
6.1973 0.0000 102.3571 406.9204 227.5430 0.4681 1.9948
6.2269 0.0000 102.3147 242.7616 229.1691 0.4719 2.1005
5.9117 0.0000 102.3056 70.5169 230.2299 0.4786 2.5682
5.3965 0.0000 102.3147 0.1291 230.2622 0.4847 3.4770
4.7919 0.0000 102.3185 0.0000 229.9297 0.4898 4.3660
4.1345 0.0000 102.2990 0.0000 229.3580 0.4954 5.1248
3.4951 0.0000 102.2806 0.0000 228.8182 0.5011 5.4874
2.9591 0.0000 102.2905 0.0000 228.6431 0.5074 5.2810
2.5464 0.0000 102.3085 0.0000 228.8871 0.5150 5.0204
2.1506 0.0000 102.2755 0.0000 229.2411 0.5229 5.1939
1.7165 0.0000 102.2475 0.0000 230.0422 0.5313 5.0852
1.2760 0.0000 102.2523 0.0000 235.3242 0.5418 4.4901
0.8866 0.0000 102.2447 0.0000 242.5472 0.5533 4.2346
0.5681 0.0000 102.2016 0.0000 249.8353 0.5658 4.4010
0.2747 0.0000 102.1537 0.0000 254.0537 0.5761 4.7790
-0.0368 0.0006 102.1155 0.0000 261.7719 0.5802 5.2180
-0.4045 0.0037 102.0806 0.0000 270.7953 0.5784 5.4380
-0.6350 0.0045 102.0417 24.0309 280.0996 0.5748 5.2328
