3.0167 0.0022 102.9893 226.3239 250.7715 0.6508 5.9326
4.3102 0.0002 103.0057 408.9364 239.6745 0.6464 5.3926
5.5439 0.0000 102.9558 550.5285 233.9695 0.6319 4.8212
6.4449 0.0000 102.8613 614.0521 236.0503 0.6190 4.3137
7.1197 0.0000 102.7527 603.9725 239.4405 0.6087 3.7726
7.6109 0.0000 102.6606 529.4105 241.8284 0.5994 3.3942
7.8537 0.0000 102.5962 403.4397 241.8037 0.5942 3.2292
7.8702 0.0000 102.5661 232.9334 241.6258 0.5935 3.1394
7.6644 0.0000 102.5650 56.5342 241.9321 0.6025 3.2667
7.2958 0.0000 102.5863 0.0000 241.6453 0.6222 3.7391
6.8688 0.0000 102.6081 0.0000 240.6535 0.6438 4.1718
6.3987 0.0000 102.6046 0.0000 239.6057 0.6636 4.5749
5.9447 0.0000 102.5876 0.0000 238.4153 0.6792 4.8915
5.5886 0.0000 102.5659 0.0000 237.1753 0.6903 5.0406
5.4183 0.0000 102.5528 0.0000 236.3594 0.6936 4.8153
5.1943 0.0000 102.5392 0.0000 236.0770 0.6921 4.5234
4.8839 0.0000 102.5173 0.0000 235.2002 0.6882 4.4753
4.5978 0.0000 102.5027 0.0000 234.5511 0.6818 4.4309
4.3279 0.0000 102.4620 0.0000 234.0410 0.6752 4.3931
4.0825 0.0000 102.4086 0.0000 233.5725 0.6704 4.4223
3.8419 0.0000 102.3982 0.0000 233.2854 0.6681 4.5523
3.7595 0.0000 102.4383 0.0000 236.4592 0.6644 4.8649
3.8013 0.0000 102.4656 0.4196 250.9932 0.6605 4.7870
3.9257 0.0000 102.4446 63.6714 251.8080 0.6581 4.4866
