-1.3012 0.0002 98.9552 199.9483 233.0763 0.5094 3.7133
0.9707 0.0000 98.9627 404.9605 214.9083 0.5187 3.7058
3.8435 0.0000 98.9270 546.6575 218.1418 0.4889 3.7695
5.7935 0.0000 98.8361 625.9541 223.0474 0.4645 3.1299
6.8110 0.0000 98.7311 632.9209 226.8066 0.4705 2.4653
7.4725 0.0000 98.6428 571.0743 230.2072 0.4812 2.2261
7.8301 0.0000 98.5739 446.8809 232.9244 0.4903 2.4301
7.7700 0.0000 98.5475 276.8891 234.4003 0.4986 2.7536
7.1571 0.0000 98.5438 90.3750 234.9270 0.5128 3.3937
6.1240 0.0000 98.5594 0.6252 234.2252 0.5231 4.2182
5.1286 0.0000 98.5668 0.0000 233.5022 0.5272 4.4224
4.3688 0.0000 98.5535 0.0000 233.1168 0.5307 4.2378
3.8323 0.0000 98.5454 0.0000 232.8843 0.5342 3.7664
3.4908 0.0000 98.5443 0.0000 233.1200 0.5372 3.3689
3.2776 0.0000 98.5429 0.0000 234.7803 0.5400 3.2018
3.0682 0.0000 98.5168 0.0000 238.0044 0.5415 3.0984
2.8975 0.0000 98.4916 0.0000 243.4850 0.5420 3.1118
2.7610 0.0000 98.4604 0.0000 250.4719 0.5422 2.9585
2.6034 0.0000 98.4286 0.0000 261.5424 0.5421 2.3628
2.4360 0.0000 98.4077 0.0000 265.8011 0.5419 1.7697
2.3132 0.0000 98.3901 0.0000 264.4485 0.5415 1.7012
2.3492 0.0000 98.3787 0.0000 267.5170 0.5418 2.1299
2.4928 0.0000 98.3469 0.0000 256.2665 0.5425 2.9728
2.6538 0.0000 98.3084 44.6656 255.3006 0.5432 3.6872
