1.2811 0.0001 102.0008 166.1979 251.1157 0.6100 6.8491
2.6688 0.0000 102.0317 360.7378 232.0390 0.6119 6.3651
4.7392 0.0000 102.0115 502.6626 234.8077 0.5962 6.0751
6.7295 0.0000 101.9325 587.1888 239.9478 0.5493 5.6448
8.0517 0.0000 101.8141 604.4918 244.1607 0.5139 5.1489
8.8331 0.0000 101.6964 555.3042 246.8500 0.5058 4.9705
9.2233 0.0000 101.6140 436.8673 248.7629 0.5071 4.9811
9.3179 0.0000 101.5632 280.5507 249.1390 0.5105 5.1893
8.8810 0.0000 101.5461 105.4976 248.7493 0.5277 5.4379
7.8874 0.0000 101.5550 3.4996 247.4439 0.5512 6.0150
6.7963 0.0000 101.5977 0.0000 246.7368 0.5694 6.2600
5.8806 0.0000 101.6183 0.0000 248.1671 0.5834 6.3635
5.1785 0.0000 101.6240 0.0000 262.2414 0.5922 6.1909
4.6868 0.0000 101.6445 0.0000 268.9887 0.5991 5.6383
4.3563 0.0000 101.6301 0.0000 274.1098 0.6019 5.6719
4.1453 0.0000 101.5943 0.0000 277.6915 0.5998 5.9176
4.0404 0.0000 101.5647 0.0000 281.8656 0.5950 5.9009
4.0147 0.0000 101.5385 0.0000 285.0341 0.5918 5.8206
4.0284 0.0000 101.4899 0.0000 287.7818 0.5909 5.8486
4.0114 0.0000 101.4444 0.0000 289.1510 0.5927 5.6990
3.9339 0.0000 101.3915 0.0000 288.4237 0.5962 5.7412
3.7623 0.0000 101.3315 0.0000 285.8563 0.6017 6.0778
3.4603 0.0000 101.3465 0.0000 260.0618 0.6108 5.1929
3.1985 0.0000 101.3988 31.4188 254.6010 0.6177 4.0380
