-0.6493 0.0002 100.3941 171.6317 250.4833 0.5398 4.5595
1.5107 0.0000 100.4068 394.9878 216.1544 0.5501 4.2635
4.4363 0.0000 100.3763 537.2570 219.8652 0.5227 4.3078
6.4994 0.0000 100.2853 616.3537 226.4006 0.4861 3.8570
7.5846 0.0000 100.1758 626.1931 230.4694 0.4784 3.4226
8.2293 0.0000 100.0819 567.6567 234.1814 0.4806 3.4385
8.4512 0.0000 100.0092 441.9484 237.7290 0.4883 3.7029
8.2771 0.0000 99.9776 275.7265 239.7721 0.4969 3.9686
7.5488 0.0000 99.9688 94.2355 240.6127 0.5157 4.5204
6.4140 0.0000 99.9797 1.2630 239.5130 0.5306 5.3117
5.3676 0.0000 99.9879 0.0000 237.7332 0.5353 5.5129
4.5913 0.0000 99.9841 0.0000 236.0880 0.5386 5.0612
4.0522 0.0000 99.9852 0.0000 234.9736 0.5408 4.3866
3.6571 0.0000 99.9886 0.0000 237.7602 0.5424 3.9582
3.3518 0.0000 99.9821 0.0000 243.3144 0.5444 3.5444
3.1169 0.0000 99.9555 0.0000 249.1822 0.5460 3.1824
2.9484 0.0000 99.9252 0.0000 257.5715 0.5474 2.8732
2.8227 0.0000 99.9031 0.0000 264.3494 0.5491 2.6476
2.6539 0.0000 99.8775 0.0000 268.7858 0.5512 2.4267
2.4524 0.0000 99.8502 0.0000 271.1366 0.5531 2.5339
2.2852 0.0000 99.8179 0.0000 273.8212 0.5550 2.8544
2.3082 0.0000 99.7961 0.0000 274.5236 0.5576 3.1953
2.5210 0.0000 99.7502 0.0000 269.5856 0.5600 3.7045
2.7993 0.0000 99.7330 28.5450 275.4110 0.5626 3.3998
