-1.0540 0.0027 100.2064 129.9610 262.8174 0.5251 4.4788
0.5035 0.0001 100.2309 342.1452 223.8729 0.5294 4.3010
2.6766 0.0000 100.2044 490.5408 223.4287 0.5180 4.4345
4.4160 0.0000 100.1154 574.7946 228.1652 0.5004 4.1594
5.5827 0.0000 99.9995 595.7039 230.1214 0.4918 3.6487
6.4240 0.0000 99.8864 542.2248 234.5207 0.4908 3.5069
6.8912 0.0000 99.8048 424.3133 238.3996 0.4937 3.5702
6.9199 0.0000 99.7693 266.6889 240.0050 0.4979 3.7330
6.3962 0.0000 99.7521 94.4696 239.4210 0.5091 4.2219
5.4522 0.0000 99.7606 1.9557 237.1279 0.5198 5.1000
4.5931 0.0000 99.7772 0.0000 234.3498 0.5196 5.1471
3.9594 0.0000 99.7920 0.0000 232.2960 0.5174 4.3428
3.5083 0.0000 99.8028 0.0000 231.9885 0.5138 3.5922
3.1593 0.0000 99.7966 0.0000 236.7182 0.5100 3.1874
2.8755 0.0000 99.7821 0.0000 244.2603 0.5076 2.8017
2.6672 0.0000 99.7522 0.0000 255.4409 0.5073 2.4986
2.5334 0.0000 99.7297 0.0000 261.0397 0.5085 2.3692
2.4277 0.0000 99.7039 0.0000 265.6388 0.5109 2.4991
2.2848 0.0000 99.6701 0.0000 269.6134 0.5143 2.9211
2.0514 0.0000 99.6246 0.0000 274.8785 0.5196 3.3534
1.7716 0.0000 99.5863 0.0000 277.4740 0.5266 3.4105
1.5132 0.0000 99.5437 0.0000 279.5364 0.5343 3.5891
1.2624 0.0000 99.5159 0.0000 278.4887 0.5426 3.5899
1.2306 0.0000 99.5498 18.2397 277.6470 0.5488 2.4772
