-1.8249 0.0042 102.5983 163.2655 258.5556 0.5086 2.6043
0.3560 0.0003 102.6062 343.9906 240.8877 0.5350 2.9746
3.3139 0.0000 102.5639 470.7050 236.3959 0.5240 3.4593
4.9077 0.0000 102.4628 550.3154 239.2141 0.5035 2.9410
5.8660 0.0000 102.3438 587.9939 232.6197 0.5022 2.3618
6.5644 0.0000 102.2411 537.8683 231.1708 0.5047 2.0298
6.9991 0.0000 102.1623 418.6935 231.9949 0.5060 1.9162
7.0371 0.0000 102.1240 251.1356 232.9767 0.5088 2.0143
6.6820 0.0000 102.1148 73.0772 233.1174 0.5149 2.5487
6.0737 0.0000 102.1300 0.0890 232.4765 0.5204 3.5704
5.4087 0.0000 102.1384 0.0000 231.8353 0.5239 4.4204
4.7320 0.0000 102.1173 0.0000 231.0598 0.5271 5.0844
4.1102 0.0000 102.0934 0.0000 230.3874 0.5304 5.3627
3.6162 0.0000 102.1016 0.0000 230.0185 0.5348 5.0620
3.2336 0.0000 102.1182 0.0000 230.1459 0.5409 4.5651
2.8286 0.0000 102.0944 0.0000 230.4626 0.5480 4.3680
2.3747 0.0000 102.0660 0.0000 230.4706 0.5578 4.3850
1.9049 0.0000 102.0490 0.0000 231.9489 0.5712 4.1079
1.4403 0.0000 102.0350 0.0000 237.7682 0.5845 3.4915
0.9818 0.0005 102.0112 0.0000 250.2924 0.5942 3.3098
0.5008 0.0034 101.9941 0.0000 267.4661 0.5983 3.6038
0.1351 0.0056 101.9766 0.0000 280.4396 0.5966 4.1154
-0.0704 0.0084 101.9531 0.0000 287.1395 0.5947 4.6454
-0.0140 0.0031 101.9092 30.2356 283.5595 0.5981 5.0197
