-1.0133 0.0025 97.7266 145.6345 247.5895 0.5069 4.8742
0.8405 0.0002 97.7602 316.1567 236.0914 0.5135 4.3030
3.0828 0.0000 97.7455 466.8238 234.6563 0.5176 3.3744
5.2097 0.0000 97.6788 569.8746 232.5200 0.4897 2.6896
6.5748 0.0000 97.5674 594.6207 234.6295 0.4769 2.4852
7.4368 0.0000 97.4613 545.7746 237.8659 0.4798 2.5361
7.9758 0.0000 97.3768 428.7317 241.0113 0.4841 2.5601
8.0387 0.0000 97.3376 274.6675 241.1520 0.4912 2.5866
7.5112 0.0000 97.3178 101.9003 240.0711 0.5026 2.9522
6.4131 0.0000 97.3263 2.9615 238.0865 0.5143 3.6843
5.2282 0.0000 97.3620 0.0000 236.1268 0.5179 3.5888
4.3427 0.0000 97.3857 0.0000 235.2583 0.5178 3.0409
3.7877 0.0000 97.4002 0.0000 239.8538 0.5150 2.8146
3.4691 0.0000 97.4052 0.0000 252.3878 0.5120 2.5959
3.3163 0.0000 97.3914 0.0000 258.6616 0.5111 2.5549
3.2866 0.0000 97.3611 0.0000 265.1900 0.5119 2.5655
3.3686 0.0000 97.3382 0.0000 268.7988 0.5134 2.5293
3.4990 0.0000 97.3172 0.0000 273.6543 0.5147 2.4355
3.6310 0.0000 97.2801 0.0000 278.6735 0.5157 2.3320
3.6973 0.0000 97.2321 0.0000 282.0421 0.5168 2.1969
3.6975 0.0000 97.1756 0.0000 284.3235 0.5173 2.0920
3.6207 0.0000 97.1071 0.0000 286.2362 0.5177 3.0948
3.3963 0.0000 97.1083 0.0000 283.6577 0.5189 3.1677
3.2527 0.0003 97.1597 16.2296 280.3158 0.5209 2.3463
