-0.4546 0.0005 100.8346 165.3674 254.2003 0.5502 4.8859
1.5603 0.0000 100.8510 388.8624 217.1588 0.5623 4.5192
4.4371 0.0000 100.8224 530.4832 220.9770 0.5371 4.5890
6.5181 0.0000 100.7297 610.5926 227.7844 0.4962 4.2398
7.6038 0.0000 100.6201 621.3675 231.9578 0.4856 3.8650
8.2601 0.0000 100.5240 563.9922 235.9116 0.4850 3.9102
8.4795 0.0000 100.4506 438.3255 239.6692 0.4910 4.1380
8.3068 0.0000 100.4151 274.2347 241.8157 0.4983 4.3795
7.5663 0.0000 100.4051 95.3430 242.3929 0.5178 4.8879
6.4160 0.0000 100.4136 1.5487 240.6867 0.5342 5.6953
5.3852 0.0000 100.4249 0.0000 238.2949 0.5390 5.9198
4.6399 0.0000 100.4243 0.0000 236.2751 0.5421 5.4046
4.1130 0.0000 100.4277 0.0000 235.2262 0.5438 4.7931
3.6988 0.0000 100.4340 0.0000 240.2048 0.5449 4.4214
3.3543 0.0000 100.4263 0.0000 247.2189 0.5464 3.9578
3.0731 0.0000 100.3993 0.0000 253.7485 0.5475 3.5578
2.8628 0.0000 100.3699 0.0000 261.7465 0.5486 3.2080
2.7011 0.0000 100.3494 0.0000 267.8608 0.5502 3.0597
2.5113 0.0000 100.3229 0.0000 270.1036 0.5527 3.0357
2.2996 0.0000 100.2898 0.0000 273.9638 0.5553 3.3448
2.1187 0.0000 100.2545 0.0000 276.5845 0.5584 3.6280
2.1136 0.0000 100.2253 0.0000 277.2473 0.5623 3.8762
2.3002 0.0000 100.1788 0.0000 275.9261 0.5660 4.1939
2.5509 0.0000 100.1762 24.9317 278.1236 0.5697 3.4938
