-1.3707 0.0006 102.7951 131.8723 259.0506 0.5159 4.4993
0.4314 0.0000 102.8177 287.1117 242.6901 0.5282 4.3572
2.7490 0.0000 102.7869 442.4641 235.4751 0.5153 4.3856
4.4924 0.0000 102.6916 556.6556 230.3546 0.4876 3.8803
5.4984 0.0000 102.5709 587.3013 227.4996 0.4792 3.2300
6.2143 0.0000 102.4597 534.5576 228.5496 0.4781 2.8214
6.6486 0.0000 102.3738 417.4401 230.5831 0.4772 2.6679
6.7817 0.0000 102.3295 254.7296 232.6873 0.4766 2.7382
6.5407 0.0000 102.3177 80.2816 233.9344 0.4818 3.0941
6.0986 0.0000 102.3182 0.4952 234.1445 0.4867 3.9006
5.5826 0.0000 102.3206 0.0000 234.1072 0.4911 4.7566
4.9956 0.0000 102.3028 0.0000 233.9326 0.4999 5.3663
4.3819 0.0000 102.2949 0.0000 233.5583 0.5122 5.4263
3.7955 0.0000 102.3152 0.0000 233.1772 0.5247 5.1717
3.2366 0.0000 102.3112 0.0000 232.7678 0.5361 5.3760
2.6472 0.0000 102.2779 0.0000 232.7493 0.5455 5.5638
2.0938 0.0000 102.2605 0.0000 238.0766 0.5524 5.1620
1.6593 0.0000 102.2641 0.0000 248.0886 0.5572 4.7868
1.3317 0.0000 102.2446 0.0000 254.0801 0.5598 4.8703
1.0694 0.0000 102.1986 0.0000 258.4588 0.5608 5.2545
0.8565 0.0000 102.1542 0.0000 262.0820 0.5624 5.7481
0.7417 0.0000 102.1175 0.0000 266.5576 0.5671 6.0173
0.6763 0.0000 102.0791 0.0000 270.5951 0.5746 6.2221
0.5824 0.0001 102.0479 24.5351 270.2097 0.5838 5.9158
