-0.2322 0.0003 102.5422 132.6870 261.5492 0.5455 4.9630
1.2406 0.0000 102.5645 329.8189 231.3160 0.5454 4.7863
3.3396 0.0000 102.5295 487.5622 227.2465 0.5202 4.8612
5.0337 0.0000 102.4339 582.0308 228.2561 0.4946 4.5749
6.0112 0.0000 102.3155 599.8541 229.6104 0.4915 4.0672
6.7238 0.0000 102.2055 547.3053 231.2473 0.4930 3.8030
7.0705 0.0000 102.1244 426.5139 234.7523 0.4981 3.8044
7.0831 0.0000 102.0813 263.7088 237.2517 0.5022 3.8735
6.7334 0.0000 102.0716 87.9172 238.6954 0.5133 4.1974
6.2271 0.0000 102.0721 1.0360 238.7831 0.5206 4.9319
5.7498 0.0000 102.0674 0.0000 238.3293 0.5198 5.4386
5.2361 0.0000 102.0618 0.0000 237.4721 0.5211 5.4088
4.7154 0.0000 102.0651 0.0000 236.3663 0.5258 4.8378
4.2090 0.0000 102.0722 0.0000 235.2650 0.5326 4.5268
3.6946 0.0000 102.0577 0.0000 235.9930 0.5416 4.4842
3.1797 0.0000 102.0369 0.0000 242.5415 0.5513 4.1556
2.7307 0.0000 102.0153 0.0000 252.6179 0.5587 3.6087
2.3679 0.0000 101.9988 0.0000 259.0197 0.5642 3.3996
2.0211 0.0000 101.9734 0.0000 263.7895 0.5688 3.6653
1.6553 0.0000 101.9363 0.0000 265.3908 0.5731 4.1814
1.3152 0.0000 101.8991 0.0000 271.5969 0.5766 4.5682
1.1255 0.0000 101.8636 0.0000 273.6365 0.5797 4.6936
1.0699 0.0000 101.8214 0.0000 275.1562 0.5825 4.9333
1.1237 0.0000 101.8164 25.1052 272.3390 0.5855 4.2185
