-2.1596 0.0001 102.5692 140.6652 246.0707 0.4829 4.3616
-0.3199 0.0000 102.5929 299.9111 231.9673 0.5008 3.9476
2.4321 0.0000 102.5703 451.5609 227.7745 0.4871 3.8700
4.3867 0.0000 102.4749 552.3749 226.4449 0.4587 3.3888
5.2846 0.0000 102.3485 575.6337 225.2592 0.4528 2.7775
5.9104 0.0000 102.2403 523.0860 226.5576 0.4524 2.4214
6.3112 0.0000 102.1562 407.8023 228.5786 0.4525 2.2912
6.3681 0.0000 102.1138 246.9115 230.5472 0.4545 2.3878
6.0831 0.0000 102.1008 76.2231 231.4911 0.4597 2.8414
5.5787 0.0000 102.1013 0.3795 231.3627 0.4643 3.7387
4.9611 0.0000 102.1036 0.0000 230.9888 0.4678 4.6515
4.2680 0.0000 102.0872 0.0000 230.5928 0.4730 5.3311
3.5856 0.0000 102.0775 0.0000 230.1416 0.4798 5.5064
2.9907 0.0000 102.0985 0.0000 229.8853 0.4872 5.2931
2.4846 0.0000 102.0965 0.0000 229.7839 0.4954 5.3968
1.9779 0.0000 102.0645 0.0000 230.0078 0.5036 5.5193
1.4988 0.0000 102.0542 0.0000 235.3570 0.5112 5.0725
1.1235 0.0000 102.0564 0.0000 243.7824 0.5178 4.7784
0.8416 0.0000 102.0377 0.0000 249.5156 0.5236 4.8271
0.6271 0.0000 101.9842 0.0000 255.7248 0.5295 5.1591
0.4566 0.0000 101.9298 0.0000 254.8783 0.5373 5.5932
0.3565 0.0000 101.8888 0.0000 257.4888 0.5484 5.8485
0.2690 0.0000 101.8489 0.0000 263.2282 0.5601 5.9783
0.1265 0.0004 101.8242 23.0853 268.1946 0.5707 5.6979
