-0.3864 0.0050 103.0940 168.2604 260.9910 0.5604 3.5135
1.9700 0.0011 103.1073 346.8437 243.2016 0.5747 3.4140
3.8627 0.0001 103.0649 513.2462 226.5945 0.5675 3.0296
4.8830 0.0001 102.9648 581.3886 229.4975 0.5619 2.5262
5.5932 0.0001 102.8496 579.8749 231.5234 0.5626 2.1163
6.1129 0.0001 102.7563 509.4676 234.1729 0.5627 1.7855
6.3517 0.0000 102.6896 381.4093 236.8740 0.5642 1.5869
6.2839 0.0001 102.6545 218.2829 236.9016 0.5660 1.5532
5.9160 0.0002 102.6520 52.0945 237.3818 0.5701 1.9459
5.3412 0.0003 102.6731 0.0000 244.0167 0.5779 2.7916
4.6686 0.0004 102.6968 0.0000 249.5545 0.5870 3.4481
3.9642 0.0002 102.6910 0.0000 247.5640 0.5946 4.0847
3.2645 0.0000 102.6698 0.0000 239.4969 0.5993 4.7735
2.6244 0.0000 102.6521 0.0000 229.5145 0.6005 5.3154
2.1537 0.0000 102.6553 0.0000 227.5589 0.5994 5.3139
1.8115 0.0000 102.6601 0.0000 226.3496 0.5956 4.7752
1.5502 0.0000 102.6438 0.0000 225.4666 0.5900 4.3884
1.3727 0.0000 102.6106 0.0000 225.1024 0.5842 4.4519
1.2206 0.0000 102.5738 0.0000 226.5088 0.5792 4.2338
1.0475 0.0004 102.5547 0.0000 229.8306 0.5755 3.5711
0.8748 0.0007 102.5440 0.0000 233.2133 0.5717 3.3961
0.8843 0.0005 102.5302 0.0000 242.0479 0.5694 3.3725
1.0354 0.0004 102.5107 0.0074 242.9387 0.5694 3.4010
1.2528 0.0002 102.4754 48.3041 245.6811 0.5720 3.6073
