-0.2627 0.0008 100.9076 166.5575 253.3095 0.5576 5.2513
1.7119 0.0001 100.9272 384.4347 219.0100 0.5688 4.8528
4.4128 0.0000 100.8970 525.7467 223.0231 0.5501 4.8487
6.4886 0.0000 100.8081 605.8364 229.8851 0.5079 4.4961
7.5978 0.0000 100.6990 617.0233 234.5926 0.4946 4.1315
8.2762 0.0000 100.5983 560.8851 238.4539 0.4929 4.1670
8.5398 0.0000 100.5239 437.6860 241.9425 0.4976 4.3688
8.4204 0.0000 100.4859 275.3010 243.6538 0.5034 4.6319
7.7554 0.0000 100.4743 97.3187 243.7834 0.5215 5.1028
6.6727 0.0000 100.4828 1.8665 241.7467 0.5372 5.9469
5.6760 0.0000 100.4957 0.0000 239.1496 0.5414 6.2431
4.9099 0.0000 100.5023 0.0000 237.0692 0.5445 5.7545
4.3437 0.0000 100.5047 0.0000 237.1535 0.5461 5.3078
3.9038 0.0000 100.5121 0.0000 244.9938 0.5473 4.9004
3.5617 0.0000 100.5029 0.0000 251.8139 0.5485 4.4237
3.2911 0.0000 100.4764 0.0000 259.2195 0.5491 4.1040
3.0893 0.0000 100.4485 0.0000 265.9551 0.5495 3.8851
2.9234 0.0000 100.4243 0.0000 271.0356 0.5507 3.7965
2.7352 0.0000 100.3963 0.0000 273.8254 0.5527 3.8309
2.5120 0.0000 100.3553 0.0000 277.3810 0.5553 4.1030
2.2857 0.0000 100.3206 0.0000 279.3036 0.5587 4.3040
2.1818 0.0000 100.2869 0.0000 279.0831 0.5633 4.5552
2.2444 0.0000 100.2466 0.0000 277.6462 0.5686 4.7101
2.3917 0.0000 100.2622 28.2334 270.7696 0.5733 3.7989
