-1.7405 0.0055 102.5243 163.4921 261.5143 0.5120 2.3018
0.3370 0.0004 102.5314 346.1049 244.5906 0.5393 2.6710
3.3052 0.0000 102.4883 479.0839 235.9291 0.5305 3.2233
4.9634 0.0000 102.3847 552.3240 240.5747 0.5076 2.7687
5.9115 0.0000 102.2666 584.7846 234.9912 0.5067 2.2279
6.6068 0.0000 102.1658 537.9164 232.1516 0.5092 1.9102
7.0251 0.0000 102.0889 418.3997 232.8664 0.5108 1.8126
7.0509 0.0000 102.0504 250.3120 233.7028 0.5134 1.9133
6.6772 0.0000 102.0413 72.0217 233.6279 0.5188 2.4820
6.0149 0.0000 102.0578 0.0570 232.6906 0.5234 3.5360
5.2904 0.0000 102.0681 0.0000 231.6987 0.5255 4.3272
4.5924 0.0000 102.0477 0.0000 230.7019 0.5274 4.8946
4.0080 0.0000 102.0231 0.0000 229.9633 0.5295 5.1277
3.5663 0.0000 102.0279 0.0000 229.6606 0.5338 4.8278
3.2168 0.0000 102.0446 0.0000 229.9342 0.5410 4.2968
2.8269 0.0000 102.0214 0.0000 230.3592 0.5494 4.0146
2.3755 0.0000 101.9955 0.0000 230.3475 0.5605 4.0195
1.9029 0.0000 101.9733 0.0000 230.7907 0.5749 3.8649
1.4197 0.0000 101.9552 0.0000 235.3534 0.5891 3.2642
0.9315 0.0005 101.9344 0.0000 247.2472 0.5995 2.9466
0.4283 0.0034 101.9234 0.0000 268.0921 0.6034 3.1500
0.0370 0.0065 101.9131 0.0000 282.7790 0.6012 3.6173
-0.1997 0.0109 101.8910 0.0003 288.1479 0.5985 4.1870
-0.1662 0.0039 101.8483 32.0834 284.3162 0.6011 4.6523
