0.5773 0.0056 103.0364 176.2577 271.2971 0.5986 3.8917
2.2960 0.0004 103.0510 348.8745 257.6821 0.6113 3.6894
4.4333 0.0000 103.0018 535.8277 229.6239 0.6021 3.2806
5.8870 0.0000 102.8929 596.0587 235.6383 0.5695 2.7487
6.9302 0.0000 102.7735 584.9695 240.7144 0.5466 2.3410
7.5816 0.0000 102.6712 520.3807 241.7033 0.5391 2.1904
7.9321 0.0000 102.6038 405.5135 239.0383 0.5380 2.2232
7.9546 0.0000 102.5723 235.9296 239.5603 0.5403 2.2986
7.6684 0.0000 102.5644 60.5056 239.4370 0.5471 2.6417
7.1957 0.0000 102.5885 0.0001 238.3383 0.5575 3.3073
6.7095 0.0000 102.6077 0.0000 237.1352 0.5698 3.8413
6.1967 0.0000 102.5987 0.0000 236.0643 0.5865 4.3374
5.6415 0.0000 102.5769 0.0000 235.2075 0.6096 4.8124
5.0489 0.0000 102.5536 0.0000 234.5049 0.6371 5.0854
4.5102 0.0000 102.5579 0.0000 234.1061 0.6609 4.9005
3.9496 0.0000 102.5461 0.0000 233.8987 0.6732 4.6082
3.3824 0.0000 102.5306 0.0000 233.0072 0.6758 4.4462
2.9191 0.0000 102.5153 0.0000 232.2821 0.6716 4.3060
2.5147 0.0002 102.4737 0.0000 237.0966 0.6614 4.2002
2.1327 0.0007 102.4326 0.0000 242.9288 0.6485 4.0265
1.8445 0.0005 102.4349 0.0000 245.1528 0.6408 4.0076
1.8034 0.0002 102.4688 0.0000 253.1328 0.6379 4.0104
1.9167 0.0001 102.4749 0.1376 261.3291 0.6367 3.8431
2.0931 0.0001 102.4412 53.0041 256.6383 0.6353 3.7599
