-1.4234 0.0002 97.7613 203.4193 239.5061 0.5086 3.7728
0.8812 0.0000 97.7736 418.3369 212.7473 0.5250 3.7100
3.8253 0.0000 97.7380 556.2932 217.5512 0.5052 3.7223
5.8182 0.0000 97.6545 632.4398 223.4902 0.4831 3.0041
6.8898 0.0000 97.5516 637.7905 227.5551 0.4876 2.1506
7.6716 0.0000 97.4646 575.1507 231.2166 0.4929 1.6148
8.1205 0.0000 97.3931 449.6443 234.4509 0.4996 1.6224
8.1862 0.0000 97.3667 279.5530 235.9116 0.5071 1.8951
7.7477 0.0000 97.3651 92.1462 236.4846 0.5170 2.4434
6.9167 0.0000 97.3759 0.6842 235.8176 0.5246 3.2583
5.9963 0.0000 97.3846 0.0000 235.0504 0.5293 3.7110
5.1554 0.0000 97.3766 0.0000 234.4668 0.5330 3.7063
4.4782 0.0000 97.3760 0.0000 233.9578 0.5361 3.3577
3.9720 0.0000 97.3788 0.0000 234.0326 0.5389 3.0826
3.5746 0.0000 97.3796 0.0000 236.8042 0.5412 2.9502
3.1841 0.0000 97.3631 0.0000 237.4354 0.5422 2.8243
2.8396 0.0000 97.3392 0.0000 243.5711 0.5416 2.8645
2.5655 0.0000 97.3058 0.0000 254.9406 0.5404 2.8676
2.3356 0.0000 97.2648 0.0000 263.5654 0.5392 2.5333
2.1550 0.0000 97.2431 0.0000 268.4271 0.5380 2.0118
2.0376 0.0000 97.2289 0.0000 263.0352 0.5368 2.0918
2.0418 0.0000 97.2214 0.0000 265.7976 0.5365 2.4321
2.0908 0.0000 97.1931 0.0000 258.0910 0.5368 3.0836
2.0951 0.0000 97.1629 43.0886 260.5517 0.5373 3.6285
