-1.3576 0.0002 102.7231 127.0797 253.8876 0.5100 4.5313
0.2814 0.0000 102.7457 289.6188 237.8089 0.5195 4.3116
2.5804 0.0000 102.7217 451.8052 230.4278 0.5089 4.3030
4.4947 0.0000 102.6263 560.3593 227.3751 0.4829 3.9499
5.4897 0.0000 102.5040 584.7834 226.5645 0.4758 3.3201
6.1993 0.0000 102.3907 530.8758 228.8644 0.4729 2.9113
6.6248 0.0000 102.3055 414.0149 231.9010 0.4727 2.7621
6.7484 0.0000 102.2591 253.6688 234.1223 0.4730 2.8194
6.5359 0.0000 102.2422 81.6827 235.3000 0.4770 3.1541
6.1135 0.0000 102.2427 0.6833 235.5096 0.4806 3.9299
5.5769 0.0000 102.2451 0.0000 235.4264 0.4825 4.7561
4.9484 0.0000 102.2324 0.0000 234.9302 0.4870 5.2364
4.3332 0.0000 102.2317 0.0000 234.0539 0.4950 5.1034
3.7877 0.0000 102.2499 0.0000 233.3282 0.5054 4.8796
3.2717 0.0000 102.2357 0.0000 232.7939 0.5170 5.1928
2.7180 0.0000 102.2075 0.0000 233.6525 0.5294 5.1922
2.1940 0.0000 102.1969 0.0000 243.8415 0.5403 4.7131
1.7660 0.0000 102.1953 0.0000 251.5062 0.5484 4.6097
1.4089 0.0000 102.1737 0.0000 257.5100 0.5537 4.8227
1.1139 0.0000 102.1217 0.0000 260.0255 0.5569 5.2946
0.8826 0.0000 102.0698 0.0000 263.2162 0.5588 5.7646
0.7726 0.0000 102.0301 0.0000 269.7475 0.5618 5.9211
0.7384 0.0000 101.9880 0.0000 273.8111 0.5667 6.0838
0.7170 0.0000 101.9759 22.4963 271.1720 0.5748 5.5531
