0.4418 0.0007 101.2907 165.7747 248.0036 0.5777 6.6393
2.0981 0.0001 101.3191 360.6374 228.5147 0.5800 6.2064
4.3169 0.0000 101.2934 504.8859 230.6607 0.5696 5.8839
6.3247 0.0000 101.2119 588.3726 236.0655 0.5322 5.2909
7.7015 0.0000 101.0956 603.8935 240.8909 0.5050 4.7082
8.5555 0.0000 100.9816 553.0582 244.2425 0.5004 4.5410
9.0172 0.0000 100.8985 434.5004 246.8487 0.5030 4.5272
9.1075 0.0000 100.8503 277.3720 247.6673 0.5083 4.7117
8.6165 0.0000 100.8343 102.5571 247.2949 0.5254 5.1042
7.5114 0.0000 100.8428 3.0001 245.3072 0.5459 6.0087
6.3334 0.0000 100.8776 0.0000 243.3210 0.5578 6.3658
5.3864 0.0000 100.9017 0.0000 242.6224 0.5653 6.1906
4.6954 0.0000 100.9070 0.0000 252.2704 0.5679 6.0079
4.2287 0.0000 100.9203 0.0000 261.3071 0.5692 5.4472
3.9401 0.0000 100.9095 0.0000 266.7795 0.5679 5.2399
3.7719 0.0000 100.8758 0.0000 272.1175 0.5643 5.2878
3.7002 0.0000 100.8466 0.0000 276.2094 0.5607 5.2960
3.6860 0.0000 100.8207 0.0000 280.1394 0.5592 5.2682
3.6829 0.0000 100.7794 0.0000 283.4596 0.5593 5.3799
3.6253 0.0000 100.7310 0.0000 285.9877 0.5616 5.3900
3.5073 0.0000 100.6833 0.0000 286.4015 0.5655 5.4783
3.3256 0.0000 100.6276 0.0000 285.5240 0.5712 5.8717
3.0812 0.0000 100.6256 0.0000 273.6737 0.5787 5.3568
2.9163 0.0000 100.6779 29.9262 258.5929 0.5841 4.1501
