-1.2818 0.0073 102.4519 162.5993 265.9308 0.5268 2.3087
0.4480 0.0006 102.4603 331.9996 254.8295 0.5493 2.5543
3.2428 0.0000 102.4185 484.7979 237.0649 0.5419 3.0921
5.0313 0.0000 102.3100 558.2409 241.7000 0.5129 2.7011
6.0048 0.0000 102.1917 582.4088 238.2875 0.5103 2.2021
6.7031 0.0000 102.0922 539.8537 233.7678 0.5122 1.9147
7.1007 0.0000 102.0184 420.7134 234.2488 0.5141 1.8611
7.1216 0.0000 101.9782 252.0352 234.9855 0.5168 1.9975
6.7398 0.0000 101.9691 72.8210 234.7870 0.5224 2.6224
6.0386 0.0000 101.9856 0.0649 233.6319 0.5271 3.7297
5.2749 0.0000 101.9960 0.0000 232.3950 0.5289 4.4436
4.5756 0.0000 101.9755 0.0000 231.3310 0.5304 4.8815
4.0248 0.0000 101.9527 0.0000 230.6510 0.5322 5.0113
3.6081 0.0000 101.9551 0.0000 230.5107 0.5367 4.6640
3.2675 0.0000 101.9689 0.0000 230.9394 0.5443 4.1381
2.8862 0.0000 101.9453 0.0000 231.4205 0.5529 3.8189
2.4541 0.0000 101.9225 0.0000 231.4421 0.5625 3.7317
2.0226 0.0000 101.8971 0.0000 232.1492 0.5740 3.6133
1.5760 0.0000 101.8727 0.0000 235.0683 0.5864 3.0873
1.1204 0.0003 101.8506 0.0000 244.0658 0.5963 2.6503
0.6704 0.0017 101.8471 0.0000 264.9275 0.6019 2.7518
0.3348 0.0047 101.8457 0.0000 277.7843 0.6046 3.2008
0.0729 0.0102 101.8233 0.0013 281.2939 0.6048 3.8298
0.0045 0.0041 101.7819 36.8038 277.8869 0.6057 4.4034
