-1.1094 0.0022 102.5368 147.4906 261.0654 0.5263 4.0139
0.7261 0.0001 102.5499 308.4988 244.7192 0.5388 4.1253
3.2798 0.0000 102.5115 468.2593 235.7763 0.5193 4.2985
5.1001 0.0000 102.4094 575.0768 232.2257 0.4910 3.8002
6.1572 0.0000 102.2883 599.9157 230.6458 0.4890 3.1833
6.8780 0.0000 102.1816 548.0305 230.8916 0.4930 2.8401
7.3060 0.0000 102.1048 428.5947 232.7280 0.4959 2.7664
7.3720 0.0000 102.0624 262.3847 234.2557 0.4987 2.9010
7.0074 0.0000 102.0533 82.5044 235.1223 0.5079 3.4252
6.4080 0.0000 102.0603 0.4116 235.1558 0.5151 4.4147
5.8056 0.0000 102.0627 0.0000 235.2063 0.5196 5.1769
5.1890 0.0000 102.0395 0.0000 235.1770 0.5270 5.6529
4.5480 0.0000 102.0290 0.0000 234.9321 0.5362 5.6020
3.9605 0.0000 102.0445 0.0000 234.5778 0.5445 5.1600
3.4709 0.0000 102.0475 0.0000 234.3187 0.5502 4.9736
3.0027 0.0000 102.0184 0.0000 234.3025 0.5534 4.9124
2.5860 0.0000 101.9924 0.0000 238.7986 0.5553 4.6370
2.2621 0.0000 101.9803 0.0000 245.7539 0.5574 4.1160
1.9703 0.0000 101.9638 0.0000 253.2687 0.5594 3.7479
1.6669 0.0000 101.9288 0.0000 260.2363 0.5614 3.7884
1.3890 0.0000 101.9048 0.0000 262.2368 0.5640 4.2359
1.2658 0.0000 101.8814 0.0000 266.3125 0.5678 4.7840
1.2759 0.0000 101.8469 0.0000 268.3308 0.5721 5.3293
1.3706 0.0002 101.8039 35.6515 259.2150 0.5761 5.5611
