-1.5466 0.0005 102.7530 135.0858 256.0175 0.5090 4.4717
0.2751 0.0000 102.7756 291.0364 240.0895 0.5230 4.2735
2.7211 0.0000 102.7465 444.9902 233.8722 0.5091 4.3017
4.4739 0.0000 102.6511 556.6845 229.3594 0.4818 3.7899
5.4542 0.0000 102.5288 586.2184 226.6739 0.4739 3.1396
6.1495 0.0000 102.4181 532.7758 227.9400 0.4730 2.7377
6.5804 0.0000 102.3328 415.5136 230.0829 0.4723 2.5847
6.6968 0.0000 102.2890 253.0150 232.1792 0.4724 2.6583
6.4475 0.0000 102.2772 79.2868 233.3725 0.4778 3.0302
5.9943 0.0000 102.2777 0.4609 233.5202 0.4829 3.8541
5.4578 0.0000 102.2801 0.0000 233.4164 0.4874 4.7287
4.8465 0.0000 102.2623 0.0000 233.2040 0.4958 5.3659
4.2142 0.0000 102.2539 0.0000 232.8295 0.5071 5.4634
3.6231 0.0000 102.2747 0.0000 232.4858 0.5186 5.2132
3.0759 0.0000 102.2707 0.0000 232.1514 0.5293 5.3919
2.5053 0.0000 102.2374 0.0000 232.1587 0.5384 5.5863
1.9674 0.0000 102.2217 0.0000 237.1591 0.5453 5.1775
1.5450 0.0000 102.2252 0.0000 246.8600 0.5503 4.8019
1.2284 0.0000 102.2062 0.0000 252.8131 0.5533 4.8654
0.9775 0.0000 102.1592 0.0000 257.7061 0.5552 5.2221
0.7761 0.0000 102.1126 0.0000 260.5744 0.5581 5.6965
0.6676 0.0000 102.0754 0.0000 264.8737 0.5643 5.9693
0.5972 0.0000 102.0359 0.0000 269.4948 0.5732 6.1640
0.4864 0.0002 102.0058 24.0599 270.4539 0.5828 5.8747
