0.6071 0.0005 101.5420 170.4154 248.7718 0.5862 6.2731
2.3717 0.0000 101.5679 370.4744 226.5289 0.5912 5.7953
4.7337 0.0000 101.5412 511.7158 230.3956 0.5793 5.5778
6.8137 0.0000 101.4571 593.8021 236.6468 0.5313 5.1916
8.0584 0.0000 101.3434 608.0376 241.7463 0.5028 4.8295
8.7718 0.0000 101.2342 556.3230 244.7625 0.4973 4.8155
9.0978 0.0000 101.1553 436.8570 247.2639 0.4997 4.9291
9.0736 0.0000 101.1097 278.6821 247.8303 0.5046 5.1980
8.4898 0.0000 101.0959 102.6922 247.1968 0.5242 5.5617
7.3840 0.0000 101.1044 2.8341 244.8872 0.5459 6.3849
6.3387 0.0000 101.1313 0.0000 242.6759 0.5560 6.7457
5.5111 0.0000 101.1494 0.0000 241.7843 0.5628 6.5403
4.8684 0.0000 101.1504 0.0000 249.8924 0.5667 6.3866
4.3859 0.0000 101.1647 0.0000 259.1942 0.5705 5.8425
4.0506 0.0000 101.1543 0.0000 265.8769 0.5721 5.5528
3.8176 0.0000 101.1231 0.0000 271.6556 0.5711 5.4983
3.6613 0.0000 101.0942 0.0000 275.9980 0.5688 5.4471
3.5414 0.0000 101.0683 0.0000 279.7192 0.5679 5.3737
3.4264 0.0000 101.0325 0.0000 282.7123 0.5682 5.4642
3.2730 0.0000 100.9857 0.0000 285.1736 0.5703 5.5045
3.1018 0.0000 100.9431 0.0000 285.3866 0.5739 5.5407
2.9349 0.0000 100.8926 0.0000 283.9898 0.5794 5.8459
2.7919 0.0000 100.8771 0.0000 272.7315 0.5872 5.4403
2.7192 0.0000 100.9247 33.0010 255.5359 0.5932 4.1863
