-0.5667 0.0004 102.6779 129.2429 261.5871 0.5376 4.7653
0.9942 0.0000 102.6996 307.5467 237.3449 0.5406 4.6400
3.0624 0.0000 102.6671 467.5895 231.4696 0.5211 4.6803
4.8123 0.0000 102.5710 573.8525 228.8796 0.4943 4.3421
5.8207 0.0000 102.4525 595.2781 229.0182 0.4896 3.7810
6.5504 0.0000 102.3401 542.7483 230.5812 0.4895 3.4488
6.9386 0.0000 102.2588 423.5332 233.6839 0.4924 3.3856
7.0176 0.0000 102.2133 261.0069 236.0370 0.4942 3.4457
6.7331 0.0000 102.2010 85.6431 237.4507 0.5021 3.7665
6.2680 0.0000 102.2015 0.8608 237.6891 0.5076 4.5162
5.7851 0.0000 102.2006 0.0000 237.5280 0.5083 5.1540
5.2495 0.0000 102.1900 0.0000 236.9384 0.5121 5.3495
4.7042 0.0000 102.1912 0.0000 236.0476 0.5200 4.9683
4.1845 0.0000 102.2028 0.0000 235.1606 0.5300 4.6699
3.6646 0.0000 102.1903 0.0000 235.1789 0.5410 4.7766
3.1255 0.0000 102.1651 0.0000 238.6335 0.5519 4.6141
2.6391 0.0000 102.1459 0.0000 248.7529 0.5603 4.1158
2.2493 0.0000 102.1366 0.0000 255.8965 0.5662 3.8860
1.9002 0.0000 102.1125 0.0000 261.4986 0.5704 4.1025
1.5585 0.0000 102.0721 0.0000 263.6128 0.5734 4.5877
1.2559 0.0000 102.0305 0.0000 269.2494 0.5753 5.0427
1.0956 0.0000 101.9961 0.0000 272.8151 0.5774 5.2164
1.0504 0.0000 101.9547 0.0000 274.6268 0.5802 5.4610
1.0752 0.0000 101.9414 25.7115 270.1818 0.5843 4.8794
