-1.4907 0.0008 102.8050 134.9534 260.4356 0.5145 4.4681
0.4082 0.0000 102.8275 287.1645 244.2184 0.5293 4.3427
2.8120 0.0000 102.7942 438.9606 237.0973 0.5158 4.3867
4.4933 0.0000 102.6989 553.8262 231.6307 0.4876 3.8003
5.4972 0.0000 102.5782 587.9868 227.6143 0.4785 3.1347
6.2069 0.0000 102.4688 535.3796 228.1874 0.4783 2.7260
6.6459 0.0000 102.3818 418.3094 229.6860 0.4769 2.5672
6.7774 0.0000 102.3393 254.5707 231.6957 0.4759 2.6490
6.5153 0.0000 102.3301 79.1737 232.9227 0.4818 3.0297
6.0523 0.0000 102.3306 0.3790 233.0898 0.4875 3.8672
5.5285 0.0000 102.3330 0.0000 233.0383 0.4932 4.7552
4.9448 0.0000 102.3127 0.0000 233.0295 0.5040 5.4524
4.3203 0.0000 102.3003 0.0000 232.9181 0.5181 5.6344
3.7082 0.0000 102.3225 0.0000 232.7400 0.5311 5.3651
3.1290 0.0000 102.3236 0.0000 232.4306 0.5418 5.5095
2.5241 0.0000 102.2878 0.0000 231.9144 0.5492 5.7995
1.9578 0.0000 102.2678 0.0000 234.4633 0.5540 5.4343
1.5224 0.0000 102.2739 0.0000 245.7255 0.5572 4.9244
1.2139 0.0000 102.2563 0.0000 251.7516 0.5585 4.9290
0.9765 0.0000 102.2117 0.0000 257.1751 0.5586 5.2585
0.7821 0.0000 102.1710 0.0000 260.3651 0.5603 5.7580
0.6730 0.0000 102.1350 0.0000 264.1607 0.5662 6.0858
0.5980 0.0000 102.0984 0.0000 268.4610 0.5756 6.3037
0.4714 0.0002 102.0577 25.1633 269.9907 0.5859 6.1308
