-0.4147 0.0005 101.1781 161.3174 254.7828 0.5498 4.8930
1.5302 0.0000 101.1943 382.7836 218.2805 0.5598 4.5581
4.3473 0.0000 101.1651 525.9565 221.3024 0.5328 4.6709
6.3737 0.0000 101.0706 607.1430 227.6949 0.4933 4.3625
7.4326 0.0000 100.9596 618.7058 231.4787 0.4831 3.9805
8.0815 0.0000 100.8629 561.7999 235.1761 0.4825 3.9870
8.3013 0.0000 100.7879 436.4138 238.9072 0.4886 4.1844
8.1349 0.0000 100.7520 272.5483 241.1051 0.4962 4.4006
7.4101 0.0000 100.7418 94.2041 241.7948 0.5160 4.9011
6.2978 0.0000 100.7497 1.4710 240.2592 0.5328 5.7144
5.3268 0.0000 100.7590 0.0000 238.0650 0.5375 5.9537
4.6342 0.0000 100.7576 0.0000 236.1999 0.5406 5.4599
4.1357 0.0000 100.7612 0.0000 235.1276 0.5427 4.8095
3.7275 0.0000 100.7672 0.0000 238.9639 0.5442 4.4359
3.3695 0.0000 100.7588 0.0000 245.9086 0.5464 3.9965
3.0618 0.0000 100.7316 0.0000 251.9601 0.5484 3.5705
2.8194 0.0000 100.7029 0.0000 260.3070 0.5499 3.1755
2.6277 0.0000 100.6840 0.0000 266.5597 0.5517 3.0194
2.4090 0.0000 100.6574 0.0000 268.8067 0.5542 3.0346
2.1673 0.0000 100.6253 0.0000 272.7856 0.5570 3.3685
1.9697 0.0000 100.5892 0.0000 275.7749 0.5602 3.6611
1.9558 0.0000 100.5587 0.0000 276.9493 0.5642 3.8784
2.1384 0.0000 100.5111 0.0000 275.6366 0.5679 4.1760
2.3934 0.0000 100.5065 23.3596 279.7218 0.5716 3.4735
