1.6197 0.0000 101.6133 147.2897 259.6526 0.6287 5.3225
3.3381 0.0000 101.6497 333.8073 243.0483 0.6269 5.4003
5.4677 0.0000 101.6326 485.5672 241.5224 0.6115 5.1066
7.2452 0.0000 101.5591 583.6150 241.3858 0.5795 4.4879
8.4860 0.0000 101.4402 605.3869 244.1490 0.5579 3.9187
9.4051 0.0000 101.3174 559.4784 246.7208 0.5451 3.6216
9.9620 0.0000 101.2267 442.2512 249.4744 0.5405 3.5392
10.0976 0.0000 101.1688 286.1123 251.4713 0.5405 3.6230
9.8261 0.0000 101.1555 111.0228 253.6272 0.5485 3.5539
9.2697 0.0000 101.1772 4.9698 255.5706 0.5558 3.2804
8.5959 0.0000 101.2228 0.0000 257.8741 0.5571 3.1874
7.8364 0.0000 101.2348 0.0000 270.8668 0.5626 3.3612
7.1082 0.0000 101.2722 0.0000 279.0557 0.5735 2.9330
6.4775 0.0000 101.2807 0.0000 281.8520 0.5832 2.7893
5.8733 0.0000 101.2541 0.0000 282.9738 0.5907 3.1661
5.3026 0.0000 101.2205 0.0000 286.0434 0.5975 3.6179
4.8548 0.0000 101.2053 0.0000 288.0179 0.6025 3.6980
4.5413 0.0000 101.1723 0.0000 289.1680 0.6037 3.7943
4.3308 0.0000 101.1338 0.0000 289.5548 0.6042 3.7181
4.1868 0.0000 101.0824 0.0000 288.4864 0.6040 3.6641
4.0599 0.0000 101.0107 0.0000 285.2230 0.6023 4.1254
3.8882 0.0000 100.9591 0.0000 264.5450 0.6048 4.2459
3.7270 0.0000 101.0178 0.0000 252.2601 0.6128 2.7663
3.6019 0.0000 101.0399 24.5426 266.3840 0.6185 2.2159
