-1.3107 0.0005 102.7902 130.3318 258.3581 0.5166 4.5149
0.4430 0.0000 102.8128 287.0853 241.9260 0.5276 4.3645
2.7175 0.0000 102.7833 444.2158 234.6640 0.5151 4.3850
4.4920 0.0000 102.6879 558.0703 229.7165 0.4877 3.9203
5.4989 0.0000 102.5672 586.9585 227.4423 0.4796 3.2777
6.2180 0.0000 102.4551 534.1466 228.7307 0.4780 2.8690
6.6500 0.0000 102.3697 417.0054 231.0316 0.4774 2.7183
6.7839 0.0000 102.3245 254.8091 233.1830 0.4769 2.7828
6.5534 0.0000 102.3115 80.8356 234.4403 0.4818 3.1263
6.1218 0.0000 102.3120 0.5533 234.6718 0.4863 3.9172
5.6096 0.0000 102.3144 0.0000 234.6417 0.4900 4.7573
5.0210 0.0000 102.2979 0.0000 234.3842 0.4978 5.3233
4.4126 0.0000 102.2921 0.0000 233.8784 0.5092 5.3222
3.8391 0.0000 102.3116 0.0000 233.3958 0.5215 5.0750
3.2903 0.0000 102.3050 0.0000 232.9365 0.5332 5.3092
2.7087 0.0000 102.2730 0.0000 233.1667 0.5436 5.4459
2.1618 0.0000 102.2569 0.0000 239.8832 0.5516 5.0258
1.7277 0.0000 102.2591 0.0000 249.2702 0.5572 4.7179
1.3906 0.0000 102.2387 0.0000 255.2443 0.5605 4.8409
1.1159 0.0000 102.1920 0.0000 259.1006 0.5620 5.2525
0.8936 0.0000 102.1458 0.0000 262.9405 0.5635 5.7431
0.7761 0.0000 102.1087 0.0000 267.7560 0.5675 5.9830
0.7155 0.0000 102.0694 0.0000 271.6622 0.5741 6.1813
0.6379 0.0001 102.0429 24.2209 270.3193 0.5827 5.8084
