0.0216 0.0078 102.3006 159.9661 268.2212 0.5650 2.3996
1.7675 0.0020 102.3081 326.6321 263.6114 0.5813 2.3416
3.7105 0.0000 102.2575 531.5548 228.7559 0.5818 2.5287
5.5964 0.0000 102.1468 590.2892 236.5069 0.5402 2.3305
6.6994 0.0000 102.0211 600.9214 237.1587 0.5300 2.0553
7.4169 0.0000 101.9202 544.2950 236.5415 0.5305 1.9503
7.8061 0.0000 101.8469 419.8319 237.8318 0.5319 2.0733
7.8352 0.0000 101.8127 249.5707 238.5139 0.5332 2.2896
7.3935 0.0000 101.8036 70.4761 238.1428 0.5388 2.9018
6.5757 0.0000 101.8274 0.0289 236.3720 0.5439 3.8825
5.7199 0.0000 101.8452 0.0000 234.3824 0.5464 4.3656
4.9625 0.0000 101.8394 0.0000 232.7749 0.5496 4.4990
4.4187 0.0000 101.8181 0.0000 231.7993 0.5551 4.3257
4.0672 0.0000 101.8080 0.0000 231.6618 0.5643 3.7681
3.7625 0.0000 101.8093 0.0000 232.0425 0.5784 3.0434
3.3244 0.0000 101.7974 0.0000 232.4573 0.5942 2.6556
2.7797 0.0000 101.7754 0.0000 232.1420 0.6110 2.4565
2.2304 0.0000 101.7571 0.0000 231.9003 0.6268 2.3586
1.6830 0.0000 101.7168 0.0000 232.2204 0.6407 2.3423
1.1158 0.0007 101.6807 0.0000 244.1871 0.6459 2.4754
0.5009 0.0043 101.6917 0.0000 285.5690 0.6329 2.8262
0.1429 0.0080 101.7189 0.0000 297.9304 0.6187 2.7188
-0.0552 0.0178 101.7165 0.0193 297.1203 0.6120 2.4833
0.0160 0.0094 101.6883 34.7787 291.2896 0.6129 2.3818
