-2.0836 0.0009 102.9333 173.0891 246.1460 0.4986 3.4316
0.3396 0.0000 102.9429 374.3851 216.7648 0.5221 3.3961
3.1308 0.0000 102.9101 495.7606 223.2187 0.5039 3.1201
4.3544 0.0000 102.8117 557.2257 229.9269 0.4878 2.4483
5.0989 0.0000 102.6964 571.2089 229.0211 0.4864 1.9098
5.6386 0.0000 102.5940 517.2712 228.4930 0.4896 1.6032
5.9720 0.0000 102.5226 398.4918 229.2259 0.4909 1.5080
5.9741 0.0000 102.4801 235.9447 229.3876 0.4932 1.5896
5.6543 0.0000 102.4710 63.9855 229.6655 0.4975 1.9649
5.1920 0.0000 102.4866 0.0177 229.5314 0.5010 2.6371
4.7081 0.0000 102.4930 0.0000 229.4084 0.5045 3.2814
4.2159 0.0000 102.4755 0.0000 229.0538 0.5095 3.9733
3.7344 0.0000 102.4490 0.0000 228.4604 0.5173 4.5211
3.2653 0.0000 102.4454 0.0000 228.1209 0.5297 4.6338
2.8105 0.0000 102.4646 0.0000 228.2222 0.5465 4.3831
2.3044 0.0000 102.4545 0.0000 228.6257 0.5640 4.3669
1.7316 0.0000 102.4172 0.0000 228.6434 0.5803 4.6224
1.1247 0.0000 102.4074 0.0000 229.3274 0.5949 4.3514
0.5622 0.0001 102.4058 0.0000 239.5055 0.6026 3.7309
-0.0090 0.0037 102.3765 0.0000 259.7651 0.5986 3.6037
-0.5678 0.0114 102.3415 0.0000 278.8980 0.5845 3.7695
-0.8916 0.0083 102.3077 0.0000 280.4961 0.5735 4.0426
-1.1219 0.0076 102.2805 0.0000 280.3306 0.5661 4.3622
-1.1986 0.0068 102.2410 27.5781 282.4291 0.5604 4.4019
