-1.8193 0.0024 102.8642 162.3398 253.8116 0.5082 3.5623
0.3035 0.0001 102.8799 334.7520 235.4344 0.5289 3.7129
3.1652 0.0000 102.8436 453.1108 236.9778 0.5131 3.8625
4.6423 0.0000 102.7429 547.2592 235.9325 0.4935 3.1467
5.5921 0.0000 102.6248 585.9389 229.4309 0.4904 2.4794
6.2808 0.0000 102.5163 535.2473 228.6632 0.4932 2.1151
6.7390 0.0000 102.4352 415.9758 230.2333 0.4941 1.9781
6.8173 0.0000 102.3935 249.6191 231.6412 0.4976 2.0811
6.5427 0.0000 102.3843 73.4376 232.4251 0.5049 2.5436
6.0817 0.0000 102.3958 0.1303 232.4729 0.5131 3.5191
5.5194 0.0000 102.3990 0.0000 232.4379 0.5202 4.5284
4.8590 0.0000 102.3786 0.0000 231.9320 0.5264 5.4221
4.1608 0.0000 102.3573 0.0000 231.2957 0.5319 5.8455
3.5473 0.0000 102.3683 0.0000 230.8695 0.5371 5.5951
3.0729 0.0000 102.3876 0.0000 230.7971 0.5420 5.2089
2.6297 0.0000 102.3588 0.0000 230.8872 0.5458 5.2461
2.1675 0.0000 102.3263 0.0000 230.5403 0.5501 5.1904
1.7043 0.0000 102.3249 0.0000 233.9675 0.5576 4.5715
1.2787 0.0000 102.3176 0.0000 242.6943 0.5666 4.0597
0.9028 0.0002 102.2829 0.0000 252.3803 0.5762 4.1621
0.5373 0.0012 102.2514 0.0000 259.2605 0.5861 4.5634
0.2403 0.0014 102.2220 0.0000 267.6198 0.5929 5.1157
-0.0704 0.0026 102.1893 0.0000 276.8922 0.5937 5.5176
-0.1889 0.0030 102.1460 26.0035 283.4542 0.5932 5.5972
