0.0165 0.0003 100.3995 176.6808 250.6477 0.5694 5.3614
2.1261 0.0000 100.4218 390.8672 220.3354 0.5833 4.8543
4.8440 0.0000 100.3937 529.5547 225.8978 0.5723 4.6516
7.0641 0.0000 100.3090 609.0386 233.0849 0.5216 4.2387
8.2508 0.0000 100.2014 619.9238 238.7268 0.5018 3.9876
8.9129 0.0000 100.0999 564.7860 242.3328 0.4994 4.1629
9.1574 0.0000 100.0291 442.3473 245.4812 0.5031 4.4533
9.0185 0.0000 99.9898 280.4844 246.5469 0.5076 4.8024
8.3333 0.0000 99.9802 101.4946 246.0705 0.5254 5.2141
7.2011 0.0000 99.9887 2.2729 243.5267 0.5417 5.9935
6.1522 0.0000 100.0065 0.0000 240.6246 0.5457 6.3217
5.2989 0.0000 100.0151 0.0000 238.5614 0.5484 5.9566
4.6344 0.0000 100.0141 0.0000 241.4072 0.5499 5.7652
4.1254 0.0000 100.0248 0.0000 251.5075 0.5524 5.3220
3.7639 0.0000 100.0176 0.0000 257.7552 0.5542 4.8917
3.5106 0.0000 99.9926 0.0000 266.4994 0.5547 4.6993
3.3398 0.0000 99.9627 0.0000 271.6110 0.5551 4.5980
3.1965 0.0000 99.9343 0.0000 275.9977 0.5565 4.4855
3.0424 0.0000 99.9083 0.0000 279.1352 0.5583 4.4781
2.8691 0.0000 99.8639 0.0000 281.2793 0.5607 4.6478
2.6819 0.0000 99.8307 0.0000 282.2924 0.5636 4.7517
2.5855 0.0000 99.7958 0.0000 280.1315 0.5680 5.0727
2.6103 0.0000 99.7611 0.0000 276.8578 0.5738 5.1517
2.6851 0.0000 99.7921 36.9532 256.2189 0.5786 4.0825
