-1.3517 0.0034 102.4549 162.8016 255.8770 0.5207 3.4395
0.5495 0.0002 102.4642 312.7515 247.6304 0.5370 3.6605
3.3478 0.0000 102.4230 469.5749 236.6298 0.5185 3.9986
5.1537 0.0000 102.3198 573.3605 233.4815 0.4910 3.4803
6.2226 0.0000 102.1959 596.6712 232.3104 0.4893 2.8384
6.9493 0.0000 102.0921 548.1153 231.0763 0.4936 2.4844
7.3867 0.0000 102.0163 427.8747 232.7877 0.4969 2.4009
7.4384 0.0000 101.9739 260.6879 234.0454 0.5012 2.5718
7.0704 0.0000 101.9648 80.2974 234.5088 0.5109 3.1613
6.4728 0.0000 101.9784 0.2659 234.2891 0.5190 4.2078
5.8665 0.0000 101.9807 0.0000 234.2622 0.5257 4.9921
5.2218 0.0000 101.9549 0.0000 234.2077 0.5336 5.5832
4.5148 0.0000 101.9405 0.0000 233.9375 0.5409 5.6986
3.8752 0.0000 101.9549 0.0000 233.5705 0.5461 5.2904
3.4004 0.0000 101.9656 0.0000 233.4229 0.5490 4.9641
2.9802 0.0000 101.9376 0.0000 233.4834 0.5496 4.9007
2.5965 0.0000 101.9077 0.0000 234.6032 0.5497 4.8061
2.2671 0.0000 101.8945 0.0000 240.8012 0.5512 4.3362
1.9609 0.0000 101.8791 0.0000 247.7724 0.5535 3.6989
1.6545 0.0000 101.8479 0.0000 258.1113 0.5566 3.4883
1.3692 0.0000 101.8306 0.0000 260.1842 0.5613 3.8200
1.2218 0.0000 101.8083 0.0000 263.0665 0.5677 4.5256
1.1852 0.0001 101.7792 0.0000 267.6339 0.5740 5.2174
1.2260 0.0005 101.7308 39.1815 255.7203 0.5788 5.7427
