-0.8891 0.0059 100.8896 172.6844 261.6963 0.5319 2.2666
0.9565 0.0010 100.8964 349.7299 248.8749 0.5499 2.5253
3.1692 0.0000 100.8546 526.4860 227.7339 0.5458 2.8732
5.1932 0.0000 100.7480 606.6055 229.4345 0.5095 2.5626
6.3525 0.0000 100.6267 613.8643 232.0821 0.5072 2.1016
7.0962 0.0000 100.5301 553.9344 233.3193 0.5138 1.8179
7.5232 0.0000 100.4612 429.0108 235.2614 0.5189 1.8287
7.5732 0.0000 100.4264 258.3521 236.3575 0.5231 2.0277
7.1614 0.0000 100.4218 76.2935 236.3149 0.5302 2.6510
6.3655 0.0000 100.4411 0.1127 234.9577 0.5358 3.6499
5.4575 0.0000 100.4544 0.0000 233.1134 0.5387 4.1255
4.5623 0.0000 100.4442 0.0000 231.6589 0.5409 4.2941
3.8317 0.0000 100.4279 0.0000 230.6555 0.5434 4.1824
3.3207 0.0000 100.4234 0.0000 230.3295 0.5472 3.7351
2.9473 0.0000 100.4299 0.0000 230.5115 0.5532 3.1997
2.5290 0.0000 100.4127 0.0000 230.8806 0.5594 2.8214
2.0674 0.0000 100.3905 0.0000 230.7843 0.5657 2.6140
1.6342 0.0000 100.3675 0.0000 231.9824 0.5718 2.5498
1.2097 0.0000 100.3272 0.0000 233.7232 0.5779 2.3535
0.7979 0.0003 100.2963 0.0000 248.4158 0.5811 2.1504
0.4195 0.0017 100.3026 0.0000 269.2337 0.5776 2.2715
0.2371 0.0034 100.3107 0.0000 270.8218 0.5744 2.4402
0.1149 0.0078 100.3025 0.0075 273.4470 0.5754 2.6639
0.0698 0.0049 100.2652 46.3694 263.7496 0.5789 3.0596
