-0.0344 0.0060 102.6802 167.1113 269.0166 0.5698 2.8360
1.4956 0.0012 102.6927 334.0576 260.2291 0.5851 2.6727
3.4883 0.0000 102.6505 520.8261 232.7836 0.5835 2.7241
5.0649 0.0000 102.5436 563.0171 242.7621 0.5512 2.3997
6.0195 0.0000 102.4226 584.4851 239.6382 0.5355 2.0788
6.6551 0.0000 102.3253 528.2379 238.7247 0.5300 1.9818
6.9898 0.0000 102.2530 414.3243 236.1176 0.5283 2.0717
7.0079 0.0000 102.2191 245.0429 236.5261 0.5285 2.2135
6.6560 0.0000 102.2099 67.3252 236.0905 0.5327 2.6801
6.0550 0.0000 102.2300 0.0128 234.6184 0.5376 3.4701
5.4917 0.0000 102.2440 0.0000 233.2214 0.5413 3.9231
5.0413 0.0000 102.2296 0.0000 232.3180 0.5470 4.2100
4.7048 0.0000 102.2043 0.0000 231.9885 0.5570 4.3524
4.3978 0.0000 102.1919 0.0000 232.2317 0.5735 4.1823
4.0507 0.0000 102.1942 0.0000 232.8291 0.5946 3.7445
3.5680 0.0000 102.1823 0.0000 233.3525 0.6155 3.4951
2.9979 0.0000 102.1615 0.0000 233.1183 0.6339 3.4312
2.4519 0.0000 102.1398 0.0000 232.8261 0.6486 3.4030
1.9371 0.0001 102.1070 0.0000 233.9161 0.6588 3.2449
1.4299 0.0008 102.0745 0.0000 247.0911 0.6578 3.0553
0.9134 0.0038 102.0804 0.0000 274.8413 0.6440 3.1421
0.6723 0.0048 102.1006 0.0000 286.5082 0.6320 3.0956
0.6364 0.0074 102.0949 0.0269 287.0766 0.6277 3.0557
0.7752 0.0037 102.0616 40.0538 279.3689 0.6287 3.1139
