-1.4521 0.0003 102.7381 131.0827 254.9525 0.5095 4.5015
0.2783 0.0000 102.7607 290.3276 238.9492 0.5213 4.2926
2.6507 0.0000 102.7341 448.3977 232.1500 0.5090 4.3023
4.4843 0.0000 102.6387 558.5219 228.3673 0.4824 3.8699
5.4719 0.0000 102.5164 585.5009 226.6192 0.4749 3.2299
6.1744 0.0000 102.4044 531.8258 228.4022 0.4730 2.8245
6.6026 0.0000 102.3191 414.7642 230.9920 0.4725 2.6734
6.7226 0.0000 102.2740 253.3419 233.1507 0.4727 2.7388
6.4917 0.0000 102.2597 80.4848 234.3362 0.4774 3.0921
6.0539 0.0000 102.2602 0.5721 234.5149 0.4818 3.8920
5.5173 0.0000 102.2626 0.0000 234.4214 0.4850 4.7424
4.8974 0.0000 102.2474 0.0000 234.0671 0.4914 5.3011
4.2737 0.0000 102.2428 0.0000 233.4417 0.5011 5.2834
3.7054 0.0000 102.2623 0.0000 232.9070 0.5120 5.0464
3.1738 0.0000 102.2532 0.0000 232.4726 0.5231 5.2923
2.6117 0.0000 102.2225 0.0000 232.9056 0.5339 5.3893
2.0807 0.0000 102.2093 0.0000 240.5003 0.5428 4.9453
1.6555 0.0000 102.2102 0.0000 249.1831 0.5494 4.7058
1.3186 0.0000 102.1900 0.0000 255.1616 0.5535 4.8441
1.0457 0.0000 102.1404 0.0000 258.8658 0.5561 5.2583
0.8293 0.0000 102.0912 0.0000 261.8953 0.5585 5.7306
0.7201 0.0000 102.0528 0.0000 267.3106 0.5631 5.9452
0.6678 0.0000 102.0120 0.0000 271.6530 0.5699 6.1239
0.6017 0.0001 101.9908 23.2781 270.8129 0.5788 5.7139
