-1.5140 0.0002 98.4956 209.1778 227.9244 0.5016 3.4434
0.7141 0.0000 98.5030 407.1980 214.5104 0.5130 3.5150
3.5886 0.0000 98.4674 547.7904 217.7139 0.4826 3.6146
5.5188 0.0000 98.3742 628.0281 222.0666 0.4602 2.9611
6.5047 0.0000 98.2715 634.1486 225.6750 0.4710 2.2401
7.1790 0.0000 98.1857 571.2528 229.1911 0.4838 1.9195
7.5861 0.0000 98.1191 446.9353 231.7735 0.4925 2.0810
7.5638 0.0000 98.0927 276.3323 233.1810 0.4999 2.4131
6.9689 0.0000 98.0913 89.1639 233.4201 0.5126 3.0660
5.9442 0.0000 98.1068 0.4843 232.4321 0.5219 3.8976
4.9658 0.0000 98.1168 0.0000 231.7114 0.5259 4.0982
4.2345 0.0000 98.0990 0.0000 231.6168 0.5292 3.9911
3.7109 0.0000 98.0887 0.0000 231.6527 0.5329 3.6458
3.3795 0.0000 98.0878 0.0000 231.8435 0.5361 3.3312
3.1740 0.0000 98.0887 0.0000 232.8141 0.5390 3.2534
2.9338 0.0000 98.0626 0.0000 235.2538 0.5402 3.2317
2.7264 0.0000 98.0400 0.0000 239.2123 0.5401 3.3353
2.5589 0.0000 98.0065 0.0000 246.0160 0.5398 3.2665
2.3946 0.0000 97.9715 0.0000 258.2455 0.5391 2.6338
2.2494 0.0000 97.9510 0.0000 264.8143 0.5385 1.8804
2.1594 0.0000 97.9381 0.0000 261.5415 0.5379 1.6041
2.2152 0.0000 97.9271 0.0000 265.8484 0.5378 2.0007
2.3425 0.0000 97.9001 0.0000 254.7539 0.5383 2.8983
2.4487 0.0000 97.8590 49.2685 248.8905 0.5388 3.8321
