-0.9083 0.0049 102.7204 169.2386 264.4821 0.5417 2.6515
0.7603 0.0007 102.7327 343.8545 250.9927 0.5631 2.6484
3.1671 0.0000 102.6947 503.0536 234.4479 0.5604 2.9011
4.6615 0.0000 102.5904 549.1541 243.6452 0.5359 2.4970
5.5163 0.0000 102.4736 575.5410 239.0869 0.5263 2.0521
6.1361 0.0000 102.3779 528.1349 235.8265 0.5222 1.8417
6.4809 0.0000 102.3039 414.1227 233.7462 0.5205 1.8268
6.5148 0.0000 102.2663 245.9455 234.1675 0.5203 1.9178
6.1999 0.0000 102.2571 68.4823 233.8296 0.5239 2.3523
5.6663 0.0000 102.2736 0.0252 232.6763 0.5279 3.1473
5.1583 0.0000 102.2840 0.0000 231.6669 0.5306 3.7058
4.7432 0.0000 102.2636 0.0000 231.0586 0.5346 4.1628
4.4198 0.0000 102.2368 0.0000 230.9355 0.5419 4.4610
4.1049 0.0000 102.2300 0.0000 231.2564 0.5553 4.3845
3.7493 0.0000 102.2391 0.0000 231.9071 0.5739 4.0312
3.2750 0.0000 102.2233 0.0000 232.4737 0.5933 3.8463
2.7215 0.0000 102.2003 0.0000 232.3800 0.6109 3.9005
2.1788 0.0000 102.1752 0.0000 232.3866 0.6262 3.9186
1.6543 0.0001 102.1525 0.0000 235.6351 0.6372 3.5113
1.1296 0.0008 102.1279 0.0000 251.5357 0.6374 3.0933
0.6131 0.0041 102.1266 0.0000 275.0222 0.6275 3.1329
0.3298 0.0050 102.1311 0.0000 286.4133 0.6188 3.2814
0.2566 0.0060 102.1136 0.0033 286.9096 0.6161 3.5577
0.3782 0.0023 102.0760 36.7980 279.9342 0.6186 3.8599
