-0.0016 0.0007 99.9871 158.4312 243.9849 0.5437 5.9203
2.0287 0.0001 100.0219 338.9897 233.7260 0.5445 5.6070
4.3290 0.0000 100.0034 490.4727 231.7921 0.5431 4.7285
6.4682 0.0000 99.9293 576.4415 235.9677 0.5177 3.2531
8.0013 0.0000 99.8116 594.5067 240.8337 0.5023 2.8786
8.9416 0.0000 99.6914 546.7096 244.1361 0.5067 2.8412
9.5327 0.0000 99.6062 430.2938 246.7679 0.5149 2.7892
9.7158 0.0000 99.5529 275.2137 247.9371 0.5243 2.7627
9.3846 0.0000 99.5355 102.6263 248.2205 0.5352 2.9074
8.5050 0.0000 99.5440 3.4078 247.8079 0.5454 3.4838
7.3975 0.0000 99.5895 0.0000 247.2687 0.5523 3.8626
6.3798 0.0000 99.6203 0.0000 247.6251 0.5571 3.7686
5.5826 0.0000 99.6360 0.0000 259.8553 0.5592 3.7352
4.9923 0.0000 99.6500 0.0000 266.5416 0.5605 3.6204
4.5451 0.0000 99.6426 0.0000 269.5129 0.5597 3.6114
4.2334 0.0000 99.6113 0.0000 273.4140 0.5559 3.6670
4.0762 0.0000 99.5856 0.0000 275.9570 0.5505 3.6154
4.0582 0.0000 99.5566 0.0000 280.5974 0.5451 3.4638
4.1469 0.0000 99.5153 0.0000 283.8992 0.5412 3.3700
4.2363 0.0000 99.4631 0.0000 286.4545 0.5396 3.3273
4.2798 0.0000 99.3986 0.0000 288.3598 0.5394 3.7214
4.2378 0.0000 99.3299 0.0000 288.6062 0.5423 4.5298
4.0691 0.0000 99.3548 0.0000 284.1679 0.5476 3.9226
3.8662 0.0001 99.4109 21.4529 272.9797 0.5518 3.0479
