1.5242 0.0000 101.9141 155.8288 259.2693 0.6192 6.0958
3.1670 0.0000 101.9425 330.6223 246.4370 0.6262 5.6059
5.3521 0.0000 101.9177 482.0799 245.5641 0.6204 5.2784
7.4067 0.0000 101.8392 575.7447 248.4492 0.5759 4.9510
8.7739 0.0000 101.7229 596.4716 251.1314 0.5327 4.7250
9.5647 0.0000 101.6088 560.7223 249.4069 0.5150 4.8370
9.9599 0.0000 101.5285 442.5296 250.5640 0.5109 5.0756
9.9986 0.0000 101.4803 285.0628 250.8263 0.5112 5.4144
9.4794 0.0000 101.4642 107.9117 250.2519 0.5286 5.6643
8.4295 0.0000 101.4798 3.5909 248.6599 0.5516 6.1707
7.2921 0.0000 101.5168 0.0000 247.4768 0.5659 6.4445
6.3005 0.0000 101.5282 0.0000 250.6569 0.5782 6.6116
5.5260 0.0000 101.5337 0.0000 261.1150 0.5883 6.4392
4.9693 0.0000 101.5508 0.0000 269.9934 0.5968 6.0130
4.5637 0.0000 101.5393 0.0000 274.8168 0.6027 5.9577
4.2774 0.0000 101.5056 0.0000 278.6626 0.6046 6.0357
4.0979 0.0000 101.4753 0.0000 283.3817 0.6036 5.9199
3.9765 0.0000 101.4495 0.0000 285.5457 0.6024 5.7674
3.8758 0.0000 101.4082 0.0000 287.1901 0.6014 5.7628
3.7626 0.0000 101.3668 0.0000 286.8327 0.6018 5.6381
3.6433 0.0000 101.3231 0.0000 284.3060 0.6032 5.6152
3.5291 0.0000 101.2664 0.0000 278.3448 0.6067 5.8733
3.3632 0.0000 101.2724 0.0000 256.7646 0.6143 5.1041
3.1954 0.0000 101.3252 36.4330 250.6045 0.6209 3.9762
