-0.8374 0.0003 99.0241 180.1706 251.6155 0.5368 4.4036
1.4327 0.0000 99.0390 406.5281 215.3038 0.5541 4.1318
4.3383 0.0000 99.0060 546.3796 219.9344 0.5374 4.0123
6.4210 0.0000 98.9236 624.0152 226.5795 0.5076 3.3540
7.6199 0.0000 98.8189 632.4137 231.1517 0.4990 2.7224
8.3660 0.0000 98.7237 572.9668 234.9966 0.5007 2.6136
8.7053 0.0000 98.6523 445.6294 239.5224 0.5067 2.8665
8.6430 0.0000 98.6232 279.6044 240.7364 0.5125 3.1596
8.0775 0.0000 98.6179 95.9231 241.4520 0.5245 3.6628
7.1294 0.0000 98.6280 1.2739 240.7521 0.5326 4.3492
6.1341 0.0000 98.6349 0.0000 239.3169 0.5351 4.5675
5.2736 0.0000 98.6323 0.0000 237.6863 0.5380 4.2102
4.6381 0.0000 98.6344 0.0000 236.4093 0.5406 3.6994
4.1857 0.0000 98.6352 0.0000 240.3713 0.5427 3.3694
3.8538 0.0000 98.6323 0.0000 244.0626 0.5450 3.0420
3.5986 0.0000 98.6140 0.0000 251.1389 0.5469 2.8718
3.4157 0.0000 98.5837 0.0000 259.5810 0.5487 2.8272
3.2785 0.0000 98.5529 0.0000 266.6200 0.5506 2.7454
3.1192 0.0000 98.5273 0.0000 272.2623 0.5520 2.4554
2.9485 0.0000 98.4965 0.0000 272.1750 0.5526 2.4102
2.7772 0.0000 98.4715 0.0000 273.5432 0.5525 2.7512
2.7363 0.0000 98.4562 0.0000 272.6017 0.5530 3.1491
2.8024 0.0000 98.4189 0.0000 268.2506 0.5540 3.7580
2.8977 0.0000 98.4049 34.1570 270.6579 0.5558 3.6771
