-2.2981 0.0029 103.1068 167.9087 258.0188 0.5044 2.9545
0.4615 0.0002 103.1137 363.5509 231.4233 0.5490 3.1367
3.3127 0.0001 103.0777 519.0463 221.6450 0.5469 3.0269
4.5127 0.0000 102.9744 585.1911 225.8721 0.5332 2.3157
5.2838 0.0000 102.8560 574.8720 231.0996 0.5303 1.7382
5.8519 0.0000 102.7627 507.2186 233.8227 0.5314 1.3346
6.2125 0.0000 102.6896 393.5603 232.2488 0.5313 1.1337
6.2236 0.0000 102.6481 228.2832 232.9762 0.5347 1.1215
5.9455 0.0000 102.6392 58.2131 232.6327 0.5399 1.2802
5.5761 0.0000 102.6635 0.0000 232.2667 0.5460 1.7511
5.1745 0.0000 102.6744 0.0000 232.5272 0.5540 2.3834
4.7155 0.0000 102.6622 0.0000 232.0374 0.5655 3.2394
4.2112 0.0000 102.6346 0.0000 230.9220 0.5818 4.2086
3.6306 0.0000 102.6169 0.0000 230.1893 0.6024 4.9262
2.9632 0.0000 102.6330 0.0000 229.4089 0.6226 5.1582
2.2561 0.0000 102.6377 0.0000 228.7248 0.6351 5.0477
1.5808 0.0000 102.6086 0.0000 227.9919 0.6377 5.1801
0.9721 0.0000 102.5818 0.0000 229.0033 0.6304 5.3151
0.3393 0.0002 102.5642 0.0000 242.1128 0.6147 4.6080
-0.2534 0.0040 102.5579 0.0000 261.5632 0.5962 3.7738
-0.6425 0.0060 102.5376 0.0000 271.2728 0.5801 3.6195
-0.7362 0.0037 102.5174 0.0000 275.3796 0.5730 3.5462
-0.6578 0.0022 102.4915 0.0004 273.0725 0.5718 3.7911
-0.4068 0.0012 102.4562 34.8301 270.6581 0.5749 4.0900
