-1.4877 0.0060 100.9577 173.2242 259.5932 0.5140 2.2742
0.3769 0.0004 100.9643 349.1387 245.5076 0.5344 2.6734
3.0672 0.0000 100.9247 503.9820 231.3172 0.5247 3.1935
5.0948 0.0000 100.8182 595.8089 231.0390 0.4929 2.7896
6.2124 0.0000 100.7002 606.6762 232.6273 0.4953 2.2160
6.9590 0.0000 100.6034 554.6487 231.6862 0.5034 1.8476
7.3977 0.0000 100.5342 430.7353 233.9104 0.5094 1.7883
7.4388 0.0000 100.4962 260.7773 235.0850 0.5147 1.9699
7.0303 0.0000 100.4912 78.3684 235.1464 0.5225 2.6343
6.2458 0.0000 100.5077 0.1520 234.0731 0.5284 3.7355
5.3387 0.0000 100.5178 0.0000 232.6125 0.5312 4.3313
4.4387 0.0000 100.5008 0.0000 231.4132 0.5329 4.6244
3.6801 0.0000 100.4848 0.0000 230.5101 0.5338 4.6058
3.1285 0.0000 100.4872 0.0000 230.1199 0.5348 4.2053
2.7451 0.0000 100.4996 0.0000 230.2722 0.5367 3.7458
2.3709 0.0000 100.4755 0.0000 230.7368 0.5381 3.3977
1.9873 0.0000 100.4529 0.0000 230.9843 0.5396 3.2277
1.6344 0.0000 100.4270 0.0000 233.0557 0.5428 3.1153
1.2755 0.0000 100.3939 0.0000 236.7718 0.5475 2.6536
0.9265 0.0000 100.3693 0.0000 248.3635 0.5536 2.1904
0.6347 0.0001 100.3682 0.0000 259.1502 0.5601 2.2152
0.4589 0.0019 100.3632 0.0000 261.7395 0.5660 2.6858
0.2896 0.0054 100.3445 0.0013 265.5817 0.5703 3.3591
0.1702 0.0029 100.3009 46.8741 257.5378 0.5732 4.0964
