-0.9911 0.0020 102.0542 154.6534 257.7696 0.5274 3.9772
0.8535 0.0001 102.0645 323.0400 240.8035 0.5382 4.0811
3.4612 0.0000 102.0256 487.4576 232.3542 0.5146 4.2555
5.3661 0.0000 101.9236 588.9556 230.3474 0.4854 3.7963
6.4267 0.0000 101.8032 607.5190 230.6094 0.4863 3.2042
7.1332 0.0000 101.6995 554.0041 231.4440 0.4922 2.9047
7.5353 0.0000 101.6266 433.5036 233.5075 0.4973 2.8986
7.5588 0.0000 101.5861 266.4938 234.9782 0.5017 3.0684
7.1220 0.0000 101.5774 84.8744 235.7550 0.5126 3.6455
6.4135 0.0000 101.5864 0.4804 235.6668 0.5202 4.6443
5.7356 0.0000 101.5892 0.0000 235.6235 0.5240 5.2686
5.1004 0.0000 101.5664 0.0000 235.5854 0.5301 5.5478
4.4847 0.0000 101.5582 0.0000 235.3610 0.5380 5.3252
3.9487 0.0000 101.5706 0.0000 235.0560 0.5451 4.8241
3.5227 0.0000 101.5709 0.0000 235.0598 0.5498 4.5929
3.1243 0.0000 101.5430 0.0000 235.6243 0.5523 4.4405
2.7834 0.0000 101.5169 0.0000 241.4689 0.5538 4.1819
2.5272 0.0000 101.4977 0.0000 247.8558 0.5554 3.7171
2.2722 0.0000 101.4788 0.0000 255.7598 0.5569 3.2739
1.9775 0.0000 101.4475 0.0000 262.5082 0.5583 3.1733
1.7089 0.0000 101.4269 0.0000 263.5220 0.5595 3.5549
1.6182 0.0000 101.4078 0.0000 267.2669 0.5614 4.1232
1.7073 0.0000 101.3732 0.0000 266.1143 0.5643 4.7751
1.8914 0.0000 101.3308 39.7247 253.7120 0.5670 5.1386
