-1.5938 0.0006 102.7605 137.0873 256.5500 0.5087 4.4568
0.2736 0.0000 102.7831 291.3908 240.6596 0.5238 4.2640
2.7563 0.0000 102.7527 443.2865 234.7333 0.5092 4.3014
4.4687 0.0000 102.6573 555.7657 229.8555 0.4815 3.7499
5.4453 0.0000 102.5350 586.5771 226.7012 0.4735 3.0945
6.1371 0.0000 102.4250 533.2508 227.7089 0.4731 2.6944
6.5693 0.0000 102.3396 415.8883 229.6284 0.4722 2.5403
6.6839 0.0000 102.2965 252.8516 231.6934 0.4723 2.6181
6.4255 0.0000 102.2860 78.6878 232.8906 0.4780 2.9993
5.9645 0.0000 102.2865 0.4053 233.0229 0.4835 3.8351
5.4280 0.0000 102.2889 0.0000 232.9139 0.4886 4.7218
4.8210 0.0000 102.2698 0.0000 232.7724 0.4979 5.3983
4.1844 0.0000 102.2594 0.0000 232.5234 0.5101 5.5535
3.5820 0.0000 102.2809 0.0000 232.2751 0.5219 5.2966
3.0269 0.0000 102.2795 0.0000 231.9908 0.5324 5.4416
2.4522 0.0000 102.2449 0.0000 231.7853 0.5406 5.6849
1.9107 0.0000 102.2279 0.0000 235.4885 0.5465 5.2936
1.4898 0.0000 102.2327 0.0000 245.6984 0.5508 4.8499
1.1832 0.0000 102.2144 0.0000 251.6389 0.5532 4.8761
0.9434 0.0000 102.1686 0.0000 257.1263 0.5548 5.2040
0.7495 0.0000 102.1233 0.0000 259.9139 0.5579 5.6795
0.6413 0.0000 102.0867 0.0000 263.6553 0.5650 5.9814
0.5619 0.0000 102.0479 0.0000 268.4158 0.5748 6.1841
0.4288 0.0002 102.0133 24.4507 270.2743 0.5848 5.9551
