-1.2042 0.0074 102.1834 163.8120 265.9511 0.5280 2.2841
0.4915 0.0007 102.1916 332.2012 255.3870 0.5493 2.5344
3.2107 0.0000 102.1501 489.7706 236.2062 0.5422 3.0652
5.0675 0.0000 102.0410 566.0373 240.0581 0.5113 2.6920
6.0765 0.0000 101.9224 586.9117 237.7766 0.5090 2.1967
6.7857 0.0000 101.8234 542.7983 233.7730 0.5118 1.9061
7.1875 0.0000 101.7508 422.7712 234.5293 0.5145 1.8626
7.2109 0.0000 101.7110 253.7070 235.3247 0.5177 2.0145
6.8212 0.0000 101.7025 73.7979 235.1435 0.5236 2.6581
6.0939 0.0000 101.7193 0.0768 233.9417 0.5284 3.7766
5.2914 0.0000 101.7299 0.0000 232.5829 0.5304 4.4555
4.5491 0.0000 101.7106 0.0000 231.4414 0.5317 4.8383
3.9644 0.0000 101.6892 0.0000 230.7011 0.5332 4.9134
3.5308 0.0000 101.6910 0.0000 230.5347 0.5370 4.5341
3.1872 0.0000 101.7039 0.0000 230.9415 0.5436 4.0036
2.8087 0.0000 101.6804 0.0000 231.4147 0.5511 3.6645
2.3852 0.0000 101.6581 0.0000 231.4425 0.5594 3.5403
1.9691 0.0000 101.6325 0.0000 232.3336 0.5694 3.4275
1.5390 0.0000 101.6050 0.0000 234.8551 0.5806 2.9439
1.1028 0.0002 101.5817 0.0000 243.8637 0.5900 2.5085
0.6807 0.0012 101.5804 0.0000 263.9645 0.5958 2.5929
0.3759 0.0041 101.5806 0.0000 274.8755 0.5993 3.0276
0.1212 0.0096 101.5597 0.0019 278.2639 0.6004 3.6466
0.0271 0.0042 101.5185 39.1231 274.1502 0.6014 4.2430
