-0.7874 0.0051 103.0644 168.1243 263.8733 0.5570 3.4186
1.6837 0.0011 103.0789 344.6178 249.2896 0.5849 3.6052
3.9435 0.0001 103.0296 527.7089 225.1672 0.5746 3.1924
5.1748 0.0001 102.9263 593.5158 229.0015 0.5624 2.6203
6.0335 0.0000 102.8079 573.4493 236.6928 0.5572 2.1359
6.6566 0.0000 102.7146 512.9439 236.4330 0.5555 1.8026
6.9844 0.0000 102.6435 391.4839 236.8632 0.5577 1.6499
6.9733 0.0000 102.6090 225.8134 237.1216 0.5619 1.5993
6.6918 0.0000 102.6078 55.2816 237.2844 0.5673 1.8018
6.2921 0.0001 102.6300 0.0000 240.6592 0.5766 2.4328
5.8145 0.0001 102.6506 0.0000 243.1152 0.5907 3.1304
5.2316 0.0001 102.6404 0.0000 240.5086 0.6078 3.9402
4.5315 0.0000 102.6198 0.0000 235.1062 0.6249 4.8387
3.7881 0.0000 102.6021 0.0000 231.2260 0.6363 5.5679
3.1632 0.0000 102.6035 0.0000 229.9694 0.6401 5.6297
2.6594 0.0000 102.6075 0.0000 229.0198 0.6359 5.1956
2.2651 0.0000 102.5874 0.0000 227.9813 0.6275 4.9470
2.0057 0.0000 102.5593 0.0000 227.2291 0.6179 5.0246
1.8253 0.0000 102.5179 0.0000 226.9900 0.6111 4.8660
1.6583 0.0000 102.4918 0.0000 227.1384 0.6083 4.3612
1.4573 0.0001 102.4933 0.0000 228.1103 0.6063 4.3215
1.4262 0.0001 102.5007 0.0000 235.1686 0.6045 4.3017
1.5686 0.0000 102.4881 0.0312 249.4207 0.6038 4.1379
1.8068 0.0000 102.4528 43.0908 256.3726 0.6048 4.1494
