-2.1920 0.0003 102.8625 173.3179 239.3612 0.4887 3.7983
0.0653 0.0000 102.8762 349.4319 217.7668 0.5028 3.4283
2.8809 0.0000 102.8420 481.3161 221.9031 0.4638 3.0065
4.1609 0.0000 102.7466 554.6799 225.8268 0.4455 2.3714
4.9064 0.0000 102.6288 568.7412 225.3765 0.4470 1.9115
5.4187 0.0000 102.5275 512.1365 226.0651 0.4531 1.6702
5.7171 0.0000 102.4550 395.3140 226.7033 0.4570 1.6569
5.6877 0.0000 102.4133 235.3958 226.6722 0.4607 1.8024
5.3213 0.0000 102.4042 64.8836 227.5572 0.4653 2.2891
4.7689 0.0000 102.4129 0.0248 227.5507 0.4677 3.0548
4.1818 0.0000 102.4225 0.0000 226.9804 0.4694 3.6447
3.6088 0.0000 102.4029 0.0000 226.2295 0.4718 4.2026
3.0746 0.0000 102.3810 0.0000 225.6057 0.4757 4.5713
2.6304 0.0000 102.3783 0.0000 225.6344 0.4828 4.5221
2.2697 0.0000 102.4021 0.0000 226.2547 0.4943 4.2249
1.8935 0.0000 102.3854 0.0000 227.0786 0.5081 4.3187
1.4480 0.0000 102.3550 0.0000 227.4405 0.5237 4.4901
0.9847 0.0000 102.3514 0.0000 230.6323 0.5409 3.9942
0.5774 0.0000 102.3479 0.0000 238.7719 0.5572 3.6410
0.2143 0.0004 102.2980 0.0000 244.6413 0.5726 3.6620
-0.1523 0.0010 102.2541 0.0000 254.9854 0.5792 3.9711
-0.5252 0.0018 102.2111 0.0000 256.3236 0.5773 4.4443
-1.0274 0.0069 102.1854 0.0000 266.0322 0.5671 4.6788
-1.3723 0.0086 102.1508 26.6373 278.1623 0.5531 4.5084
