-0.9401 0.0011 102.5899 112.6635 266.1805 0.5286 3.9913
0.6277 0.0000 102.6129 280.2482 241.0552 0.5310 4.0686
2.7128 0.0000 102.5855 452.4378 231.1076 0.5184 4.2230
4.6269 0.0000 102.4902 556.6633 229.7363 0.4944 4.0338
5.6647 0.0000 102.3666 583.1616 229.0465 0.4885 3.4959
6.4218 0.0000 102.2496 530.7182 232.1022 0.4850 3.1498
6.8383 0.0000 102.1631 415.6476 235.3503 0.4849 3.0353
6.9341 0.0000 102.1178 256.5957 237.6133 0.4850 3.0631
6.6739 0.0000 102.1047 85.3185 238.6665 0.4890 3.3573
6.2185 0.0000 102.1052 1.0898 238.2837 0.4926 4.0664
5.7252 0.0000 102.1076 0.0000 237.3272 0.4923 4.5880
5.2017 0.0000 102.1001 0.0000 236.0216 0.4940 4.6047
4.6901 0.0000 102.1078 0.0000 234.8744 0.4986 4.1566
4.2081 0.0000 102.1130 0.0000 234.1037 0.5049 3.9420
3.6987 0.0000 102.0982 0.0000 234.0981 0.5133 4.0464
3.1645 0.0000 102.0756 0.0000 240.4736 0.5233 3.7632
2.6826 0.0000 102.0571 0.0000 251.4010 0.5327 3.3766
2.2684 0.0000 102.0504 0.0000 258.0360 0.5414 3.2575
1.8784 0.0000 102.0251 0.0000 261.9684 0.5499 3.4307
1.5081 0.0000 101.9748 0.0000 266.5143 0.5579 3.9067
1.1864 0.0000 101.9271 0.0000 272.4408 0.5654 4.3141
0.9867 0.0000 101.8865 0.0000 275.8119 0.5713 4.6156
0.8640 0.0000 101.8438 0.0000 277.5617 0.5762 4.9739
0.8100 0.0000 101.8520 21.8262 272.4913 0.5815 4.4186
