-2.3447 0.0026 103.0818 168.0106 257.1632 0.5019 2.9537
0.4135 0.0001 103.0884 367.0601 228.9039 0.5455 3.1438
3.2880 0.0000 103.0528 518.1043 221.4255 0.5424 3.0465
4.4961 0.0000 102.9495 581.4715 226.6120 0.5284 2.3391
5.2655 0.0000 102.8321 573.9084 231.1401 0.5255 1.7595
5.8327 0.0000 102.7377 509.0242 233.1509 0.5267 1.3645
6.1950 0.0000 102.6645 394.9482 231.7900 0.5266 1.1751
6.2064 0.0000 102.6226 229.6668 232.5008 0.5299 1.1711
5.9233 0.0000 102.6135 59.1477 232.2237 0.5350 1.3478
5.5453 0.0000 102.6370 0.0011 231.6052 0.5407 1.8311
5.1405 0.0000 102.6473 0.0000 231.6232 0.5479 2.4638
4.6873 0.0000 102.6339 0.0000 231.2084 0.5585 3.3062
4.1978 0.0000 102.6060 0.0000 230.3831 0.5740 4.2304
3.6396 0.0000 102.5903 0.0000 229.9914 0.5942 4.8726
2.9962 0.0000 102.6069 0.0000 229.3524 0.6146 5.0432
2.3006 0.0000 102.6097 0.0000 228.8173 0.6285 4.9501
1.6193 0.0000 102.5790 0.0000 228.1714 0.6335 5.1247
0.9889 0.0000 102.5545 0.0000 229.0762 0.6295 5.2287
0.3410 0.0002 102.5396 0.0000 242.2436 0.6166 4.5074
-0.2774 0.0043 102.5318 0.0000 263.4961 0.5984 3.7514
-0.7110 0.0079 102.5100 0.0000 275.5015 0.5807 3.6292
-0.8316 0.0049 102.4883 0.0000 278.5014 0.5724 3.5796
-0.7735 0.0030 102.4621 0.0000 275.5872 0.5709 3.8430
-0.5492 0.0019 102.4258 33.6492 272.8760 0.5734 4.1299
