-0.6125 0.0007 102.6132 131.6001 263.6226 0.5371 4.7324
1.0183 0.0000 102.6329 312.0669 237.7427 0.5419 4.6522
3.2046 0.0000 102.5983 472.7992 231.8881 0.5203 4.6881
4.9801 0.0000 102.5000 577.5531 229.6289 0.4928 4.3018
5.9972 0.0000 102.3816 600.1040 229.1676 0.4897 3.7414
6.7157 0.0000 102.2712 546.3557 230.8281 0.4918 3.4274
7.1066 0.0000 102.1916 426.9658 233.5337 0.4952 3.3816
7.1682 0.0000 102.1481 263.1379 235.6716 0.4974 3.4615
6.8316 0.0000 102.1378 85.8385 237.0253 0.5065 3.8464
6.2935 0.0000 102.1383 0.7705 237.2456 0.5127 4.6757
5.7592 0.0000 102.1379 0.0000 237.1398 0.5138 5.3243
5.2049 0.0000 102.1242 0.0000 236.7419 0.5183 5.5333
4.6524 0.0000 102.1225 0.0000 236.0937 0.5267 5.1736
4.1295 0.0000 102.1351 0.0000 235.3934 0.5364 4.7906
3.6195 0.0000 102.1256 0.0000 235.4193 0.5458 4.7869
3.0989 0.0000 102.0993 0.0000 238.0840 0.5541 4.6236
2.6406 0.0000 102.0782 0.0000 247.2344 0.5601 4.1320
2.2914 0.0000 102.0660 0.0000 254.3764 0.5645 3.7546
1.9753 0.0000 102.0445 0.0000 260.8835 0.5677 3.8390
1.6451 0.0000 102.0058 0.0000 263.5458 0.5701 4.2424
1.3464 0.0000 101.9704 0.0000 267.6487 0.5718 4.7278
1.2059 0.0000 101.9402 0.0000 271.5854 0.5738 4.9882
1.2047 0.0000 101.8992 0.0000 272.2476 0.5763 5.3039
1.2947 0.0000 101.8773 28.5348 267.2685 0.5796 4.9244
