-0.8548 0.0025 100.4909 136.3967 260.1199 0.5322 4.8703
0.7450 0.0001 100.5155 346.4258 223.8543 0.5362 4.6571
2.9416 0.0000 100.4873 494.1586 223.9135 0.5248 4.7421
4.7197 0.0000 100.3992 577.8951 228.9401 0.5042 4.4241
5.8958 0.0000 100.2840 597.1425 231.5400 0.4940 3.8982
6.7331 0.0000 100.1713 543.7005 235.8236 0.4927 3.7443
7.1970 0.0000 100.0894 425.6699 239.5557 0.4957 3.7878
7.2333 0.0000 100.0518 267.8896 241.1202 0.5001 3.9516
6.7182 0.0000 100.0347 95.2091 240.6391 0.5124 4.4380
5.7630 0.0000 100.0432 2.0364 238.3740 0.5242 5.3608
4.8705 0.0000 100.0602 0.0000 235.6177 0.5252 5.4937
4.1990 0.0000 100.0769 0.0000 233.5670 0.5243 4.7580
3.7181 0.0000 100.0866 0.0000 233.8243 0.5215 4.1009
3.3532 0.0000 100.0832 0.0000 239.9180 0.5183 3.6757
3.0679 0.0000 100.0691 0.0000 247.2481 0.5160 3.2679
2.8570 0.0000 100.0392 0.0000 257.4408 0.5152 2.9836
2.7179 0.0000 100.0163 0.0000 262.9555 0.5157 2.8746
2.6076 0.0000 99.9905 0.0000 267.4231 0.5175 2.9880
2.4648 0.0000 99.9562 0.0000 271.3073 0.5204 3.3628
2.2334 0.0000 99.9092 0.0000 276.3600 0.5251 3.7520
1.9529 0.0000 99.8705 0.0000 278.6991 0.5315 3.8290
1.6901 0.0000 99.8266 0.0000 280.3958 0.5390 4.0291
1.4540 0.0000 99.7997 0.0000 279.5042 0.5471 3.9834
1.4217 0.0000 99.8355 19.7445 275.8795 0.5531 2.8497
