-1.3412 0.0020 100.3794 113.1920 265.9546 0.5196 3.9308
0.2535 0.0000 100.4027 295.5614 235.3428 0.5208 4.1730
2.3185 0.0000 100.3757 455.1370 229.8322 0.5159 4.2247
4.2807 0.0000 100.2927 548.2989 232.0539 0.4972 3.9911
5.4353 0.0000 100.1730 573.5779 233.4368 0.4911 3.4037
6.2766 0.0000 100.0622 528.5375 235.6135 0.4883 3.1473
6.7185 0.0000 99.9738 413.1621 239.4051 0.4888 3.1464
6.7283 0.0000 99.9375 260.0527 239.7732 0.4909 3.3003
6.1971 0.0000 99.9274 91.8682 238.5776 0.4989 3.8530
5.2880 0.0000 99.9288 1.9119 236.2085 0.5053 4.6914
4.4853 0.0000 99.9445 0.0000 233.6668 0.5029 4.6855
3.8992 0.0000 99.9529 0.0000 231.9889 0.5004 4.0389
3.4806 0.0000 99.9593 0.0000 231.7506 0.4988 3.4841
3.1619 0.0000 99.9521 0.0000 234.6722 0.4979 3.2557
2.9117 0.0000 99.9374 0.0000 242.4223 0.4988 3.0809
2.7619 0.0000 99.9107 0.0000 252.5573 0.5006 2.7583
2.7010 0.0000 99.8833 0.0000 260.0634 0.5031 2.4347
2.6702 0.0000 99.8716 0.0000 265.3366 0.5068 2.0941
2.5964 0.0000 99.8399 0.0000 269.4341 0.5112 1.9872
2.4382 0.0000 99.7935 0.0000 276.9217 0.5158 2.1680
2.2524 0.0000 99.7496 0.0000 279.9359 0.5202 2.3719
2.0493 0.0000 99.6994 0.0000 281.5613 0.5246 3.0429
1.7774 0.0000 99.6653 0.0000 279.8814 0.5299 3.7428
1.7512 0.0001 99.6986 16.1831 279.2086 0.5348 3.4539
