-2.1393 0.0003 102.8849 173.1358 241.6933 0.4925 3.7614
0.1521 0.0000 102.8980 355.7983 217.5996 0.5091 3.4710
2.9790 0.0000 102.8642 484.2773 222.6993 0.4757 3.0836
4.2397 0.0000 102.7686 556.8381 226.7067 0.4585 2.4302
4.9919 0.0000 102.6505 571.8372 225.9275 0.4595 1.9389
5.5193 0.0000 102.5484 515.6928 226.4196 0.4651 1.6749
5.8355 0.0000 102.4764 397.9676 227.1831 0.4684 1.6359
5.8188 0.0000 102.4340 236.1146 227.5218 0.4720 1.7662
5.4688 0.0000 102.4248 64.8527 228.3308 0.4767 2.2308
4.9424 0.0000 102.4362 0.0263 228.3218 0.4799 2.9980
4.3770 0.0000 102.4440 0.0000 227.9345 0.4825 3.6328
3.8127 0.0000 102.4255 0.0000 227.3333 0.4860 4.2457
3.2754 0.0000 102.4028 0.0000 226.6932 0.4913 4.6658
2.8056 0.0000 102.3998 0.0000 226.5542 0.5000 4.6522
2.4074 0.0000 102.4229 0.0000 226.9826 0.5129 4.3615
1.9927 0.0000 102.4077 0.0000 227.6427 0.5277 4.4332
1.5128 0.0000 102.3745 0.0000 227.8859 0.5427 4.6157
1.0094 0.0000 102.3693 0.0000 230.4337 0.5581 4.1476
0.5586 0.0000 102.3677 0.0000 239.0697 0.5713 3.7068
0.1451 0.0011 102.3233 0.0000 248.0152 0.5815 3.6828
-0.2657 0.0030 102.2816 0.0000 259.9653 0.5830 3.9452
-0.6388 0.0031 102.2407 0.0000 263.0296 0.5778 4.3784
-1.0943 0.0074 102.2139 0.0000 270.8674 0.5669 4.6404
-1.3664 0.0084 102.1776 26.7046 280.5006 0.5542 4.5087
