0.0561 0.0065 102.6799 165.9014 270.2734 0.5740 2.8879
1.6793 0.0012 102.6918 334.3837 260.8688 0.5898 2.7322
3.7282 0.0000 102.6450 526.0195 231.3063 0.5883 2.7283
5.3816 0.0000 102.5362 577.2298 239.6623 0.5530 2.4014
6.4246 0.0000 102.4137 590.1326 238.9582 0.5358 2.0818
7.0982 0.0000 102.3134 531.7670 238.6533 0.5310 1.9819
7.4617 0.0000 102.2414 414.2711 237.2818 0.5300 2.0738
7.4900 0.0000 102.2085 244.4866 237.8502 0.5308 2.2255
7.1333 0.0000 102.1994 66.8199 237.4945 0.5356 2.7072
6.5070 0.0000 102.2213 0.0133 236.0152 0.5415 3.5240
5.8886 0.0000 102.2372 0.0000 234.5161 0.5467 4.0077
5.3552 0.0000 102.2264 0.0000 233.4108 0.5543 4.3011
4.9245 0.0000 102.2020 0.0000 232.8270 0.5669 4.4294
4.5430 0.0000 102.1880 0.0000 232.8060 0.5858 4.2484
4.1560 0.0000 102.1906 0.0000 233.1640 0.6085 3.7797
3.6553 0.0000 102.1787 0.0000 233.5179 0.6287 3.4748
3.0760 0.0000 102.1593 0.0000 233.1367 0.6449 3.3385
2.5298 0.0000 102.1404 0.0000 232.7496 0.6564 3.2502
2.0122 0.0002 102.1038 0.0000 236.1398 0.6621 3.1447
1.4897 0.0010 102.0684 0.0000 249.0950 0.6575 3.0457
0.9867 0.0033 102.0749 0.0000 274.4267 0.6436 3.1689
0.7613 0.0045 102.1009 0.0000 284.8815 0.6325 3.1088
0.7181 0.0080 102.0990 0.0478 284.8178 0.6280 3.0059
0.8477 0.0041 102.0664 42.1175 277.4655 0.6282 3.0054
