-2.2458 0.0021 102.9246 167.5458 254.5941 0.5000 2.9513
0.3779 0.0001 102.9314 376.1436 222.4681 0.5343 3.1838
3.2715 0.0000 102.8950 511.3430 222.2984 0.5268 3.1985
4.5325 0.0000 102.7924 560.3353 232.3816 0.5122 2.5564
5.3102 0.0000 102.6796 572.0421 231.7997 0.5099 1.9804
5.8878 0.0000 102.5801 520.5362 230.2791 0.5115 1.6360
6.2557 0.0000 102.5061 402.6465 230.3901 0.5113 1.5028
6.2657 0.0000 102.4644 236.7751 231.1823 0.5135 1.5288
5.9506 0.0000 102.4553 63.8062 231.1808 0.5180 1.8288
5.5002 0.0000 102.4734 0.0094 230.6785 0.5223 2.4621
5.0347 0.0000 102.4838 0.0000 230.3008 0.5265 3.1467
4.5585 0.0000 102.4650 0.0000 229.9271 0.5324 3.9128
4.0902 0.0000 102.4365 0.0000 229.4636 0.5417 4.5619
3.6228 0.0000 102.4318 0.0000 229.1901 0.5558 4.7662
3.1372 0.0000 102.4490 0.0000 229.0976 0.5734 4.5530
2.5701 0.0000 102.4397 0.0000 229.2396 0.5903 4.4641
1.9350 0.0000 102.4042 0.0000 228.9746 0.6058 4.7630
1.2760 0.0000 102.3899 0.0000 229.0799 0.6188 4.7133
0.6369 0.0002 102.3839 0.0000 240.1500 0.6227 4.0253
-0.0392 0.0049 102.3667 0.0000 267.2526 0.6110 3.7043
-0.6704 0.0161 102.3416 0.0000 289.6910 0.5884 3.7653
-0.9314 0.0107 102.3168 0.0000 289.5081 0.5747 3.8444
-0.9603 0.0068 102.2913 0.0000 285.8576 0.5715 4.1371
-0.8438 0.0047 102.2499 28.7755 282.9047 0.5721 4.3402
