-1.4983 0.0019 98.9648 199.7530 239.2699 0.5053 2.9099
0.5952 0.0001 98.9723 393.3386 223.4226 0.5196 3.1493
3.2443 0.0000 98.9363 540.7211 220.9492 0.4989 3.3804
5.2515 0.0000 98.8385 626.0752 222.6719 0.4730 2.8426
6.3251 0.0000 98.7296 631.0259 226.6016 0.4811 2.1740
7.0419 0.0000 98.6408 567.3098 230.0215 0.4932 1.8079
7.4754 0.0000 98.5750 442.4037 232.5231 0.5013 1.8692
7.4966 0.0000 98.5455 271.4165 233.9749 0.5080 2.1392
6.9948 0.0000 98.5440 85.3201 234.3210 0.5187 2.7705
6.0835 0.0000 98.5600 0.3436 233.1115 0.5263 3.6579
5.1296 0.0000 98.5708 0.0000 231.9181 0.5300 3.9619
4.2945 0.0000 98.5549 0.0000 231.3043 0.5328 3.9819
3.6261 0.0000 98.5438 0.0000 230.9015 0.5354 3.7608
3.1625 0.0000 98.5426 0.0000 230.7935 0.5377 3.4347
2.8531 0.0000 98.5469 0.0000 231.2929 0.5399 3.2306
2.5269 0.0000 98.5235 0.0000 232.7073 0.5407 3.0638
2.2219 0.0000 98.5016 0.0000 234.9091 0.5402 3.0360
1.9664 0.0000 98.4712 0.0000 239.8662 0.5395 2.9936
1.7246 0.0000 98.4327 0.0000 248.5734 0.5387 2.5220
1.5141 0.0000 98.4084 0.0000 259.9712 0.5384 1.9096
1.3772 0.0000 98.4032 0.0000 259.7144 0.5383 1.7222
1.3923 0.0000 98.3956 0.0000 259.1770 0.5395 2.0834
1.4421 0.0000 98.3766 0.0017 254.8476 0.5421 2.7947
1.4447 0.0006 98.3348 52.5708 245.6895 0.5446 3.6298
