-1.3434 0.0032 99.0394 134.4317 257.8554 0.5137 4.7284
0.2767 0.0002 99.0665 334.5533 226.4513 0.5183 4.4951
2.4025 0.0000 99.0425 484.3706 225.6876 0.5150 4.3467
4.2601 0.0000 98.9606 573.3666 228.4637 0.4987 3.7601
5.5975 0.0000 98.8466 596.8017 230.2415 0.4860 3.1618
6.5049 0.0000 98.7378 543.7443 234.8385 0.4860 3.0785
7.0333 0.0000 98.6559 425.3484 238.8812 0.4891 3.1348
7.0831 0.0000 98.6201 269.2055 239.8168 0.4943 3.2927
6.5153 0.0000 98.6029 96.8766 238.8506 0.5056 3.8417
5.3957 0.0000 98.6114 2.2390 236.2968 0.5165 4.8220
4.3159 0.0000 98.6360 0.0000 233.2134 0.5166 4.8320
3.5454 0.0000 98.6536 0.0000 231.1512 0.5139 4.0122
3.0481 0.0000 98.6647 0.0000 231.7649 0.5096 3.3586
2.7214 0.0000 98.6608 0.0000 239.9122 0.5049 2.9458
2.5260 0.0000 98.6466 0.0000 247.5385 0.5017 2.6251
2.4576 0.0000 98.6142 0.0000 257.3272 0.5003 2.4163
2.4927 0.0000 98.5914 0.0000 262.7358 0.5007 2.3551
2.5648 0.0000 98.5655 0.0000 267.2042 0.5026 2.4702
2.5996 0.0000 98.5314 0.0000 272.1132 0.5057 2.7945
2.5304 0.0000 98.4860 0.0000 276.8984 0.5100 3.0909
2.3846 0.0000 98.4448 0.0000 279.3770 0.5148 3.1133
2.1775 0.0000 98.3948 0.0000 281.4263 0.5199 3.4863
1.8644 0.0000 98.3753 0.0000 279.9095 0.5253 3.6189
1.7701 0.0000 98.4145 17.4629 278.0647 0.5299 2.6035
