3.1160 0.0013 103.0247 223.7675 246.1444 0.6278 5.8311
4.4010 0.0002 103.0407 408.7932 234.3530 0.6169 5.3241
5.3702 0.0001 102.9981 547.5694 230.1519 0.6065 4.7770
6.0547 0.0001 102.9032 609.1619 232.1880 0.6042 4.2613
6.5958 0.0001 102.7950 599.3648 235.0186 0.6016 3.6822
7.0105 0.0001 102.7069 516.9031 239.7274 0.5975 3.2624
7.1647 0.0000 102.6463 394.0001 238.6893 0.5982 3.0710
7.0927 0.0000 102.6164 226.1382 237.8239 0.6003 2.9858
6.7931 0.0000 102.6149 52.8024 238.5525 0.6059 3.1481
6.3609 0.0001 102.6398 0.0000 240.3584 0.6159 3.6790
5.9081 0.0001 102.6658 0.0000 240.7602 0.6259 4.1013
5.4265 0.0000 102.6657 0.0000 236.6501 0.6332 4.5256
4.9801 0.0000 102.6450 0.0000 233.4495 0.6368 4.9150
4.6827 0.0000 102.6227 0.0000 231.9240 0.6377 5.1373
4.5729 0.0000 102.6102 0.0000 230.7133 0.6354 4.9541
4.4404 0.0000 102.5970 0.0000 230.4741 0.6310 4.6153
4.2389 0.0000 102.5786 0.0000 229.8957 0.6263 4.5979
4.0061 0.0000 102.5569 0.0000 229.4128 0.6241 4.7351
3.7431 0.0000 102.5119 0.0000 228.8160 0.6233 4.8316
3.4905 0.0000 102.4619 0.0000 228.3468 0.6236 4.8108
3.2539 0.0000 102.4556 0.0000 228.1522 0.6250 4.9229
3.1714 0.0000 102.4887 0.0000 228.6366 0.6261 5.1202
3.2445 0.0000 102.5040 0.2849 241.3234 0.6269 4.8985
3.4496 0.0000 102.4790 52.7351 255.3869 0.6286 4.5199
