0.2073 0.0066 102.8126 166.5604 272.5918 0.5829 3.0972
1.8940 0.0009 102.8253 338.8907 260.1226 0.5992 2.8875
4.0509 0.0000 102.7728 530.2758 230.7178 0.5988 2.7662
5.7391 0.0000 102.6622 591.7440 236.7913 0.5620 2.4164
6.8992 0.0000 102.5380 596.8868 238.0630 0.5397 2.0898
7.6198 0.0000 102.4336 534.4586 238.8891 0.5335 1.9906
8.0218 0.0000 102.3618 413.0310 238.7805 0.5322 2.0742
8.0702 0.0000 102.3312 242.5362 239.5453 0.5332 2.2187
7.7397 0.0000 102.3221 65.1891 239.3085 0.5385 2.6795
7.1417 0.0000 102.3459 0.0085 237.9312 0.5460 3.4847
6.5261 0.0000 102.3635 0.0000 236.4515 0.5539 4.0118
5.9659 0.0000 102.3561 0.0000 235.2541 0.5656 4.3568
5.4646 0.0000 102.3310 0.0000 234.4768 0.5839 4.5387
4.9949 0.0000 102.3143 0.0000 234.1835 0.6101 4.4327
4.5434 0.0000 102.3171 0.0000 234.2618 0.6400 3.9759
4.0046 0.0000 102.3052 0.0000 234.4112 0.6636 3.6092
3.3948 0.0000 102.2883 0.0000 233.8581 0.6789 3.3845
2.8333 0.0000 102.2736 0.0000 233.2971 0.6861 3.2065
2.2996 0.0004 102.2335 0.0000 242.5602 0.6827 3.1506
1.7368 0.0015 102.1939 0.0000 257.7127 0.6678 3.1142
1.2662 0.0024 102.1997 0.0000 274.9643 0.6513 3.2140
1.0960 0.0029 102.2339 0.0000 282.2042 0.6412 3.1540
1.0859 0.0052 102.2386 0.0910 279.1540 0.6367 3.0355
1.2186 0.0028 102.2052 47.9303 271.0343 0.6352 2.9978
