0.1190 0.0009 100.8506 163.5097 246.0678 0.5637 6.8239
1.8039 0.0001 100.8803 354.2020 229.1808 0.5642 6.4340
3.9821 0.0000 100.8543 501.0940 230.0457 0.5568 6.0005
5.9615 0.0000 100.7741 585.3388 234.9073 0.5287 5.1967
7.4594 0.0000 100.6565 601.3128 239.7678 0.5040 4.4432
8.4324 0.0000 100.5404 550.8013 243.4875 0.5011 4.1854
9.0074 0.0000 100.4544 432.7731 246.3346 0.5041 4.0821
9.1712 0.0000 100.4049 276.1620 247.4067 0.5103 4.2046
8.7207 0.0000 100.3881 102.0896 247.2095 0.5258 4.6498
7.5697 0.0000 100.3966 3.0281 245.2672 0.5447 5.6882
6.2630 0.0000 100.4357 0.0000 243.0910 0.5562 6.0713
5.2130 0.0000 100.4648 0.0000 242.0880 0.5622 5.8606
4.4790 0.0000 100.4729 0.0000 251.9610 0.5623 5.6752
4.0204 0.0000 100.4839 0.0000 261.3727 0.5604 5.0996
3.7695 0.0000 100.4743 0.0000 265.9970 0.5561 4.8976
3.6559 0.0000 100.4393 0.0000 271.4929 0.5504 4.9769
3.6531 0.0000 100.4096 0.0000 275.2277 0.5464 5.0388
3.7187 0.0000 100.3837 0.0000 279.5235 0.5449 5.0498
3.7942 0.0000 100.3411 0.0000 283.1981 0.5452 5.1892
3.8022 0.0000 100.2911 0.0000 285.9325 0.5476 5.2092
3.7247 0.0000 100.2408 0.0000 286.7515 0.5515 5.3471
3.5447 0.0000 100.1826 0.0000 286.4179 0.5572 5.8320
3.2544 0.0000 100.1862 0.0000 277.8533 0.5641 5.3316
3.0529 0.0000 100.2423 28.0088 260.7152 0.5686 4.1435
