-0.7970 0.0002 100.3970 174.7693 245.8853 0.5283 4.3555
1.4592 0.0000 100.4056 390.6536 217.7518 0.5330 4.1782
4.2900 0.0000 100.3712 536.4991 220.1879 0.5030 4.2061
6.2774 0.0000 100.2814 616.6884 225.5345 0.4722 3.6688
7.3333 0.0000 100.1703 626.7989 229.1398 0.4687 3.1723
7.9585 0.0000 100.0756 567.6906 232.2961 0.4746 3.1182
8.2030 0.0000 100.0022 444.2666 235.1034 0.4840 3.3823
8.0565 0.0000 99.9732 276.0511 236.9712 0.4940 3.6628
7.3882 0.0000 99.9641 92.2035 238.0632 0.5120 4.2661
6.3262 0.0000 99.9780 0.9396 237.7356 0.5253 5.1050
5.3157 0.0000 99.9815 0.0000 236.8441 0.5298 5.3489
4.5342 0.0000 99.9759 0.0000 235.8354 0.5335 5.0213
3.9900 0.0000 99.9728 0.0000 235.0713 0.5369 4.3071
3.6213 0.0000 99.9735 0.0000 235.5700 0.5398 3.7483
3.3686 0.0000 99.9667 0.0000 238.9586 0.5425 3.3957
3.1882 0.0000 99.9389 0.0000 243.4850 0.5447 3.0873
3.0622 0.0000 99.9093 0.0000 252.0015 0.5464 2.8261
2.9696 0.0000 99.8854 0.0000 259.0677 0.5480 2.4722
2.8134 0.0000 99.8603 0.0000 267.0104 0.5495 2.0389
2.5911 0.0000 99.8372 0.0000 267.8112 0.5506 1.8934
2.3971 0.0000 99.8078 0.0000 270.5103 0.5516 2.2427
2.3991 0.0000 99.7924 0.0000 271.7561 0.5532 2.6966
2.5975 0.0000 99.7490 0.0000 261.8726 0.5547 3.3575
2.8966 0.0000 99.7179 33.5907 268.9979 0.5562 3.4774
