-2.0753 0.0010 102.9502 173.5615 246.8978 0.4998 3.3232
0.3949 0.0000 102.9578 378.6802 216.3899 0.5244 3.3335
3.1534 0.0000 102.9257 500.6052 222.5268 0.5093 3.0541
4.3534 0.0000 102.8266 559.2988 229.8609 0.4936 2.3880
5.0869 0.0000 102.7119 569.8845 229.7648 0.4916 1.8543
5.6188 0.0000 102.6102 516.0909 229.0516 0.4942 1.5434
5.9456 0.0000 102.5400 397.2740 229.6484 0.4950 1.4396
5.9469 0.0000 102.4976 235.1011 229.5877 0.4969 1.5124
5.6309 0.0000 102.4885 63.1903 229.6963 0.5007 1.8637
5.1840 0.0000 102.5047 0.0099 229.5158 0.5038 2.4888
4.7277 0.0000 102.5111 0.0000 229.4503 0.5071 3.0967
4.2671 0.0000 102.4943 0.0000 229.1747 0.5123 3.7831
3.8117 0.0000 102.4665 0.0000 228.6068 0.5210 4.3652
3.3466 0.0000 102.4616 0.0000 228.2341 0.5349 4.5378
2.8720 0.0000 102.4795 0.0000 228.2666 0.5536 4.3156
2.3326 0.0000 102.4732 0.0000 228.6211 0.5728 4.2695
1.7277 0.0000 102.4353 0.0000 228.6090 0.5903 4.5610
1.0934 0.0000 102.4230 0.0000 228.7652 0.6047 4.3663
0.5063 0.0002 102.4214 0.0000 239.3957 0.6107 3.6915
-0.1070 0.0044 102.3953 0.0000 262.6733 0.6023 3.5158
-0.7078 0.0139 102.3622 0.0000 284.3574 0.5831 3.6453
-1.0124 0.0098 102.3297 0.0000 284.2200 0.5702 3.8712
-1.1828 0.0078 102.3031 0.0000 281.6276 0.5638 4.2085
-1.2207 0.0067 102.2637 28.3017 281.7918 0.5595 4.3039
