-1.6825 0.0029 103.0607 173.2335 259.5687 0.5250 2.9827
0.6322 0.0004 103.0734 363.8698 237.5105 0.5599 3.0634
3.3168 0.0001 103.0351 522.6391 225.0673 0.5580 2.9914
4.5547 0.0000 102.9317 575.1357 232.4865 0.5422 2.3790
5.3216 0.0000 102.8180 565.0511 237.4226 0.5351 1.7999
5.9064 0.0000 102.7246 516.7541 234.2390 0.5319 1.4439
6.2594 0.0000 102.6517 399.6692 233.2573 0.5305 1.2885
6.3255 0.0000 102.6109 233.3927 233.7377 0.5306 1.2650
6.1028 0.0000 102.6033 60.6527 233.6128 0.5341 1.4383
5.7782 0.0000 102.6227 0.0006 233.6460 0.5400 1.9250
5.4446 0.0000 102.6350 0.0000 233.7158 0.5478 2.5416
5.0752 0.0000 102.6184 0.0000 233.0523 0.5594 3.3434
4.6470 0.0000 102.5915 0.0000 232.0810 0.5760 4.1881
4.1114 0.0000 102.5737 0.0000 231.4269 0.5973 4.7679
3.5197 0.0000 102.5879 0.0000 231.1915 0.6194 4.8423
2.8710 0.0000 102.5827 0.0000 230.9492 0.6355 4.7250
2.2218 0.0000 102.5590 0.0000 230.2464 0.6429 4.8616
1.6454 0.0000 102.5328 0.0000 230.0282 0.6435 5.0315
1.0965 0.0002 102.5106 0.0000 239.1417 0.6364 4.5353
0.5431 0.0019 102.4927 0.0000 258.5522 0.6213 3.8806
0.1011 0.0050 102.4860 0.0000 269.7149 0.6048 3.8167
-0.0597 0.0040 102.4852 0.0000 275.0228 0.5954 3.7841
0.0287 0.0019 102.4616 0.0065 275.9101 0.5941 3.8579
0.2991 0.0006 102.4263 36.5191 272.2868 0.5981 4.0464
