-1.2628 0.0034 102.3360 164.4758 255.3309 0.5225 3.3948
0.5997 0.0002 102.3436 312.0331 248.6910 0.5384 3.6194
3.4075 0.0000 102.3010 477.1441 235.6074 0.5183 3.9886
5.2847 0.0000 102.1977 579.5926 232.8291 0.4892 3.5257
6.3678 0.0000 102.0723 599.1404 232.8708 0.4885 2.8982
7.0948 0.0000 101.9699 550.6801 231.6201 0.4934 2.5540
7.5192 0.0000 101.8959 430.1247 233.3420 0.4975 2.4901
7.5558 0.0000 101.8535 262.6949 234.5498 0.5022 2.6771
7.1551 0.0000 101.8444 81.4753 234.9062 0.5125 3.3013
6.5117 0.0000 101.8594 0.2896 234.5920 0.5205 4.3605
5.8877 0.0000 101.8618 0.0000 234.5308 0.5267 5.0702
5.2496 0.0000 101.8345 0.0000 234.5700 0.5347 5.5671
4.5541 0.0000 101.8217 0.0000 234.3811 0.5423 5.6019
3.9267 0.0000 101.8360 0.0000 234.0361 0.5474 5.1594
3.4696 0.0000 101.8451 0.0000 233.9128 0.5501 4.8346
3.0690 0.0000 101.8172 0.0000 234.0289 0.5504 4.7404
2.7108 0.0000 101.7873 0.0000 235.5643 0.5504 4.6585
2.4085 0.0000 101.7708 0.0000 242.1771 0.5513 4.2416
2.1200 0.0000 101.7539 0.0000 248.5920 0.5527 3.5673
1.8189 0.0000 101.7243 0.0000 259.5133 0.5545 3.2610
1.5413 0.0000 101.7101 0.0000 260.9061 0.5571 3.5610
1.4137 0.0000 101.6894 0.0000 263.3568 0.5616 4.2961
1.4421 0.0000 101.6618 0.0000 266.5747 0.5677 5.0542
1.5370 0.0001 101.6119 42.5115 249.2994 0.5732 5.6806
