-0.8830 0.0002 99.2134 183.1871 247.5277 0.5302 4.2581
1.4469 0.0000 99.2242 406.2727 215.3959 0.5426 4.0794
4.3430 0.0000 99.1886 547.5361 219.4930 0.5217 4.0079
6.3571 0.0000 99.1053 624.7957 225.7947 0.4956 3.3371
7.5179 0.0000 98.9990 633.0428 230.0308 0.4880 2.6639
8.2277 0.0000 98.9056 573.1791 233.3895 0.4914 2.4901
8.5575 0.0000 98.8323 446.3888 237.5701 0.4987 2.7346
8.4909 0.0000 98.8059 279.2205 238.5923 0.5065 3.0281
7.9256 0.0000 98.8008 94.1282 239.5317 0.5201 3.5740
6.9821 0.0000 98.8132 1.0169 239.3784 0.5294 4.2910
6.0221 0.0000 98.8157 0.0000 238.5837 0.5326 4.5098
5.2087 0.0000 98.8113 0.0000 237.4635 0.5361 4.2014
4.6144 0.0000 98.8110 0.0000 236.5205 0.5397 3.6001
4.2015 0.0000 98.8093 0.0000 237.8729 0.5429 3.1875
3.9049 0.0000 98.8066 0.0000 241.1119 0.5460 2.8880
3.6741 0.0000 98.7869 0.0000 246.3678 0.5486 2.7068
3.4970 0.0000 98.7566 0.0000 255.2842 0.5504 2.6649
3.3550 0.0000 98.7267 0.0000 262.8906 0.5518 2.5141
3.1745 0.0000 98.7011 0.0000 270.3090 0.5526 2.0922
2.9665 0.0000 98.6764 0.0000 269.4250 0.5524 1.8639
2.7855 0.0000 98.6523 0.0000 270.8417 0.5515 2.2214
2.7560 0.0000 98.6403 0.0000 270.6872 0.5513 2.6589
2.8487 0.0000 98.6022 0.0000 262.4072 0.5516 3.3589
2.9867 0.0000 98.5754 34.9084 270.4247 0.5527 3.5773
