-1.3080 0.0030 99.5911 126.9212 262.4498 0.5160 4.3184
0.2588 0.0001 99.6166 331.5035 226.3189 0.5204 4.1680
2.3909 0.0000 99.5920 482.6039 224.8098 0.5132 4.1976
4.1888 0.0000 99.5061 570.3368 228.1989 0.4972 3.8125
5.4207 0.0000 99.3903 593.9011 229.5689 0.4876 3.2721
6.2872 0.0000 99.2793 541.0249 233.9824 0.4872 3.1585
6.7767 0.0000 99.1973 423.1968 237.9941 0.4898 3.2241
6.8076 0.0000 99.1625 266.5775 239.2366 0.4941 3.3812
6.2628 0.0000 99.1460 94.8019 238.4205 0.5044 3.8968
5.2598 0.0000 99.1538 2.0148 236.0238 0.5141 4.7893
4.3343 0.0000 99.1731 0.0000 233.1339 0.5132 4.7798
3.6685 0.0000 99.1869 0.0000 231.0971 0.5102 3.9554
3.2161 0.0000 99.1981 0.0000 230.7567 0.5062 3.2164
2.8857 0.0000 99.1918 0.0000 236.2114 0.5022 2.8371
2.6390 0.0000 99.1770 0.0000 243.7305 0.4999 2.5139
2.4902 0.0000 99.1465 0.0000 254.6383 0.4998 2.2357
2.4309 0.0000 99.1240 0.0000 260.5168 0.5013 2.1079
2.4036 0.0000 99.0995 0.0000 265.1979 0.5040 2.2034
2.3373 0.0000 99.0663 0.0000 269.6241 0.5079 2.5607
2.1764 0.0000 99.0214 0.0000 274.9601 0.5132 2.9379
1.9608 0.0000 98.9816 0.0000 277.7775 0.5194 2.9839
1.7318 0.0000 98.9357 0.0000 279.9873 0.5259 3.2763
1.4469 0.0000 98.9101 0.0000 278.6577 0.5326 3.4285
1.3871 0.0000 98.9447 17.0109 278.8913 0.5380 2.4422
