3.4271 0.0018 102.9922 233.1673 248.6379 0.6479 6.1483
4.6400 0.0002 103.0111 415.9200 238.1949 0.6430 5.6451
5.7128 0.0000 102.9637 552.8536 234.0297 0.6300 5.1093
6.4860 0.0000 102.8705 615.3182 235.9263 0.6212 4.6130
7.0567 0.0000 102.7645 604.7408 239.0010 0.6144 4.0555
7.4784 0.0000 102.6748 527.8648 241.8140 0.6084 3.6552
7.6693 0.0000 102.6116 401.6826 241.6309 0.6057 3.4782
7.6483 0.0000 102.5834 231.8963 241.0346 0.6063 3.3856
7.4214 0.0000 102.5822 55.5311 241.2665 0.6145 3.5002
7.0434 0.0000 102.6064 0.0000 240.9571 0.6306 3.9430
6.6182 0.0000 102.6288 0.0000 239.8778 0.6470 4.3311
6.1637 0.0000 102.6265 0.0000 238.7279 0.6610 4.7095
5.7508 0.0000 102.6100 0.0000 237.4892 0.6712 5.0012
5.4562 0.0000 102.5868 0.0000 236.2772 0.6777 5.1291
5.3313 0.0000 102.5717 0.0000 235.4822 0.6800 4.9258
5.1467 0.0000 102.5555 0.0000 235.2564 0.6790 4.6733
4.8812 0.0000 102.5347 0.0000 234.4785 0.6757 4.6749
4.6322 0.0000 102.5172 0.0000 233.9073 0.6716 4.6898
4.3854 0.0000 102.4778 0.0000 233.4300 0.6680 4.6696
4.1534 0.0000 102.4231 0.0000 232.9971 0.6659 4.6850
3.9346 0.0000 102.4107 0.0000 232.7443 0.6655 4.7915
3.8654 0.0000 102.4500 0.0000 234.5035 0.6638 5.0726
3.9127 0.0000 102.4772 0.4547 248.4756 0.6617 4.9962
4.0472 0.0000 102.4582 61.1650 254.3250 0.6606 4.6780
