-0.4752 0.0056 103.0906 167.8003 260.7888 0.5589 3.4775
1.7874 0.0013 103.1038 337.4389 248.3923 0.5759 3.4198
3.8233 0.0001 103.0615 515.2631 226.1915 0.5690 3.0660
4.8997 0.0001 102.9600 582.7274 229.5486 0.5629 2.5379
5.6445 0.0001 102.8435 581.6852 231.4426 0.5633 2.1007
6.1870 0.0001 102.7502 509.3323 234.7412 0.5635 1.7534
6.4500 0.0000 102.6835 383.4198 236.6632 0.5652 1.5516
6.3986 0.0000 102.6481 219.7460 237.0717 0.5675 1.5096
6.0600 0.0001 102.6456 52.8426 236.9338 0.5715 1.8514
5.5400 0.0003 102.6654 0.0000 243.8794 0.5795 2.6668
4.9159 0.0003 102.6890 0.0000 249.4599 0.5900 3.3736
4.2239 0.0002 102.6833 0.0000 247.4000 0.5996 4.0862
3.4907 0.0000 102.6618 0.0000 239.5929 0.6064 4.8462
2.7963 0.0000 102.6441 0.0000 229.9724 0.6087 5.4359
2.2758 0.0000 102.6476 0.0000 228.0360 0.6080 5.4464
1.8995 0.0000 102.6521 0.0000 226.8168 0.6036 4.9259
1.6109 0.0000 102.6355 0.0000 225.8756 0.5972 4.5833
1.4162 0.0000 102.6026 0.0000 225.5168 0.5905 4.6660
1.2516 0.0000 102.5655 0.0000 227.3364 0.5849 4.4419
1.0596 0.0006 102.5469 0.0000 230.8765 0.5806 3.7817
0.8663 0.0009 102.5379 0.0000 233.9906 0.5762 3.6228
0.8613 0.0006 102.5270 0.0000 242.7731 0.5733 3.5795
1.0086 0.0004 102.5075 0.0092 245.0289 0.5731 3.5722
1.2355 0.0002 102.4722 45.4015 250.4710 0.5759 3.7416
