-2.2406 0.0021 103.0608 170.0190 254.3403 0.5026 3.0144
0.4655 0.0001 103.0673 372.8698 224.4914 0.5412 3.1670
3.2733 0.0000 103.0323 514.2062 221.5485 0.5355 2.9884
4.4623 0.0000 102.9296 575.3096 227.4864 0.5220 2.3028
5.2216 0.0000 102.8129 573.1235 230.5260 0.5195 1.7528
5.7796 0.0000 102.7172 510.0552 232.1481 0.5210 1.3840
6.1269 0.0000 102.6446 393.5686 231.6668 0.5213 1.2093
6.1287 0.0000 102.6038 229.5051 232.0400 0.5243 1.2181
5.8354 0.0000 102.5946 59.4190 231.6673 0.5286 1.4376
5.4426 0.0000 102.6168 0.0020 231.2963 0.5333 1.9509
5.0267 0.0000 102.6266 0.0000 232.3807 0.5396 2.5662
4.5660 0.0000 102.6125 0.0000 231.7648 0.5492 3.3673
4.0645 0.0000 102.5856 0.0000 229.9867 0.5634 4.2268
3.4938 0.0000 102.5718 0.0000 229.4746 0.5818 4.7931
2.8579 0.0000 102.5874 0.0000 228.8285 0.6003 4.8964
2.1854 0.0000 102.5899 0.0000 228.3631 0.6135 4.7836
1.5310 0.0000 102.5589 0.0000 227.8090 0.6197 4.9335
0.9198 0.0000 102.5354 0.0000 228.2811 0.6188 4.9573
0.3273 0.0002 102.5240 0.0000 239.2030 0.6104 4.2264
-0.2325 0.0039 102.5110 0.0000 259.4788 0.5955 3.5724
-0.6552 0.0087 102.4863 0.0000 272.8794 0.5786 3.4960
-0.7752 0.0057 102.4618 0.0000 276.4351 0.5697 3.5262
-0.7353 0.0039 102.4356 0.0000 271.2904 0.5673 3.8337
-0.5669 0.0028 102.3986 34.3149 270.1727 0.5681 4.0981
