-0.4755 0.0003 101.2697 158.2835 254.8616 0.5440 4.7237
1.4518 0.0000 101.2850 374.5043 220.8004 0.5515 4.4561
4.1728 0.0000 101.2540 521.4645 222.2148 0.5231 4.5437
6.1390 0.0000 101.1593 605.4298 227.2005 0.4877 4.1871
7.1815 0.0000 101.0466 618.0130 230.3050 0.4807 3.7626
7.8321 0.0000 100.9487 561.2665 233.4694 0.4822 3.7142
8.0718 0.0000 100.8736 436.6263 236.9887 0.4890 3.8961
7.9318 0.0000 100.8380 271.6399 239.2315 0.4965 4.0948
7.2745 0.0000 100.8289 92.2988 240.2299 0.5145 4.5864
6.2767 0.0000 100.8362 1.2161 239.3262 0.5289 5.3808
5.3878 0.0000 100.8414 0.0000 237.7986 0.5325 5.6687
4.7125 0.0000 100.8361 0.0000 236.3518 0.5354 5.3170
4.2005 0.0000 100.8381 0.0000 235.2743 0.5384 4.6555
3.7779 0.0000 100.8436 0.0000 236.9020 0.5415 4.2596
3.4034 0.0000 100.8350 0.0000 241.7798 0.5452 3.9219
3.0737 0.0000 100.8090 0.0000 247.3951 0.5489 3.5287
2.8104 0.0000 100.7810 0.0000 256.3312 0.5517 3.0993
2.6069 0.0000 100.7621 0.0000 262.9507 0.5542 2.8611
2.3778 0.0000 100.7369 0.0000 266.7996 0.5570 2.8142
2.1213 0.0000 100.7072 0.0000 269.6725 0.5597 3.0935
1.9091 0.0000 100.6726 0.0000 273.2586 0.5624 3.4372
1.8891 0.0000 100.6455 0.0000 274.7654 0.5655 3.6935
2.0578 0.0000 100.5986 0.0000 272.2977 0.5681 4.0919
2.3056 0.0000 100.5846 25.8759 276.4275 0.5708 3.6039
