0.0396 0.0108 101.8505 158.6286 272.9656 0.5676 2.4486
1.6800 0.0016 101.8579 332.3948 262.2114 0.5800 2.4223
3.7756 0.0000 101.8054 541.2128 227.5304 0.5773 2.5530
5.8573 0.0000 101.6907 609.6182 233.3957 0.5413 2.4155
7.0444 0.0000 101.5677 613.6847 236.0532 0.5344 2.1789
7.8277 0.0000 101.4656 550.5125 237.5455 0.5360 2.0752
8.2528 0.0000 101.3923 423.5305 239.6019 0.5382 2.1875
8.3041 0.0000 101.3627 252.0975 240.5274 0.5398 2.3793
7.9021 0.0000 101.3577 71.7275 240.4084 0.5454 2.9557
7.1446 0.0000 101.3789 0.0450 243.6763 0.5507 3.8610
6.3136 0.0000 101.3973 0.0000 236.8262 0.5540 4.3010
5.5085 0.0000 101.3929 0.0000 235.0433 0.5589 4.4048
4.8454 0.0000 101.3750 0.0000 233.7059 0.5669 4.1728
4.3631 0.0000 101.3637 0.0000 233.1509 0.5786 3.5879
3.9712 0.0000 101.3600 0.0000 233.0788 0.5940 2.8389
3.4934 0.0000 101.3481 0.0000 233.2461 0.6083 2.2761
2.9368 0.0000 101.3307 0.0000 232.7830 0.6203 1.8823
2.3938 0.0000 101.3144 0.0000 232.3963 0.6296 1.7384
1.8527 0.0001 101.2687 0.0000 234.4814 0.6361 1.7975
1.2996 0.0005 101.2273 0.0000 247.8142 0.6375 1.9862
0.7523 0.0021 101.2369 0.0000 273.8916 0.6309 2.4553
0.3631 0.0047 101.2688 0.0000 278.9812 0.6208 2.5790
0.0558 0.0170 101.2738 0.0644 290.0617 0.6110 2.3342
0.0360 0.0119 101.2457 40.0143 287.7162 0.6091 2.1106
