-0.7241 0.0010 102.2367 139.2836 263.6473 0.5340 4.5679
1.0745 0.0000 102.2504 323.7564 236.4316 0.5407 4.5651
3.4748 0.0000 102.2148 487.0978 231.4980 0.5155 4.5672
5.3744 0.0000 102.1133 590.4540 229.3796 0.4862 4.1130
6.4196 0.0000 101.9958 610.8849 229.0392 0.4867 3.5583
7.1142 0.0000 101.8883 554.0446 231.3837 0.4923 3.2909
7.5019 0.0000 101.8149 434.1079 233.7003 0.4975 3.3046
7.5267 0.0000 101.7744 267.9821 235.4362 0.5012 3.4335
7.0924 0.0000 101.7653 86.9780 236.6848 0.5121 3.9447
6.3857 0.0000 101.7676 0.6439 236.9301 0.5193 4.9037
5.7040 0.0000 101.7699 0.0000 236.9834 0.5210 5.5341
5.0782 0.0000 101.7515 0.0000 236.8339 0.5258 5.7035
4.5140 0.0000 101.7471 0.0000 236.5021 0.5343 5.2997
4.0253 0.0000 101.7594 0.0000 236.1547 0.5435 4.7427
3.5898 0.0000 101.7526 0.0000 236.2023 0.5504 4.5746
3.1638 0.0000 101.7248 0.0000 236.9225 0.5550 4.3645
2.8093 0.0000 101.7016 0.0000 246.6001 0.5581 3.9050
2.5694 0.0000 101.6828 0.0000 252.7103 0.5606 3.3396
2.3243 0.0000 101.6642 0.0000 261.5047 0.5629 3.1427
2.0153 0.0000 101.6296 0.0000 264.4214 0.5646 3.3360
1.7307 0.0000 101.6014 0.0000 265.8105 0.5656 3.8793
1.6463 0.0000 101.5822 0.0000 270.7214 0.5662 4.3073
1.7570 0.0000 101.5400 0.0000 267.5109 0.5667 4.8071
2.0034 0.0000 101.5050 34.8143 260.7646 0.5671 4.8269
