1.5578 0.0000 101.6956 149.9612 256.5368 0.6230 5.5554
3.3249 0.0000 101.7334 338.9674 240.0066 0.6195 5.6533
5.4346 0.0000 101.7147 488.9069 239.3766 0.6037 5.3020
7.2354 0.0000 101.6426 581.4185 241.2461 0.5707 4.5809
8.4722 0.0000 101.5231 602.6260 244.1441 0.5513 3.8978
9.4066 0.0000 101.3987 556.7937 246.6843 0.5409 3.5015
9.9754 0.0000 101.3080 440.0165 249.4002 0.5391 3.3442
10.1356 0.0000 101.2498 284.2556 251.3539 0.5409 3.3917
9.8956 0.0000 101.2349 109.7436 253.5339 0.5491 3.3294
9.3540 0.0000 101.2551 4.7993 255.7400 0.5560 3.1183
8.6562 0.0000 101.3020 0.0000 257.6906 0.5585 3.0707
7.8506 0.0000 101.3137 0.0000 270.3769 0.5655 3.3094
7.0702 0.0000 101.3508 0.0000 278.6215 0.5781 2.9315
6.4069 0.0000 101.3612 0.0000 281.4704 0.5893 2.7436
5.7917 0.0000 101.3362 0.0000 282.2095 0.5975 3.1259
5.2245 0.0000 101.3028 0.0000 285.1992 0.6037 3.6245
4.8000 0.0000 101.2873 0.0000 287.5146 0.6068 3.7272
4.5252 0.0000 101.2547 0.0000 288.8774 0.6059 3.8335
4.3557 0.0000 101.2151 0.0000 289.9092 0.6045 3.7560
4.2464 0.0000 101.1621 0.0000 289.4773 0.6031 3.7006
4.1454 0.0000 101.0901 0.0000 287.6369 0.6009 4.2141
3.9824 0.0000 101.0367 0.0000 268.6314 0.6035 4.4652
3.8046 0.0000 101.0948 0.0000 252.8212 0.6128 3.0141
3.6457 0.0000 101.1185 23.4420 268.4022 0.6204 2.3995
