3.3593 0.0006 103.0351 224.0194 244.8739 0.6237 5.7523
4.3836 0.0003 103.0506 403.6411 235.5025 0.6084 5.2290
5.1261 0.0001 103.0141 544.9934 229.8855 0.6027 4.7368
5.6938 0.0001 102.9188 606.3407 231.5326 0.6054 4.2291
6.1861 0.0001 102.8110 598.8003 233.4544 0.6055 3.6572
6.5526 0.0001 102.7257 514.5361 238.6808 0.6023 3.2328
6.6748 0.0001 102.6683 391.8349 237.3503 0.6035 3.0209
6.5923 0.0001 102.6356 223.3799 236.7687 0.6049 2.9245
6.2874 0.0001 102.6337 51.2190 237.9169 0.6079 3.0649
5.8977 0.0002 102.6583 0.0000 241.4655 0.6135 3.5569
5.5294 0.0001 102.6846 0.0000 243.4766 0.6203 3.9264
5.1426 0.0001 102.6874 0.0000 237.1985 0.6252 4.3002
4.7596 0.0000 102.6607 0.0000 232.7166 0.6270 4.6802
4.5093 0.0000 102.6412 0.0000 231.2217 0.6268 4.9271
4.4250 0.0000 102.6262 0.0000 229.8804 0.6242 4.7736
4.3329 0.0000 102.6134 0.0000 229.7301 0.6197 4.4049
4.1800 0.0000 102.5975 0.0000 229.3656 0.6157 4.3747
3.9638 0.0000 102.5732 0.0000 229.0022 0.6150 4.5801
3.7022 0.0000 102.5247 0.0000 228.3692 0.6154 4.7721
3.4585 0.0000 102.4776 0.0000 227.8638 0.6164 4.7401
3.2364 0.0000 102.4716 0.0000 227.7220 0.6187 4.8553
3.1691 0.0000 102.5015 0.0000 228.2815 0.6213 5.0283
3.2630 0.0000 102.5108 0.2418 237.0524 0.6231 4.7738
3.4978 0.0000 102.4854 51.3068 255.7311 0.6255 4.3750
