-1.5050 0.0076 102.0124 163.0844 264.2133 0.5173 2.2453
0.2921 0.0005 102.0190 330.4560 253.6253 0.5398 2.6178
3.2391 0.0000 101.9763 483.1956 236.2001 0.5295 3.2424
5.2031 0.0000 101.8666 573.7934 237.3946 0.4979 2.8419
6.2589 0.0000 101.7477 590.3534 236.6946 0.4994 2.2859
6.9996 0.0000 101.6473 548.5146 232.2760 0.5052 1.9367
7.4290 0.0000 101.5749 425.8190 234.3573 0.5097 1.8594
7.4553 0.0000 101.5335 256.7879 235.3431 0.5141 2.0233
7.0473 0.0000 101.5253 76.1351 235.2952 0.5213 2.7215
6.2770 0.0000 101.5418 0.1148 234.2237 0.5267 3.9316
5.4004 0.0000 101.5516 0.0000 232.9448 0.5290 4.6765
4.5541 0.0000 101.5314 0.0000 231.7705 0.5303 5.0905
3.8556 0.0000 101.5125 0.0000 230.8789 0.5308 5.1385
3.3425 0.0000 101.5184 0.0000 230.4892 0.5318 4.6995
2.9759 0.0000 101.5340 0.0000 230.7102 0.5339 4.1597
2.6195 0.0000 101.5070 0.0000 231.0992 0.5362 3.8028
2.2435 0.0000 101.4841 0.0000 231.2707 0.5396 3.6483
1.8798 0.0000 101.4588 0.0000 232.9726 0.5460 3.4741
1.4921 0.0000 101.4320 0.0000 236.5522 0.5551 2.8973
1.0932 0.0000 101.4101 0.0000 243.9362 0.5662 2.4237
0.7219 0.0002 101.4061 0.0000 259.3961 0.5774 2.5311
0.4249 0.0035 101.4008 0.0000 269.2013 0.5857 3.1173
0.1373 0.0098 101.3763 0.0003 273.5871 0.5887 3.9046
-0.0045 0.0042 101.3323 39.8811 269.4850 0.5899 4.6377
