0.2781 0.0076 102.6309 164.4648 273.1873 0.5833 2.9431
1.9611 0.0011 102.6422 339.2976 260.0137 0.5991 2.7047
4.1000 0.0000 102.5858 533.0588 230.6416 0.6018 2.6516
5.9054 0.0000 102.4742 601.8961 235.1003 0.5646 2.3964
7.1678 0.0000 102.3480 608.3218 236.3184 0.5421 2.1029
7.9406 0.0000 102.2420 543.6325 237.9192 0.5368 2.0165
8.3741 0.0000 102.1686 416.4105 239.8134 0.5357 2.1131
8.4378 0.0000 102.1399 245.0562 240.7167 0.5365 2.2772
8.0939 0.0000 102.1317 66.6850 240.5306 0.5418 2.7783
7.4446 0.0000 102.1559 0.0129 239.5910 0.5494 3.6293
6.7576 0.0000 102.1743 0.0000 237.4703 0.5570 4.1432
6.1374 0.0000 102.1699 0.0000 236.1009 0.5683 4.4025
5.6055 0.0000 102.1450 0.0000 235.1468 0.5857 4.4241
5.1497 0.0000 102.1298 0.0000 234.7678 0.6118 4.1323
4.7318 0.0000 102.1295 0.0000 234.8053 0.6436 3.5333
4.2146 0.0000 102.1176 0.0000 234.9661 0.6702 3.0647
3.6027 0.0000 102.1010 0.0000 234.4541 0.6883 2.7331
3.0158 0.0000 102.0886 0.0000 233.8947 0.6978 2.4950
2.4403 0.0005 102.0460 0.0000 245.5276 0.6947 2.4978
1.8108 0.0017 102.0039 0.0000 263.6406 0.6778 2.5920
1.2795 0.0025 102.0098 0.0000 284.0690 0.6592 2.8042
1.0543 0.0032 102.0492 0.0000 288.9540 0.6473 2.7913
0.9684 0.0070 102.0586 0.1120 283.2401 0.6409 2.6776
1.0497 0.0041 102.0266 48.0261 276.4476 0.6380 2.5950
