-2.1142 0.0023 102.8981 168.9784 256.0817 0.5048 2.7793
0.3780 0.0002 102.9062 370.9762 228.4140 0.5393 3.0203
3.2710 0.0000 102.8681 504.3933 226.3935 0.5334 3.1625
4.5630 0.0000 102.7672 557.6053 234.8339 0.5185 2.5576
5.3613 0.0000 102.6528 574.1174 233.0043 0.5150 1.9814
5.9625 0.0000 102.5546 522.4628 231.5173 0.5151 1.6412
6.3434 0.0000 102.4787 405.3444 231.1168 0.5144 1.5032
6.3776 0.0000 102.4388 238.9331 231.8566 0.5157 1.5238
6.0803 0.0000 102.4297 64.8861 231.8019 0.5199 1.8274
5.6342 0.0000 102.4477 0.0136 231.1693 0.5244 2.4841
5.1760 0.0000 102.4581 0.0000 230.6789 0.5287 3.1844
4.7072 0.0000 102.4392 0.0000 230.2386 0.5349 3.9443
4.2469 0.0000 102.4107 0.0000 229.8743 0.5447 4.5724
3.7877 0.0000 102.4052 0.0000 229.6858 0.5593 4.7646
3.3131 0.0000 102.4225 0.0000 229.6894 0.5771 4.5534
2.7552 0.0000 102.4111 0.0000 229.8406 0.5936 4.4460
2.1354 0.0000 102.3801 0.0000 229.5356 0.6081 4.6843
1.5073 0.0000 102.3615 0.0000 229.5583 0.6202 4.6683
0.8924 0.0002 102.3511 0.0000 239.3530 0.6247 4.0232
0.2622 0.0031 102.3336 0.0000 262.7521 0.6170 3.6489
-0.3205 0.0106 102.3144 0.0000 282.7742 0.6007 3.7440
-0.6134 0.0085 102.2969 0.0000 288.9050 0.5880 3.8754
-0.6454 0.0066 102.2732 0.0002 288.6636 0.5840 4.1463
-0.4526 0.0031 102.2330 29.7169 284.0515 0.5870 4.3644
