-1.9418 0.0003 102.6941 147.3596 250.3763 0.4966 4.3895
-0.0003 0.0000 102.7167 300.9066 235.2526 0.5155 4.0782
2.7504 0.0000 102.6882 446.8271 232.5885 0.4962 4.1297
4.4041 0.0000 102.5928 556.8888 227.7933 0.4687 3.5290
5.3147 0.0000 102.4673 584.8340 224.9571 0.4619 2.8788
5.9601 0.0000 102.3580 530.4183 226.0587 0.4627 2.5009
6.3827 0.0000 102.2757 412.1700 228.1496 0.4626 2.3534
6.4582 0.0000 102.2332 248.9230 230.2314 0.4645 2.4355
6.1795 0.0000 102.2240 75.9191 231.3809 0.4709 2.8455
5.6995 0.0000 102.2245 0.2911 231.3970 0.4771 3.7141
5.1376 0.0000 102.2269 0.0000 231.1576 0.4831 4.6345
4.4971 0.0000 102.2066 0.0000 230.9635 0.4923 5.3874
3.8233 0.0000 102.1942 0.0000 230.8157 0.5034 5.6615
3.2062 0.0000 102.2164 0.0000 230.7136 0.5136 5.4096
2.6758 0.0000 102.2175 0.0000 230.6292 0.5229 5.4551
2.1488 0.0000 102.1817 0.0000 230.4067 0.5302 5.7513
1.6465 0.0000 102.1666 0.0000 232.5269 0.5353 5.3605
1.2588 0.0000 102.1727 0.0000 242.1595 0.5393 4.8449
0.9865 0.0000 102.1550 0.0000 247.8909 0.5425 4.8022
0.7751 0.0000 102.1104 0.0000 255.2892 0.5460 5.0406
0.6045 0.0000 102.0602 0.0000 257.0302 0.5526 5.4713
0.4993 0.0000 102.0241 0.0000 258.9892 0.5644 5.8085
0.3840 0.0001 101.9828 0.0000 265.0881 0.5781 6.0050
0.1706 0.0005 101.9469 24.1982 270.3030 0.5886 5.8449
