1.3270 0.0000 101.7010 163.0940 255.6931 0.6110 5.8927
3.2380 0.0000 101.7268 336.3111 244.3423 0.6209 5.4155
5.5842 0.0000 101.7007 483.8156 245.1119 0.6183 5.0309
7.7035 0.0000 101.6184 578.3248 248.1736 0.5736 4.6458
9.0688 0.0000 101.5047 591.8831 252.9941 0.5314 4.4706
9.8289 0.0000 101.3944 558.6849 250.9280 0.5148 4.6684
10.1832 0.0000 101.3153 442.6802 251.1805 0.5112 4.9618
10.1658 0.0000 101.2696 284.3797 251.4532 0.5122 5.3310
9.5864 0.0000 101.2548 106.7335 250.6981 0.5308 5.6438
8.4860 0.0000 101.2691 3.2790 248.5958 0.5533 6.2755
7.3696 0.0000 101.2998 0.0000 246.7449 0.5650 6.6030
6.4352 0.0000 101.3112 0.0000 248.0247 0.5743 6.6597
5.7007 0.0000 101.3142 0.0000 257.4005 0.5817 6.5620
5.1412 0.0000 101.3300 0.0000 266.8719 0.5886 6.1109
4.7246 0.0000 101.3224 0.0000 273.1146 0.5933 5.9435
4.4256 0.0000 101.2912 0.0000 277.0807 0.5948 5.9166
4.2318 0.0000 101.2609 0.0000 282.2361 0.5939 5.8033
4.0791 0.0000 101.2351 0.0000 284.7638 0.5928 5.6303
3.9320 0.0000 101.1989 0.0000 286.2632 0.5915 5.6375
3.7732 0.0000 101.1561 0.0000 286.3914 0.5915 5.5984
3.6286 0.0000 101.1176 0.0000 283.6884 0.5928 5.5766
3.5268 0.0000 101.0647 0.0000 280.3041 0.5967 5.8714
3.4095 0.0000 101.0567 0.0000 260.4866 0.6043 5.3580
3.2738 0.0000 101.1095 38.4886 249.7923 0.6107 4.1571
