-2.1239 0.0004 102.8838 172.4039 242.7919 0.4938 3.7591
0.1630 0.0000 102.8980 358.6491 217.7445 0.5123 3.5274
3.0210 0.0000 102.8639 482.7521 223.9967 0.4816 3.2009
4.2984 0.0000 102.7678 553.9223 228.4157 0.4645 2.5297
5.0634 0.0000 102.6501 573.5096 226.3586 0.4652 2.0076
5.6086 0.0000 102.5469 518.2525 226.6184 0.4705 1.7288
5.9434 0.0000 102.4732 400.0565 227.5707 0.4735 1.6746
5.9373 0.0000 102.4308 237.2951 228.1545 0.4772 1.7937
5.5967 0.0000 102.4217 65.6118 228.9519 0.4824 2.2496
5.0792 0.0000 102.4342 0.0338 228.9501 0.4863 3.0399
4.5131 0.0000 102.4413 0.0000 228.6086 0.4896 3.7341
3.9374 0.0000 102.4223 0.0000 228.0121 0.4935 4.3947
3.3890 0.0000 102.3997 0.0000 227.3572 0.4988 4.8273
2.9134 0.0000 102.3983 0.0000 227.1679 0.5071 4.7870
2.5169 0.0000 102.4214 0.0000 227.5359 0.5191 4.4735
2.1063 0.0000 102.4029 0.0000 228.1413 0.5326 4.5462
1.6281 0.0000 102.3686 0.0000 228.3162 0.5467 4.7111
1.1139 0.0000 102.3650 0.0000 230.7238 0.5617 4.2272
0.6443 0.0000 102.3634 0.0000 239.4524 0.5748 3.7779
0.2150 0.0012 102.3218 0.0000 249.5278 0.5845 3.7750
-0.2067 0.0035 102.2805 0.0000 261.2426 0.5858 4.0437
-0.5840 0.0034 102.2412 0.0000 266.1770 0.5805 4.4676
-1.0168 0.0071 102.2132 0.0000 273.6534 0.5700 4.7319
-1.2492 0.0078 102.1754 26.0560 282.4208 0.5587 4.6023
