-2.0967 0.0005 102.9060 173.2943 243.2637 0.4954 3.6709
0.2252 0.0000 102.9186 363.5202 217.2396 0.5148 3.4808
3.0444 0.0000 102.8853 486.3847 223.7129 0.4877 3.1408
4.2956 0.0000 102.7888 555.8274 228.4258 0.4708 2.4690
5.0486 0.0000 102.6715 572.4972 227.0544 0.4708 1.9487
5.5863 0.0000 102.5688 516.9481 227.2590 0.4754 1.6638
5.9151 0.0000 102.4963 398.6826 228.0892 0.4780 1.5982
5.9104 0.0000 102.4539 236.4335 228.4166 0.4811 1.7090
5.5769 0.0000 102.4448 64.8187 229.0367 0.4859 2.1396
5.0793 0.0000 102.4582 0.0272 229.0065 0.4895 2.8826
4.5439 0.0000 102.4648 0.0000 228.7545 0.4928 3.5446
4.0004 0.0000 102.4467 0.0000 228.2490 0.4971 4.2047
3.4774 0.0000 102.4228 0.0000 227.6136 0.5034 4.6759
3.0033 0.0000 102.4201 0.0000 227.3690 0.5133 4.6997
2.5840 0.0000 102.4419 0.0000 227.6523 0.5273 4.4197
2.1394 0.0000 102.4273 0.0000 228.1966 0.5424 4.4642
1.6302 0.0000 102.3922 0.0000 228.3379 0.5573 4.6573
1.0890 0.0000 102.3860 0.0000 230.1896 0.5718 4.2419
0.5941 0.0001 102.3843 0.0000 239.4045 0.5828 3.7353
0.1254 0.0019 102.3462 0.0000 252.2660 0.5881 3.6865
-0.3339 0.0056 102.3066 0.0000 266.1980 0.5847 3.9215
-0.6940 0.0048 102.2686 0.0000 270.0429 0.5777 4.3058
-1.0702 0.0073 102.2410 0.0000 275.1805 0.5680 4.5920
-1.2614 0.0076 102.2031 26.7501 281.9415 0.5581 4.5145
