-2.2541 0.0002 102.6185 154.7361 243.5561 0.4837 4.2191
-0.2852 0.0000 102.6405 315.4128 227.7463 0.5032 3.7888
2.5814 0.0000 102.6149 452.5995 228.5348 0.4786 3.6586
4.2916 0.0000 102.5195 552.0853 226.8453 0.4500 3.0856
5.1299 0.0000 102.3943 574.9928 224.8120 0.4464 2.5229
5.7163 0.0000 102.2889 520.0062 225.8700 0.4489 2.2170
6.0946 0.0000 102.2081 406.2737 226.7096 0.4505 2.1283
6.1228 0.0000 102.1657 243.5354 228.5689 0.4535 2.2339
5.8033 0.0000 102.1566 72.3024 229.6189 0.4595 2.7135
5.2737 0.0000 102.1589 0.1934 229.4662 0.4644 3.6231
4.6565 0.0000 102.1619 0.0000 228.9929 0.4686 4.4961
3.9824 0.0000 102.1448 0.0000 228.5104 0.4744 5.2084
3.3158 0.0000 102.1278 0.0000 228.1999 0.4812 5.5058
2.7435 0.0000 102.1437 0.0000 228.2049 0.4885 5.2844
2.2842 0.0000 102.1552 0.0000 228.4163 0.4967 5.1768
1.8450 0.0000 102.1205 0.0000 228.6220 0.5048 5.3788
1.4080 0.0000 102.1031 0.0000 230.4006 0.5121 5.0653
1.0437 0.0000 102.1087 0.0000 238.6480 0.5197 4.5748
0.7621 0.0000 102.0935 0.0000 244.4967 0.5275 4.4894
0.5324 0.0000 102.0458 0.0000 252.3960 0.5367 4.7145
0.3283 0.0000 101.9916 0.0000 253.3931 0.5484 5.1388
0.1504 0.0002 101.9518 0.0000 252.7986 0.5617 5.4995
-0.0715 0.0010 101.9146 0.0000 258.7882 0.5720 5.6735
-0.3447 0.0019 101.8787 25.3918 268.1896 0.5769 5.4866
