-0.7077 0.0004 99.6629 172.6894 253.8247 0.5431 4.6228
1.4622 0.0000 99.6801 399.5789 215.6849 0.5599 4.2455
4.3758 0.0000 99.6509 539.9861 220.1774 0.5402 4.1694
6.5147 0.0000 99.5645 618.7238 227.0244 0.5026 3.6365
7.6736 0.0000 99.4582 628.0553 231.6761 0.4948 3.1828
8.3863 0.0000 99.3615 569.4822 235.9184 0.4962 3.2366
8.6578 0.0000 99.2916 443.4043 239.9147 0.5024 3.5212
8.5249 0.0000 99.2587 277.8767 241.9298 0.5082 3.8077
7.8563 0.0000 99.2503 96.6039 242.5177 0.5228 4.3133
6.7805 0.0000 99.2596 1.5024 241.0596 0.5339 5.0491
5.6970 0.0000 99.2718 0.0000 238.8087 0.5369 5.2563
4.8198 0.0000 99.2707 0.0000 236.6823 0.5394 4.7942
4.1935 0.0000 99.2735 0.0000 235.1847 0.5405 4.2639
3.7432 0.0000 99.2782 0.0000 241.0705 0.5411 3.9214
3.4122 0.0000 99.2722 0.0000 245.9518 0.5421 3.5093
3.1728 0.0000 99.2492 0.0000 254.3006 0.5429 3.2357
3.0219 0.0000 99.2190 0.0000 262.0248 0.5443 3.0260
2.9222 0.0000 99.1921 0.0000 268.2290 0.5466 2.8892
2.7967 0.0000 99.1665 0.0000 271.9887 0.5492 2.7307
2.6524 0.0000 99.1321 0.0000 274.0422 0.5514 2.9294
2.4907 0.0000 99.1016 0.0000 276.3308 0.5535 3.2368
2.4753 0.0000 99.0801 0.0000 275.5481 0.5562 3.5898
2.6085 0.0000 99.0389 0.0000 273.8830 0.5590 4.0719
2.7883 0.0000 99.0346 31.2483 271.8977 0.5618 3.5965
