-0.8106 0.0005 98.8487 174.5391 256.1101 0.5440 4.6771
1.4031 0.0000 98.8704 404.2340 215.1034 0.5665 4.2044
4.2839 0.0000 98.8425 543.2271 220.3295 0.5543 3.9807
6.5120 0.0000 98.7618 621.3819 227.4402 0.5153 3.3414
7.7412 0.0000 98.6587 630.0456 232.8348 0.5092 2.8976
8.5187 0.0000 98.5583 571.3398 237.6953 0.5110 3.0337
8.8353 0.0000 98.4920 446.0442 241.7885 0.5165 3.3658
8.7367 0.0000 98.4579 280.6028 243.9595 0.5197 3.6907
8.1257 0.0000 98.4490 99.2363 244.2786 0.5297 4.1649
7.0980 0.0000 98.4575 1.7585 242.4143 0.5362 4.8623
5.9366 0.0000 98.4747 0.0000 239.6282 0.5374 5.0757
4.9135 0.0000 98.4774 0.0000 236.9567 0.5389 4.5982
4.1760 0.0000 98.4809 0.0000 235.0277 0.5384 4.2182
3.6721 0.0000 98.4869 0.0000 244.6128 0.5374 3.9246
3.3397 0.0000 98.4804 0.0000 248.2292 0.5370 3.5037
3.1346 0.0000 98.4600 0.0000 259.7550 0.5365 3.3298
3.0464 0.0000 98.4297 0.0000 266.3821 0.5379 3.2236
3.0145 0.0000 98.3972 0.0000 271.7326 0.5409 3.1349
2.9662 0.0000 98.3716 0.0000 275.4955 0.5443 2.9954
2.8998 0.0000 98.3290 0.0000 277.1238 0.5471 3.2671
2.7415 0.0000 98.3004 0.0000 279.2403 0.5497 3.5515
2.6804 0.0000 98.2801 0.0000 276.6846 0.5528 3.9571
2.7320 0.0000 98.2445 0.0000 277.6764 0.5563 4.4363
2.8252 0.0000 98.2543 35.9615 265.2883 0.5596 3.8019
