-0.7429 0.0011 102.3973 119.2401 265.0655 0.5339 4.2848
0.7848 0.0000 102.4199 299.3041 236.8691 0.5358 4.2617
2.8445 0.0000 102.3909 464.3358 229.6582 0.5197 4.4156
4.6490 0.0000 102.2955 565.7583 228.9968 0.4959 4.2187
5.6746 0.0000 102.1746 588.9973 229.1377 0.4906 3.6938
6.4330 0.0000 102.0587 536.5258 231.8529 0.4883 3.3785
6.8372 0.0000 101.9749 419.4727 235.2672 0.4899 3.3138
6.9143 0.0000 101.9306 259.3503 237.6135 0.4912 3.3675
6.6177 0.0000 101.9173 86.7131 238.6225 0.4974 3.6781
6.1195 0.0000 101.9190 1.1316 238.2044 0.5025 4.3913
5.6163 0.0000 101.9211 0.0000 237.2653 0.5022 4.8602
5.0997 0.0000 101.9159 0.0000 236.0438 0.5037 4.7839
4.6003 0.0000 101.9231 0.0000 234.9276 0.5080 4.2624
4.1292 0.0000 101.9276 0.0000 234.3036 0.5141 4.0011
3.6397 0.0000 101.9128 0.0000 235.3869 0.5221 4.0416
3.1340 0.0000 101.8888 0.0000 242.0002 0.5315 3.7733
2.6796 0.0000 101.8695 0.0000 252.3207 0.5398 3.3683
2.2940 0.0000 101.8590 0.0000 258.7644 0.5470 3.2736
1.9266 0.0000 101.8323 0.0000 262.9207 0.5536 3.5351
1.5599 0.0000 101.7867 0.0000 266.7917 0.5599 4.0425
1.2296 0.0000 101.7421 0.0000 272.5754 0.5658 4.4119
1.0239 0.0000 101.7037 0.0000 275.5488 0.5710 4.6148
0.9083 0.0000 101.6626 0.0000 276.9638 0.5759 4.8689
0.8861 0.0000 101.6683 22.4122 272.8386 0.5808 4.1722
