-0.6654 0.0002 100.6594 169.9813 249.3045 0.5360 4.5105
1.4850 0.0000 100.6705 388.6936 217.7417 0.5430 4.2716
4.3403 0.0000 100.6384 533.4571 220.4418 0.5135 4.3321
6.3518 0.0000 100.5465 614.0437 226.1814 0.4791 3.8783
7.4091 0.0000 100.4354 624.6119 229.8176 0.4732 3.4296
8.0389 0.0000 100.3407 566.1976 233.1768 0.4767 3.4077
8.2655 0.0000 100.2670 441.6310 236.3675 0.4851 3.6550
8.1016 0.0000 100.2357 274.8116 238.4037 0.4943 3.9115
7.3989 0.0000 100.2266 92.8561 239.3909 0.5132 4.4778
6.3053 0.0000 100.2381 1.1102 238.6353 0.5280 5.2969
5.3020 0.0000 100.2438 0.0000 237.2675 0.5326 5.5306
4.5528 0.0000 100.2387 0.0000 235.9421 0.5361 5.1440
4.0265 0.0000 100.2381 0.0000 235.0080 0.5390 4.4419
3.6425 0.0000 100.2410 0.0000 236.4386 0.5415 3.9592
3.3472 0.0000 100.2339 0.0000 241.1611 0.5441 3.5793
3.1163 0.0000 100.2063 0.0000 246.1912 0.5463 3.2195
2.9454 0.0000 100.1767 0.0000 254.7827 0.5481 2.8903
2.8164 0.0000 100.1551 0.0000 261.6758 0.5498 2.6001
2.6379 0.0000 100.1299 0.0000 267.3612 0.5518 2.3262
2.4130 0.0000 100.1044 0.0000 269.3400 0.5535 2.3661
2.2275 0.0000 100.0724 0.0000 272.2342 0.5552 2.7036
2.2404 0.0000 100.0520 0.0000 273.4869 0.5576 3.0703
2.4517 0.0000 100.0062 0.0000 266.8493 0.5597 3.6165
2.7469 0.0000 99.9829 29.6098 273.5475 0.5619 3.4486
