-2.2790 0.0001 102.5592 148.1130 244.0465 0.4805 4.2880
-0.3804 0.0000 102.5824 305.5358 229.9485 0.4996 3.8247
2.4363 0.0000 102.5593 449.5006 228.2742 0.4800 3.7052
4.3024 0.0000 102.4639 551.7376 226.2603 0.4496 3.1810
5.1596 0.0000 102.3375 573.1335 225.0450 0.4449 2.6111
5.7557 0.0000 102.2314 519.6626 226.0661 0.4460 2.2940
6.1379 0.0000 102.1494 406.4281 227.1279 0.4470 2.1932
6.1736 0.0000 102.1070 244.6229 229.0772 0.4496 2.2970
5.8632 0.0000 102.0965 73.8957 230.0707 0.4552 2.7768
5.3373 0.0000 102.0970 0.2637 229.8709 0.4598 3.6918
4.7151 0.0000 102.0994 0.0000 229.3988 0.4635 4.5834
4.0286 0.0000 102.0829 0.0000 228.9632 0.4690 5.2837
3.3483 0.0000 102.0686 0.0000 228.6588 0.4758 5.5356
2.7585 0.0000 102.0876 0.0000 228.6124 0.4831 5.3160
2.2739 0.0000 102.0938 0.0000 228.7128 0.4912 5.3010
1.8061 0.0000 102.0593 0.0000 228.8825 0.4991 5.4731
1.3584 0.0000 102.0464 0.0000 232.1170 0.5061 5.0661
1.0088 0.0000 102.0512 0.0000 240.9517 0.5125 4.6627
0.7507 0.0000 102.0329 0.0000 246.4531 0.5190 4.6574
0.5465 0.0000 101.9825 0.0000 254.1634 0.5267 4.9373
0.3732 0.0000 101.9265 0.0000 253.4425 0.5378 5.3766
0.2464 0.0000 101.8860 0.0000 252.1863 0.5526 5.6857
0.0986 0.0001 101.8477 0.0000 257.4279 0.5661 5.8305
-0.1374 0.0008 101.8158 24.9378 265.4032 0.5749 5.6176
