-0.8455 0.0064 100.2481 179.7033 258.7100 0.5323 2.3872
0.9819 0.0007 100.2571 370.4329 240.7627 0.5467 2.6364
3.2728 0.0000 100.2127 543.2657 223.9787 0.5385 2.9022
5.3826 0.0000 100.1046 619.9521 227.7520 0.5094 2.6269
6.5145 0.0000 99.9872 623.4276 231.3697 0.5132 2.1721
7.3016 0.0000 99.8908 559.7021 233.8803 0.5206 1.8603
7.7542 0.0000 99.8223 433.3215 236.2455 0.5263 1.8593
7.8224 0.0000 99.7920 261.4945 237.7755 0.5305 2.0455
7.4369 0.0000 99.7869 77.8893 238.7986 0.5372 2.6069
6.6878 0.0000 99.8049 0.1626 238.8201 0.5421 3.5092
5.8085 0.0000 99.8209 0.0000 234.4760 0.5446 3.9526
4.8979 0.0000 99.8116 0.0000 232.8819 0.5468 4.0910
4.1022 0.0000 99.8002 0.0000 231.6563 0.5495 3.9197
3.4966 0.0000 99.7952 0.0000 231.0596 0.5531 3.4485
3.0299 0.0000 99.7972 0.0000 231.0354 0.5579 2.9111
2.5419 0.0000 99.7805 0.0000 231.0167 0.5620 2.4591
2.0417 0.0000 99.7623 0.0000 231.2827 0.5652 2.1842
1.5947 0.0000 99.7396 0.0000 233.4415 0.5677 2.1529
1.1707 0.0000 99.6939 0.0000 237.6388 0.5702 2.1020
0.7779 0.0001 99.6581 0.0000 252.5441 0.5718 1.9906
0.4386 0.0009 99.6652 0.0000 262.3048 0.5699 2.2105
0.2349 0.0022 99.6762 0.0000 260.1518 0.5665 2.4406
0.0491 0.0081 99.6733 0.0189 268.4254 0.5647 2.5140
-0.0553 0.0060 99.6387 49.2479 260.9180 0.5671 2.7022
