-1.5035 0.0033 103.0614 172.2117 260.4296 0.5314 3.0699
0.8425 0.0005 103.0745 360.0194 239.8663 0.5649 3.1718
3.4422 0.0001 103.0340 523.6531 225.0873 0.5613 3.0316
4.6787 0.0000 102.9307 578.8117 231.7895 0.5462 2.4272
5.4640 0.0000 102.8160 566.7307 237.2767 0.5395 1.8671
6.0565 0.0000 102.7226 515.9921 234.6778 0.5366 1.5156
6.4044 0.0000 102.6501 398.0322 233.9785 0.5359 1.3608
6.4551 0.0000 102.6105 231.8769 234.4144 0.5369 1.3319
6.2206 0.0000 102.6042 59.5785 234.3471 0.5408 1.5110
5.8809 0.0000 102.6242 0.0005 235.0486 0.5473 2.0265
5.5186 0.0000 102.6382 0.0000 235.5957 0.5564 2.6594
5.1065 0.0000 102.6228 0.0000 234.5436 0.5690 3.4627
4.6239 0.0000 102.5972 0.0000 232.6861 0.5858 4.3182
4.0467 0.0000 102.5794 0.0000 231.3868 0.6051 4.9279
3.4484 0.0000 102.5910 0.0000 230.9471 0.6236 4.9998
2.8287 0.0000 102.5877 0.0000 230.5633 0.6356 4.8192
2.2304 0.0000 102.5647 0.0000 229.7934 0.6398 4.8787
1.7175 0.0000 102.5381 0.0000 229.4683 0.6383 5.0301
1.2423 0.0001 102.5121 0.0000 236.7114 0.6314 4.6015
0.7662 0.0015 102.4925 0.0000 252.2694 0.6187 3.9767
0.3723 0.0040 102.4875 0.0000 261.3940 0.6051 3.9177
0.2375 0.0032 102.4883 0.0000 267.0520 0.5972 3.8876
0.3367 0.0015 102.4669 0.0115 270.6122 0.5960 3.9139
0.6006 0.0005 102.4316 37.8335 269.1039 0.5994 4.0670
