-2.0604 0.0002 102.6413 146.8306 247.5739 0.4902 4.3701
-0.1516 0.0000 102.6640 302.9087 232.8441 0.5092 4.0046
2.6490 0.0000 102.6383 449.8493 230.3019 0.4906 4.0170
4.3884 0.0000 102.5429 556.1813 226.8083 0.4631 3.4582
5.2837 0.0000 102.4165 581.9635 224.5909 0.4569 2.8233
5.9141 0.0000 102.3077 527.2266 226.0186 0.4575 2.4557
6.3282 0.0000 102.2252 410.0111 228.1152 0.4576 2.3153
6.3913 0.0000 102.1827 247.5890 230.1772 0.4598 2.4014
6.1091 0.0000 102.1723 75.6392 231.2542 0.4659 2.8272
5.6190 0.0000 102.1728 0.3128 231.2086 0.4716 3.7064
5.0322 0.0000 102.1752 0.0000 230.8988 0.4767 4.6252
4.3654 0.0000 102.1565 0.0000 230.6001 0.4844 5.3549
3.6839 0.0000 102.1449 0.0000 230.3283 0.4936 5.5995
3.0770 0.0000 102.1665 0.0000 230.1820 0.5026 5.3599
2.5639 0.0000 102.1664 0.0000 230.1243 0.5114 5.4147
2.0555 0.0000 102.1319 0.0000 230.1159 0.5191 5.6549
1.5695 0.0000 102.1189 0.0000 233.2374 0.5253 5.2443
1.1908 0.0000 102.1238 0.0000 242.2983 0.5304 4.8052
0.9172 0.0000 102.1060 0.0000 248.0170 0.5347 4.7878
0.7050 0.0000 102.0583 0.0000 255.1398 0.5395 5.0457
0.5354 0.0000 102.0055 0.0000 255.9984 0.5471 5.4700
0.4319 0.0000 101.9676 0.0000 258.0299 0.5593 5.7804
0.3211 0.0001 101.9261 0.0000 264.1335 0.5726 5.9547
0.1212 0.0005 101.8948 23.6873 269.7963 0.5830 5.7510
