-0.7655 0.0004 99.2316 174.4660 254.6017 0.5428 4.6157
1.4338 0.0000 99.2504 402.5598 215.3933 0.5623 4.2141
4.3344 0.0000 99.2212 542.2336 220.2250 0.5462 4.0715
6.5021 0.0000 99.1377 620.5880 227.1613 0.5092 3.4777
7.6972 0.0000 99.0330 629.5172 232.1029 0.5018 2.9997
8.4428 0.0000 98.9350 570.7727 236.5440 0.5033 3.0608
8.7437 0.0000 98.8664 444.7267 240.6951 0.5091 3.3582
8.6364 0.0000 98.8335 279.2301 242.6429 0.5137 3.6603
8.0074 0.0000 98.8254 97.6065 243.1355 0.5261 4.1505
6.9716 0.0000 98.8344 1.5777 241.6168 0.5348 4.8609
5.8717 0.0000 98.8479 0.0000 239.2600 0.5370 5.0724
4.9392 0.0000 98.8481 0.0000 236.9776 0.5391 4.6192
4.2665 0.0000 98.8512 0.0000 235.3317 0.5398 4.1554
3.7928 0.0000 98.8559 0.0000 242.4639 0.5400 3.8396
3.4585 0.0000 98.8502 0.0000 246.6965 0.5406 3.4370
3.2273 0.0000 98.8291 0.0000 256.1505 0.5411 3.2197
3.0939 0.0000 98.7989 0.0000 263.5534 0.5425 3.0774
3.0135 0.0000 98.7691 0.0000 269.5409 0.5451 2.9735
2.9125 0.0000 98.7435 0.0000 273.4981 0.5478 2.8090
2.7956 0.0000 98.7062 0.0000 275.0773 0.5500 3.0061
2.6342 0.0000 98.6774 0.0000 277.1366 0.5520 3.3096
2.5964 0.0000 98.6571 0.0000 275.6023 0.5545 3.6872
2.6852 0.0000 98.6188 0.0000 274.7581 0.5573 4.1835
2.8146 0.0000 98.6190 33.4684 269.2197 0.5602 3.6951
