-2.3297 0.0001 102.7390 170.0601 230.3270 0.4748 3.9146
-0.3698 0.0000 102.7578 329.7008 220.5419 0.4887 3.3753
2.3678 0.0000 102.7303 453.7716 225.2276 0.4530 2.8699
3.9620 0.0000 102.6370 538.2338 227.1620 0.4257 2.2470
4.6794 0.0000 102.5162 551.4598 227.1654 0.4243 1.8470
5.1454 0.0000 102.4149 493.1803 228.6664 0.4277 1.6385
5.4126 0.0000 102.3394 387.2355 227.2067 0.4301 1.6296
5.3871 0.0000 102.2988 234.1350 226.2994 0.4326 1.7774
5.0276 0.0000 102.2876 66.2998 227.0734 0.4364 2.2773
4.4785 0.0000 102.2921 0.0738 226.7479 0.4380 3.0253
3.8944 0.0000 102.2983 0.0000 225.9271 0.4386 3.6154
3.3211 0.0000 102.2800 0.0000 225.1036 0.4397 4.1479
2.8053 0.0000 102.2577 0.0000 224.7880 0.4423 4.4629
2.3920 0.0000 102.2624 0.0000 225.1654 0.4472 4.4008
2.0572 0.0000 102.2815 0.0000 225.9371 0.4553 4.2278
1.7186 0.0000 102.2591 0.0000 226.7864 0.4651 4.2790
1.3531 0.0000 102.2391 0.0000 227.9698 0.4768 4.1404
1.0157 0.0000 102.2395 0.0000 234.4240 0.4905 3.7691
0.7319 0.0000 102.2219 0.0000 241.7912 0.5046 3.7016
0.4853 0.0000 102.1673 0.0000 248.5306 0.5201 3.9593
0.2428 0.0000 102.1109 0.0000 254.0060 0.5357 4.4386
0.0136 0.0003 102.0690 0.0000 250.6955 0.5500 4.8500
-0.2869 0.0019 102.0424 0.0000 254.6148 0.5586 5.0012
-0.6187 0.0034 102.0110 26.8817 264.4156 0.5603 4.8212
