-0.6973 0.0008 102.6145 131.8876 264.4496 0.5353 4.6816
0.9794 0.0000 102.6332 309.5373 239.0904 0.5415 4.6289
3.2074 0.0000 102.5983 470.8933 232.8857 0.5203 4.6568
5.0022 0.0000 102.4991 577.2937 230.0753 0.4922 4.2404
6.0286 0.0000 102.3807 601.0823 229.1173 0.4894 3.6695
6.7459 0.0000 102.2706 546.8761 230.7897 0.4920 3.3494
7.1460 0.0000 102.1916 427.7291 233.2511 0.4951 3.2977
7.2135 0.0000 102.1484 263.4356 235.2761 0.4970 3.3838
6.8689 0.0000 102.1386 85.4559 236.5998 0.5060 3.7933
6.3101 0.0000 102.1391 0.6999 236.8402 0.5122 4.6567
5.7549 0.0000 102.1396 0.0000 236.8103 0.5138 5.3353
5.1892 0.0000 102.1237 0.0000 236.5410 0.5190 5.5948
4.6289 0.0000 102.1203 0.0000 236.0328 0.5283 5.2827
4.1016 0.0000 102.1342 0.0000 235.4496 0.5386 4.8696
3.5936 0.0000 102.1263 0.0000 235.3466 0.5477 4.8510
3.0747 0.0000 102.0988 0.0000 237.1103 0.5551 4.7217
2.6194 0.0000 102.0773 0.0000 245.8212 0.5603 4.2429
2.2802 0.0000 102.0655 0.0000 253.1449 0.5641 3.8022
1.9767 0.0000 102.0453 0.0000 260.1558 0.5669 3.8249
1.6561 0.0000 102.0065 0.0000 263.1449 0.5688 4.1902
1.3666 0.0000 101.9727 0.0000 266.5373 0.5701 4.7003
1.2395 0.0000 101.9445 0.0000 270.9020 0.5719 5.0043
1.2570 0.0000 101.9038 0.0000 271.1905 0.5743 5.3480
1.3658 0.0000 101.8767 29.7300 265.7557 0.5775 5.0744
