-0.4698 0.0006 102.2830 138.2457 262.2242 0.5405 4.7660
1.1949 0.0000 102.3006 332.1924 232.5765 0.5443 4.6639
3.5016 0.0000 102.2654 491.6068 228.6628 0.5184 4.7074
5.3164 0.0000 102.1669 588.6949 228.7419 0.4901 4.3362
6.3307 0.0000 102.0494 607.2204 229.4559 0.4885 3.8172
7.0278 0.0000 101.9419 552.1891 231.5767 0.4922 3.5754
7.3827 0.0000 101.8651 431.3545 234.5163 0.4976 3.6024
7.3829 0.0000 101.8241 266.6989 236.6249 0.5019 3.7124
6.9584 0.0000 101.8150 87.9928 237.9323 0.5138 4.1441
6.3063 0.0000 101.8169 0.8707 237.9917 0.5218 4.9957
5.6932 0.0000 101.8163 0.0000 237.6664 0.5226 5.5365
5.1128 0.0000 101.8046 0.0000 237.0900 0.5256 5.5621
4.5733 0.0000 101.8041 0.0000 236.3590 0.5318 5.0549
4.0825 0.0000 101.8134 0.0000 235.8736 0.5392 4.6139
3.6177 0.0000 101.8032 0.0000 236.6981 0.5465 4.4693
3.1624 0.0000 101.7788 0.0000 240.5018 0.5530 4.1814
2.7774 0.0000 101.7556 0.0000 250.2199 0.5578 3.6825
2.4904 0.0000 101.7373 0.0000 256.4546 0.5615 3.2921
2.2042 0.0000 101.7153 0.0000 263.0390 0.5647 3.3069
1.8743 0.0000 101.6802 0.0000 265.4186 0.5677 3.6487
1.5699 0.0000 101.6482 0.0000 269.0204 0.5700 4.1051
1.4451 0.0000 101.6213 0.0000 272.3336 0.5720 4.3879
1.4910 0.0000 101.5786 0.0000 271.2320 0.5737 4.7677
1.6597 0.0000 101.5585 29.8959 267.1570 0.5753 4.4242
