1.7000 0.0000 101.7392 146.8148 262.0570 0.6331 5.3954
3.3388 0.0000 101.7730 328.2930 246.9477 0.6326 5.3442
5.4571 0.0000 101.7562 479.7773 245.4755 0.6193 5.0623
7.2439 0.0000 101.6808 584.2529 242.8902 0.5863 4.5780
8.5134 0.0000 101.5624 607.2329 245.0854 0.5584 4.1405
9.4084 0.0000 101.4418 562.4517 246.8589 0.5418 3.9482
9.9332 0.0000 101.3536 444.2204 249.1767 0.5348 3.9444
10.0439 0.0000 101.2964 287.5450 250.5227 0.5332 4.0755
9.7234 0.0000 101.2828 111.2784 252.1715 0.5415 4.0475
9.0846 0.0000 101.3029 4.7551 253.6679 0.5507 3.8668
8.3370 0.0000 101.3485 0.0000 254.7948 0.5534 3.7999
7.5302 0.0000 101.3601 0.0000 266.9760 0.5601 4.0247
6.7804 0.0000 101.3914 0.0000 276.1750 0.5715 3.6615
6.1489 0.0000 101.4027 0.0000 279.9045 0.5814 3.5117
5.5526 0.0000 101.3777 0.0000 281.6139 0.5893 3.8342
4.9896 0.0000 101.3418 0.0000 284.9349 0.5968 4.2569
4.5429 0.0000 101.3251 0.0000 287.1094 0.6030 4.2971
4.2339 0.0000 101.2925 0.0000 288.2939 0.6057 4.3568
4.0379 0.0000 101.2538 0.0000 288.4451 0.6075 4.2785
3.9136 0.0000 101.2066 0.0000 286.9130 0.6082 4.1537
3.8208 0.0000 101.1415 0.0000 284.0344 0.6076 4.4311
3.7024 0.0000 101.0851 0.0000 263.9744 0.6102 4.5228
3.5630 0.0000 101.1370 0.0000 251.1810 0.6179 2.9924
3.4492 0.0000 101.1658 27.9305 260.8074 0.6230 2.3781
