0.8649 0.0002 101.0898 158.4332 248.7136 0.5836 5.9875
2.7539 0.0000 101.1259 345.1094 235.3837 0.5825 5.8025
4.9530 0.0000 101.1077 493.8905 234.8785 0.5736 5.1535
6.9669 0.0000 101.0338 579.5971 239.1720 0.5408 3.9833
8.3537 0.0000 100.9154 598.3152 243.3528 0.5209 3.5168
9.2450 0.0000 100.7926 551.2846 246.0874 0.5191 3.3378
9.7759 0.0000 100.7072 434.5389 248.3669 0.5243 3.2548
9.9409 0.0000 100.6513 279.2034 249.4685 0.5307 3.2690
9.6544 0.0000 100.6342 105.5382 250.3072 0.5410 3.2958
8.9320 0.0000 100.6455 3.8991 251.1251 0.5509 3.5378
8.0065 0.0000 100.6934 0.0000 251.7282 0.5586 3.7975
7.0614 0.0000 100.7152 0.0000 256.5161 0.5673 3.9569
6.2321 0.0000 100.7367 0.0000 268.9180 0.5769 3.8406
5.5709 0.0000 100.7536 0.0000 273.4464 0.5850 3.6798
5.0172 0.0000 100.7399 0.0000 275.5912 0.5895 3.8512
4.5689 0.0000 100.7067 0.0000 278.5569 0.5895 4.1251
4.2826 0.0000 100.6848 0.0000 281.3591 0.5858 4.1135
4.1608 0.0000 100.6534 0.0000 284.5856 0.5801 4.0344
4.1644 0.0000 100.6105 0.0000 286.9884 0.5756 3.9313
4.2010 0.0000 100.5593 0.0000 288.3508 0.5733 3.8379
4.2162 0.0000 100.4935 0.0000 288.9104 0.5722 4.2593
4.1543 0.0000 100.4282 0.0000 283.1408 0.5752 4.8381
3.9903 0.0000 100.4657 0.0000 268.0553 0.5833 3.7660
3.7847 0.0000 100.5111 23.7798 268.7638 0.5902 2.9425
