-1.0823 0.0012 100.8410 173.0299 247.0755 0.5205 3.9083
0.9641 0.0000 100.8497 358.6429 229.2991 0.5295 3.9495
3.6862 0.0000 100.8122 513.3370 226.0159 0.5022 4.0728
5.6121 0.0000 100.7151 604.7792 227.1768 0.4746 3.5420
6.6524 0.0000 100.6010 618.3720 229.0256 0.4771 2.9447
7.3258 0.0000 100.5036 561.3453 230.9749 0.4852 2.7093
7.6894 0.0000 100.4323 439.4183 233.2707 0.4925 2.8192
7.6574 0.0000 100.3981 271.1026 234.7899 0.4991 3.0602
7.1238 0.0000 100.3909 87.4421 235.5168 0.5122 3.6716
6.2507 0.0000 100.4033 0.5653 235.2065 0.5216 4.5956
5.4181 0.0000 100.4076 0.0000 234.8602 0.5256 5.0173
4.7249 0.0000 100.3898 0.0000 234.6251 0.5305 5.0603
4.1515 0.0000 100.3815 0.0000 234.3669 0.5363 4.6873
3.7126 0.0000 100.3875 0.0000 234.2721 0.5415 4.2024
3.3945 0.0000 100.3863 0.0000 235.0951 0.5454 3.9781
3.1015 0.0000 100.3585 0.0000 237.1302 0.5474 3.8282
2.8581 0.0000 100.3322 0.0000 243.0572 0.5486 3.6665
2.6729 0.0000 100.3083 0.0000 249.5102 0.5498 3.3087
2.4690 0.0000 100.2846 0.0000 258.8112 0.5507 2.7852
2.2280 0.0000 100.2582 0.0000 263.9729 0.5516 2.4879
2.0181 0.0000 100.2376 0.0000 264.5647 0.5522 2.6989
1.9838 0.0000 100.2218 0.0000 267.8125 0.5535 3.2179
2.1102 0.0000 100.1871 0.0000 261.7084 0.5555 3.9569
2.3099 0.0000 100.1462 41.1538 255.3105 0.5574 4.4469
