-1.6651 0.0066 102.4260 161.6517 262.8232 0.5136 2.3123
0.2974 0.0004 102.4327 335.4577 249.2946 0.5388 2.6922
3.3058 0.0000 102.3893 475.9108 236.8984 0.5285 3.2937
5.0995 0.0000 102.2828 559.3912 239.6054 0.5019 2.8551
6.0971 0.0000 102.1639 586.3017 235.8047 0.5022 2.3006
6.8168 0.0000 102.0623 542.5978 232.0205 0.5062 1.9654
7.2441 0.0000 101.9867 421.6196 233.4778 0.5091 1.8708
7.2691 0.0000 101.9464 253.2912 234.3992 0.5126 2.0006
6.8785 0.0000 101.9373 74.0770 234.3663 0.5190 2.6372
6.1688 0.0000 101.9536 0.0875 233.4214 0.5241 3.7868
5.3771 0.0000 101.9632 0.0000 232.3778 0.5264 4.5926
4.6090 0.0000 101.9423 0.0000 231.3275 0.5281 5.1195
3.9628 0.0000 101.9203 0.0000 230.5091 0.5294 5.2733
3.4796 0.0000 101.9272 0.0000 230.1325 0.5317 4.8886
3.1202 0.0000 101.9439 0.0000 230.3540 0.5358 4.3402
2.7509 0.0000 101.9181 0.0000 230.7310 0.5408 4.0315
2.3417 0.0000 101.8931 0.0000 230.8183 0.5480 3.9617
1.9243 0.0000 101.8704 0.0000 232.0422 0.5589 3.7609
1.4891 0.0000 101.8499 0.0000 236.3238 0.5712 3.1460
1.0446 0.0002 101.8285 0.0000 245.4066 0.5829 2.7792
0.5987 0.0018 101.8191 0.0000 263.5832 0.5916 2.9698
0.2372 0.0052 101.8094 0.0000 276.7467 0.5950 3.5312
-0.0390 0.0107 101.7850 0.0000 282.1101 0.5950 4.2271
-0.0908 0.0041 101.7412 34.4708 278.6713 0.5968 4.8129
