-0.4167 0.0069 101.6187 165.8580 265.0128 0.5487 2.3210
1.3777 0.0015 101.6258 337.2648 256.7113 0.5658 2.4180
3.4434 0.0000 101.5795 529.1554 228.2211 0.5641 2.6882
5.3982 0.0000 101.4707 597.8653 233.1650 0.5249 2.4392
6.5251 0.0000 101.3471 606.9961 234.7564 0.5189 2.0767
7.2542 0.0000 101.2484 548.9781 234.9730 0.5224 1.8866
7.6604 0.0000 101.1772 424.3193 236.5731 0.5257 1.9572
7.6986 0.0000 101.1426 253.8872 237.4475 0.5284 2.1668
7.2686 0.0000 101.1356 73.3534 237.2284 0.5347 2.7874
6.4565 0.0000 101.1573 0.0691 235.6446 0.5399 3.7801
5.5711 0.0000 101.1729 0.0000 233.7138 0.5425 4.2583
4.7443 0.0000 101.1650 0.0000 232.1714 0.5450 4.4039
4.1111 0.0000 101.1462 0.0000 231.1801 0.5488 4.2531
3.6865 0.0000 101.1389 0.0000 230.9577 0.5549 3.7391
3.3523 0.0000 101.1426 0.0000 231.2515 0.5647 3.0998
2.9258 0.0000 101.1283 0.0000 231.6507 0.5757 2.7172
2.4224 0.0000 101.1060 0.0000 231.4445 0.5874 2.5160
1.9291 0.0000 101.0853 0.0000 231.8947 0.5988 2.4370
1.4406 0.0000 101.0451 0.0000 232.5972 0.6094 2.3352
0.9486 0.0005 101.0116 0.0000 245.7072 0.6142 2.3108
0.4435 0.0031 101.0205 0.0000 277.8743 0.6059 2.5577
0.1648 0.0060 101.0383 0.0000 285.2837 0.5969 2.5804
-0.0011 0.0133 101.0329 0.0116 286.2520 0.5938 2.5600
0.0137 0.0074 101.0005 39.9420 278.6609 0.5961 2.6935
