0.0794 0.0007 100.3835 160.4025 244.4177 0.5527 6.3407
2.0030 0.0001 100.4170 344.8015 232.2228 0.5524 6.0495
4.2461 0.0000 100.3955 495.2124 231.0531 0.5489 5.3257
6.3112 0.0000 100.3191 579.5806 235.7531 0.5247 3.9967
7.8662 0.0000 100.2007 596.7623 240.7193 0.5061 3.4147
8.8530 0.0000 100.0804 548.1791 244.2448 0.5078 3.2589
9.4677 0.0000 99.9943 431.2825 246.9830 0.5142 3.1593
9.6674 0.0000 99.9409 275.7088 248.2354 0.5227 3.1722
9.3167 0.0000 99.9238 102.6778 248.5314 0.5346 3.4154
8.3507 0.0000 99.9326 3.3582 247.8042 0.5472 4.1515
7.1575 0.0000 99.9780 0.0000 246.8023 0.5556 4.5557
6.0977 0.0000 100.0087 0.0000 247.1478 0.5608 4.4582
5.2906 0.0000 100.0233 0.0000 258.9951 0.5626 4.3707
4.7224 0.0000 100.0363 0.0000 266.1697 0.5628 4.0902
4.3243 0.0000 100.0283 0.0000 269.2196 0.5605 4.0319
4.0666 0.0000 99.9950 0.0000 273.5206 0.5555 4.1276
3.9569 0.0000 99.9680 0.0000 276.3456 0.5503 4.1359
3.9732 0.0000 99.9392 0.0000 280.7961 0.5458 4.0593
4.0700 0.0000 99.8970 0.0000 284.1512 0.5431 4.0588
4.1474 0.0000 99.8451 0.0000 286.6500 0.5427 4.0467
4.1626 0.0000 99.7845 0.0000 288.1332 0.5438 4.4017
4.0752 0.0000 99.7193 0.0000 287.5162 0.5478 5.0816
3.8560 0.0000 99.7408 0.0000 281.5253 0.5540 4.4346
3.6420 0.0000 99.7969 23.8598 268.2643 0.5585 3.4580
