-2.0696 0.0006 102.9283 174.1847 243.7356 0.4971 3.5828
0.2874 0.0000 102.9392 368.3912 216.7348 0.5174 3.4342
3.0678 0.0000 102.9067 490.0172 223.4291 0.4937 3.0808
4.2927 0.0000 102.8099 557.7325 228.4358 0.4771 2.4084
5.0339 0.0000 102.6930 571.4849 227.7501 0.4764 1.8898
5.5640 0.0000 102.5906 515.6438 227.8996 0.4804 1.5988
5.8868 0.0000 102.5195 397.3088 228.6078 0.4824 1.5217
5.8836 0.0000 102.4771 235.5719 228.6788 0.4851 1.6242
5.5571 0.0000 102.4679 64.0255 229.1215 0.4894 2.0296
5.0794 0.0000 102.4822 0.0206 229.0628 0.4928 2.7252
4.5747 0.0000 102.4883 0.0000 228.9004 0.4960 3.3551
4.0634 0.0000 102.4711 0.0000 228.4860 0.5007 4.0147
3.5658 0.0000 102.4459 0.0000 227.8700 0.5080 4.5245
3.0933 0.0000 102.4420 0.0000 227.5701 0.5195 4.6125
2.6512 0.0000 102.4625 0.0000 227.7686 0.5354 4.3660
2.1725 0.0000 102.4517 0.0000 228.2519 0.5523 4.3821
1.6323 0.0000 102.4157 0.0000 228.3595 0.5679 4.6035
1.0640 0.0000 102.4069 0.0000 229.6554 0.5820 4.2566
0.5438 0.0001 102.4053 0.0000 239.3567 0.5909 3.6927
0.0357 0.0027 102.3705 0.0000 255.0043 0.5918 3.5981
-0.4610 0.0077 102.3327 0.0000 271.1533 0.5837 3.7994
-0.8041 0.0061 102.2960 0.0000 273.9088 0.5749 4.1441
-1.1236 0.0075 102.2687 0.0000 276.7075 0.5660 4.4521
-1.2737 0.0074 102.2309 27.4441 281.4622 0.5576 4.4268
