0.1371 0.0012 101.4926 164.2761 249.9098 0.5687 6.1612
1.9267 0.0001 101.5171 366.6565 224.4462 0.5730 5.7629
4.2729 0.0000 101.4860 509.9817 227.3574 0.5615 5.6372
6.2688 0.0000 101.4006 591.7212 233.6233 0.5220 5.2278
7.4745 0.0000 101.2882 605.2617 238.6331 0.5015 4.7728
8.2331 0.0000 101.1788 552.4007 242.1316 0.4976 4.6802
8.6141 0.0000 101.0980 433.3705 245.0755 0.5004 4.7337
8.6206 0.0000 101.0536 274.8985 246.1202 0.5057 4.9564
8.0750 0.0000 101.0384 99.7199 245.7398 0.5237 5.3884
7.0272 0.0000 101.0469 2.4820 243.4272 0.5419 6.3606
6.0209 0.0000 101.0671 0.0000 240.8387 0.5484 6.7658
5.2259 0.0000 101.0876 0.0000 239.1580 0.5528 6.3706
4.6253 0.0000 101.0906 0.0000 243.3552 0.5544 6.1163
4.1767 0.0000 101.0999 0.0000 253.6633 0.5554 5.6036
3.8611 0.0000 101.0884 0.0000 260.5047 0.5552 5.1763
3.6265 0.0000 101.0586 0.0000 267.0507 0.5537 4.9996
3.4572 0.0000 101.0324 0.0000 271.9270 0.5520 4.9474
3.3168 0.0000 101.0065 0.0000 275.8267 0.5516 4.9446
3.1665 0.0000 100.9722 0.0000 279.1307 0.5523 5.1064
2.9548 0.0000 100.9222 0.0000 282.7115 0.5548 5.2765
2.7089 0.0000 100.8821 0.0000 283.6757 0.5588 5.3704
2.4809 0.0000 100.8342 0.0000 283.3125 0.5649 5.6475
2.3343 0.0000 100.8106 0.0000 279.2506 0.5725 5.3949
2.3050 0.0000 100.8546 28.7664 263.4725 0.5783 4.1591
