-0.5555 0.0014 99.8336 159.4435 243.3444 0.5354 6.6970
1.2798 0.0001 99.8646 344.2918 229.5959 0.5348 6.3755
3.4705 0.0000 99.8384 495.0925 228.6960 0.5337 5.7593
5.4561 0.0000 99.7601 580.9782 232.6108 0.5177 4.6181
7.1007 0.0000 99.6424 598.1082 237.4059 0.4985 3.7230
8.2052 0.0000 99.5260 547.6883 241.6699 0.4990 3.4319
8.9104 0.0000 99.4377 430.1556 245.0102 0.5032 3.2584
9.1344 0.0000 99.3882 274.1965 246.3290 0.5113 3.3060
8.6992 0.0000 99.3711 101.0752 246.2372 0.5245 3.8199
7.4755 0.0000 99.3796 2.9644 244.2451 0.5397 5.0210
6.0306 0.0000 99.4216 0.0000 241.6160 0.5478 5.4181
4.8788 0.0000 99.4555 0.0000 239.9505 0.5496 5.0737
4.1073 0.0000 99.4675 0.0000 248.6657 0.5456 4.8809
3.6571 0.0000 99.4738 0.0000 258.9876 0.5395 4.3460
3.4441 0.0000 99.4664 0.0000 262.9276 0.5318 4.1139
3.3917 0.0000 99.4309 0.0000 269.0631 0.5242 4.1673
3.4706 0.0000 99.4017 0.0000 272.3402 0.5203 4.2771
3.6295 0.0000 99.3755 0.0000 277.2094 0.5192 4.3262
3.7968 0.0000 99.3346 0.0000 281.5218 0.5195 4.4887
3.8832 0.0000 99.2827 0.0000 284.7426 0.5217 4.5523
3.8648 0.0000 99.2301 0.0000 286.4357 0.5252 4.7610
3.7101 0.0000 99.1693 0.0000 287.0769 0.5302 5.3999
3.3996 0.0000 99.1757 0.0000 286.0297 0.5354 5.0574
3.1906 0.0000 99.2347 24.5800 265.7688 0.5385 3.9311
