-2.2608 0.0022 102.9607 167.7262 255.4309 0.5009 2.9450
0.3797 0.0001 102.9676 373.5936 224.5135 0.5374 3.1657
3.2715 0.0000 102.9314 513.1914 222.2454 0.5312 3.1657
4.5234 0.0000 102.8286 565.2475 231.2348 0.5166 2.5098
5.2993 0.0000 102.7149 572.1686 231.9212 0.5139 1.9297
5.8755 0.0000 102.6167 518.1449 231.0329 0.5153 1.5729
6.2432 0.0000 102.5428 401.2788 230.7297 0.5150 1.4271
6.2571 0.0000 102.5009 235.4101 231.5226 0.5173 1.4453
5.9526 0.0000 102.4918 62.8453 231.4734 0.5220 1.7139
5.5221 0.0000 102.5111 0.0075 230.9169 0.5266 2.3100
5.0748 0.0000 102.5215 0.0000 230.4985 0.5316 2.9830
4.6092 0.0000 102.5038 0.0000 230.1452 0.5385 3.7677
4.1420 0.0000 102.4753 0.0000 229.7333 0.5494 4.4802
3.6585 0.0000 102.4679 0.0000 229.4624 0.5651 4.7852
3.1396 0.0000 102.4851 0.0000 229.2738 0.5838 4.6602
2.5425 0.0000 102.4782 0.0000 229.2774 0.6003 4.5742
1.8938 0.0000 102.4440 0.0000 228.9224 0.6136 4.8500
1.2387 0.0000 102.4273 0.0000 229.2130 0.6228 4.8443
0.5928 0.0002 102.4189 0.0000 240.9089 0.6228 4.1549
-0.0769 0.0048 102.4039 0.0000 266.8672 0.6094 3.7309
-0.6677 0.0141 102.3802 0.0000 286.9120 0.5878 3.7495
-0.9010 0.0094 102.3571 0.0000 287.4723 0.5752 3.7943
-0.9096 0.0059 102.3314 0.0000 284.2670 0.5724 4.0720
-0.7627 0.0040 102.2912 29.8204 281.0952 0.5737 4.2932
