-1.9117 0.0024 102.8910 171.8670 257.2013 0.5122 2.6795
0.3773 0.0002 102.9016 368.7848 233.1519 0.5449 2.8764
3.2344 0.0000 102.8626 502.4835 229.3606 0.5410 3.0941
4.5441 0.0000 102.7625 554.2673 237.6543 0.5253 2.5299
5.3429 0.0000 102.6485 571.8087 235.4649 0.5198 1.9494
5.9563 0.0000 102.5515 525.1413 232.4354 0.5176 1.6195
6.3403 0.0000 102.4749 407.8503 231.7715 0.5160 1.4859
6.4077 0.0000 102.4358 240.9871 232.3950 0.5157 1.4979
6.1438 0.0000 102.4267 65.8559 232.3031 0.5191 1.7928
5.7270 0.0000 102.4435 0.0148 231.5801 0.5235 2.4404
5.3092 0.0000 102.4539 0.0000 231.0411 0.5278 3.1310
4.8869 0.0000 102.4339 0.0000 230.6060 0.5344 3.8781
4.4658 0.0000 102.4054 0.0000 230.4209 0.5451 4.4869
4.0226 0.0000 102.3981 0.0000 230.4056 0.5614 4.6758
3.5574 0.0000 102.4154 0.0000 230.6013 0.5812 4.4651
2.9981 0.0000 102.4009 0.0000 230.8417 0.5994 4.3620
2.3752 0.0000 102.3744 0.0000 230.4967 0.6144 4.5737
1.7596 0.0000 102.3524 0.0000 230.1967 0.6269 4.6070
1.1650 0.0001 102.3387 0.0000 238.7561 0.6325 4.0231
0.5599 0.0015 102.3190 0.0000 260.6356 0.6264 3.6134
-0.0006 0.0068 102.3066 0.0000 279.1853 0.6129 3.7280
-0.3163 0.0070 102.2985 0.0000 289.2298 0.6002 3.8839
-0.3367 0.0059 102.2756 0.0005 290.5655 0.5960 4.1049
-0.0864 0.0019 102.2367 31.1164 284.3024 0.6008 4.3188
