1.5067 0.0000 101.7816 153.7795 255.2274 0.6195 5.8936
3.2463 0.0000 101.8182 342.5333 239.4441 0.6163 5.8670
5.3351 0.0000 101.7992 490.5499 239.6987 0.6014 5.4837
7.1447 0.0000 101.7259 582.7119 241.4955 0.5667 4.8037
8.3949 0.0000 101.6075 603.3883 244.3758 0.5437 4.1422
9.3061 0.0000 101.4842 557.2818 246.5949 0.5329 3.7564
9.8414 0.0000 101.3961 439.9807 248.8514 0.5317 3.6059
9.9947 0.0000 101.3389 284.1149 250.0663 0.5334 3.6622
9.7255 0.0000 101.3225 108.9664 251.6150 0.5422 3.6541
9.0987 0.0000 101.3389 4.4438 253.5022 0.5509 3.6356
8.2997 0.0000 101.3873 0.0000 254.7740 0.5562 3.6759
7.4147 0.0000 101.3998 0.0000 265.1570 0.5658 3.9812
6.5800 0.0000 101.4307 0.0000 274.9037 0.5801 3.6978
5.8999 0.0000 101.4452 0.0000 278.6810 0.5923 3.4396
5.2987 0.0000 101.4228 0.0000 279.8906 0.6005 3.7693
4.7586 0.0000 101.3869 0.0000 282.8941 0.6055 4.2802
4.3736 0.0000 101.3702 0.0000 285.7269 0.6071 4.3702
4.1582 0.0000 101.3376 0.0000 287.3942 0.6047 4.4479
4.0589 0.0000 101.2957 0.0000 288.8400 0.6023 4.3794
4.0132 0.0000 101.2454 0.0000 288.7343 0.6007 4.2536
3.9696 0.0000 101.1798 0.0000 287.5502 0.5990 4.6275
3.8623 0.0000 101.1206 0.0000 272.8122 0.6019 4.9328
3.6963 0.0000 101.1693 0.0000 252.3438 0.6118 3.4412
3.5271 0.0000 101.2009 25.7741 264.4857 0.6200 2.7012
