-1.2676 0.0009 102.8395 129.7385 262.9362 0.5216 4.5106
0.5660 0.0000 102.8621 282.8853 246.2488 0.5336 4.4358
2.8047 0.0000 102.8285 438.1381 237.8392 0.5219 4.4709
4.5170 0.0000 102.7331 554.7160 232.1298 0.4937 3.9307
5.5503 0.0000 102.6140 588.7110 228.4127 0.4843 3.2702
6.2842 0.0000 102.5035 536.6864 229.0280 0.4833 2.8530
6.7252 0.0000 102.4159 419.8612 230.6407 0.4819 2.6948
6.8752 0.0000 102.3723 256.4487 232.6896 0.4803 2.7691
6.6306 0.0000 102.3618 80.7675 233.9664 0.4856 3.1245
6.1864 0.0000 102.3623 0.4689 234.2114 0.4907 3.9326
5.6831 0.0000 102.3647 0.0000 234.2316 0.4957 4.7900
5.1193 0.0000 102.3456 0.0000 234.1897 0.5059 5.4204
4.5178 0.0000 102.3358 0.0000 233.9531 0.5201 5.5073
3.9217 0.0000 102.3567 0.0000 233.6421 0.5338 5.2402
3.3386 0.0000 102.3553 0.0000 233.2077 0.5454 5.4439
2.7191 0.0000 102.3207 0.0000 232.8785 0.5541 5.6784
2.1409 0.0000 102.3005 0.0000 237.0514 0.5599 5.3027
1.6919 0.0000 102.3053 0.0000 248.1158 0.5637 4.8613
1.3624 0.0000 102.2865 0.0000 254.1927 0.5650 4.9232
1.1024 0.0000 102.2417 0.0000 258.5076 0.5646 5.3090
0.8891 0.0000 102.2018 0.0000 262.5332 0.5648 5.8266
0.7734 0.0000 102.1657 0.0000 267.0630 0.5683 6.1217
0.7123 0.0000 102.1296 0.0000 270.6404 0.5754 6.3417
0.6250 0.0000 102.0923 25.2476 269.9261 0.5849 6.0915
