-2.0531 0.0025 103.0355 171.7036 258.0402 0.5113 2.8688
0.3822 0.0002 103.0457 367.7904 232.7383 0.5496 2.9952
3.2169 0.0000 103.0095 517.4983 224.5425 0.5481 3.0155
4.4617 0.0000 102.9067 571.4297 231.9455 0.5323 2.3745
5.2241 0.0000 102.7923 567.9208 235.2528 0.5266 1.7798
5.8040 0.0000 102.6980 516.4168 233.2985 0.5248 1.4117
6.1698 0.0000 102.6241 400.9532 232.0276 0.5233 1.2497
6.2289 0.0000 102.5822 234.6820 232.6737 0.5238 1.2419
5.9869 0.0000 102.5731 61.8384 232.4999 0.5277 1.4328
5.6379 0.0000 102.5930 0.0033 231.7646 0.5329 1.9291
5.2842 0.0000 102.6034 0.0000 231.2480 0.5392 2.5566
4.9059 0.0000 102.5863 0.0000 230.9768 0.5488 3.3627
4.4957 0.0000 102.5579 0.0000 230.8872 0.5639 4.1834
3.9999 0.0000 102.5427 0.0000 230.8390 0.5853 4.6906
3.4230 0.0000 102.5599 0.0000 230.6982 0.6089 4.7418
2.7591 0.0000 102.5543 0.0000 230.5540 0.6274 4.6775
2.0707 0.0000 102.5271 0.0000 229.9791 0.6376 4.8972
1.4269 0.0000 102.5028 0.0000 230.1977 0.6403 5.0372
0.7856 0.0002 102.4867 0.0000 241.9297 0.6336 4.4150
0.1434 0.0030 102.4730 0.0000 265.1717 0.6173 3.7586
-0.3572 0.0072 102.4595 0.0000 279.4290 0.5986 3.7047
-0.5536 0.0055 102.4498 0.0000 284.1893 0.5879 3.6913
-0.5028 0.0032 102.4242 0.0004 282.5356 0.5860 3.8752
-0.2469 0.0013 102.3878 33.5388 277.2791 0.5901 4.1189
