-1.2583 0.0031 101.8690 170.3096 251.7460 0.5207 3.3786
0.6304 0.0002 101.8760 322.4778 245.1858 0.5358 3.5893
3.4478 0.0000 101.8336 487.9147 233.1707 0.5137 3.9404
5.3565 0.0000 101.7312 587.3922 231.3218 0.4847 3.4777
6.4322 0.0000 101.6078 604.0126 232.2194 0.4858 2.8481
7.1508 0.0000 101.5080 553.9257 231.5094 0.4921 2.5165
7.5670 0.0000 101.4355 432.8321 233.3271 0.4970 2.4904
7.5887 0.0000 101.3950 264.9501 234.5347 0.5022 2.7016
7.1495 0.0000 101.3867 82.7491 234.8316 0.5131 3.3442
6.4404 0.0000 101.4025 0.3182 234.3995 0.5212 4.3815
5.7675 0.0000 101.4058 0.0000 234.2501 0.5270 4.9979
5.1237 0.0000 101.3787 0.0000 234.3170 0.5345 5.3862
4.4561 0.0000 101.3667 0.0000 234.1943 0.5417 5.3462
3.8717 0.0000 101.3790 0.0000 233.9297 0.5466 4.9045
3.4549 0.0000 101.3866 0.0000 233.9043 0.5492 4.6094
3.0840 0.0000 101.3587 0.0000 234.3718 0.5496 4.5144
2.7563 0.0000 101.3297 0.0000 236.3075 0.5495 4.4600
2.4826 0.0000 101.3100 0.0000 242.9792 0.5501 4.1012
2.2167 0.0000 101.2906 0.0000 249.9307 0.5509 3.4111
1.9362 0.0000 101.2627 0.0000 260.5768 0.5519 3.0136
1.6834 0.0000 101.2498 0.0000 261.2519 0.5534 3.2285
1.5854 0.0000 101.2308 0.0000 263.7757 0.5566 3.9371
1.6512 0.0000 101.2038 0.0000 264.7641 0.5620 4.7417
1.7702 0.0000 101.1542 44.6349 246.6462 0.5672 5.4484
