-2.0767 0.0017 102.8485 166.9514 251.6438 0.5008 3.2579
0.3057 0.0001 102.8606 365.3000 223.8875 0.5278 3.4238
3.2289 0.0000 102.8234 483.3482 228.8222 0.5135 3.4932
4.5793 0.0000 102.7238 547.1425 235.3931 0.4972 2.8308
5.4164 0.0000 102.6086 579.1200 229.8613 0.4956 2.2256
6.0378 0.0000 102.5040 528.1928 228.7414 0.4984 1.8931
6.4407 0.0000 102.4259 408.9656 229.7893 0.4992 1.7754
6.4710 0.0000 102.3850 242.8082 230.9108 0.5021 1.8416
6.1553 0.0000 102.3759 68.4346 231.3331 0.5078 2.2503
5.6643 0.0000 102.3914 0.0537 231.1091 0.5135 3.0818
5.1195 0.0000 102.3985 0.0000 230.8470 0.5181 3.9238
4.5404 0.0000 102.3781 0.0000 230.3174 0.5229 4.7160
3.9787 0.0000 102.3529 0.0000 229.6926 0.5285 5.1959
3.4882 0.0000 102.3569 0.0000 229.3514 0.5366 5.0971
3.0710 0.0000 102.3764 0.0000 229.4310 0.5473 4.7073
2.6185 0.0000 102.3542 0.0000 229.7598 0.5587 4.6796
2.0938 0.0000 102.3184 0.0000 229.6200 0.5718 4.8392
1.5198 0.0000 102.3126 0.0000 230.8496 0.5869 4.4815
0.9720 0.0001 102.3085 0.0000 239.8148 0.5985 3.9023
0.4315 0.0025 102.2815 0.0000 258.5544 0.6009 3.8695
-0.1084 0.0095 102.2504 0.0000 275.5484 0.5943 4.1279
-0.4572 0.0073 102.2217 0.0000 282.6274 0.5868 4.4597
-0.6716 0.0067 102.1937 0.0000 285.8814 0.5818 4.7864
-0.6712 0.0049 102.1504 25.7459 287.3453 0.5801 4.8555
