1.7231 0.0038 103.0172 200.8163 259.3864 0.6226 4.9585
3.3469 0.0003 103.0318 382.3476 245.5950 0.6253 4.5706
5.0401 0.0000 102.9812 543.2864 230.7605 0.6120 4.0404
6.2036 0.0000 102.8799 605.1859 234.7820 0.5906 3.5113
7.0516 0.0000 102.7656 593.9533 239.2291 0.5750 3.0172
7.6329 0.0000 102.6684 522.5132 241.4707 0.5669 2.7331
7.9243 0.0000 102.6021 402.5005 240.1151 0.5644 2.6584
7.9300 0.0000 102.5721 233.3607 240.0227 0.5658 2.6481
7.6651 0.0000 102.5680 57.9805 240.1394 0.5741 2.8970
7.2122 0.0000 102.5910 0.0000 239.5019 0.5895 3.5042
6.7113 0.0000 102.6128 0.0000 238.2465 0.6062 4.0182
6.1696 0.0000 102.6064 0.0000 237.0666 0.6234 4.5020
5.6300 0.0000 102.5884 0.0000 235.8701 0.6408 4.9284
5.1477 0.0000 102.5652 0.0000 234.7333 0.6574 5.1557
4.8103 0.0000 102.5618 0.0000 234.0029 0.6681 4.9417
4.4404 0.0000 102.5499 0.0000 233.7072 0.6714 4.6302
4.0193 0.0000 102.5306 0.0000 232.7998 0.6695 4.5304
3.6539 0.0000 102.5153 0.0000 232.0953 0.6640 4.4579
3.3184 0.0001 102.4737 0.0000 233.8721 0.6563 4.3905
3.0018 0.0003 102.4261 0.0000 236.1458 0.6485 4.3232
2.7269 0.0002 102.4234 0.0000 236.9480 0.6441 4.3897
2.6505 0.0001 102.4599 0.0000 241.7339 0.6410 4.5480
2.7235 0.0001 102.4763 0.2527 254.8043 0.6389 4.3921
2.8831 0.0000 102.4477 56.5983 254.0977 0.6376 4.1732
