-2.4976 0.0001 102.4770 149.3954 240.5192 0.4708 4.2060
-0.6093 0.0000 102.5008 308.1628 227.0529 0.4901 3.6448
2.2237 0.0000 102.4803 449.1520 226.2465 0.4694 3.3934
4.2163 0.0000 102.3850 547.2939 225.7124 0.4362 2.9038
5.0356 0.0000 102.2586 564.3034 225.4991 0.4328 2.3990
5.5973 0.0000 102.1551 512.0987 226.1136 0.4346 2.1322
5.9476 0.0000 102.0736 402.8450 226.1406 0.4364 2.0710
5.9558 0.0000 102.0312 241.6568 227.9772 0.4395 2.1926
5.6173 0.0000 102.0207 72.1523 228.8872 0.4444 2.7264
5.0556 0.0000 102.0212 0.2145 228.5332 0.4479 3.6773
4.3979 0.0000 102.0236 0.0000 227.8988 0.4503 4.5416
3.6917 0.0000 102.0092 0.0000 227.3263 0.4536 5.2124
3.0126 0.0000 101.9923 0.0000 226.9893 0.4581 5.4717
2.4401 0.0000 102.0086 0.0000 227.0429 0.4637 5.2721
1.9840 0.0000 102.0213 0.0000 227.3013 0.4710 5.1873
1.5566 0.0000 101.9867 0.0000 227.6490 0.4791 5.2913
1.1474 0.0000 101.9738 0.0000 230.9967 0.4868 4.8879
0.8268 0.0000 101.9786 0.0000 239.6051 0.4947 4.5203
0.5841 0.0000 101.9598 0.0000 244.8892 0.5032 4.5271
0.3880 0.0000 101.9067 0.0000 253.1871 0.5139 4.8289
0.2110 0.0000 101.8476 0.0000 250.8866 0.5285 5.2831
0.0608 0.0000 101.8044 0.0000 246.3427 0.5460 5.5909
-0.1240 0.0001 101.7692 0.0000 250.7223 0.5596 5.7062
-0.3961 0.0010 101.7368 26.1882 261.0100 0.5668 5.4842
