-1.1348 0.0018 102.6482 141.2087 262.8049 0.5258 4.2063
0.7123 0.0001 102.6642 302.8557 244.6562 0.5381 4.2724
3.1679 0.0000 102.6272 459.3557 236.6422 0.5205 4.3860
4.9432 0.0000 102.5265 569.0008 232.4915 0.4926 3.8567
5.9923 0.0000 102.4069 597.6320 229.8826 0.4888 3.2282
6.7157 0.0000 102.2988 545.2454 230.3662 0.4916 2.8683
7.1501 0.0000 102.2189 426.5847 232.0977 0.4933 2.7726
7.2405 0.0000 102.1765 261.0154 233.7655 0.4948 2.8866
6.9078 0.0000 102.1674 82.1062 234.8014 0.5030 3.3603
6.3500 0.0000 102.1717 0.4266 234.9417 0.5097 4.3061
5.7721 0.0000 102.1741 0.0000 235.0124 0.5144 5.1104
5.1687 0.0000 102.1524 0.0000 234.9778 0.5224 5.6373
4.5412 0.0000 102.1415 0.0000 234.7400 0.5330 5.6243
3.9531 0.0000 102.1584 0.0000 234.4080 0.5429 5.2193
3.4342 0.0000 102.1605 0.0000 234.0954 0.5502 5.1241
2.9197 0.0000 102.1300 0.0000 233.9260 0.5546 5.1393
2.4558 0.0000 102.1052 0.0000 238.4439 0.5573 4.8185
2.0985 0.0000 102.0978 0.0000 246.3409 0.5598 4.2744
1.7968 0.0000 102.0814 0.0000 253.8652 0.5618 4.0324
1.5023 0.0000 102.0435 0.0000 259.6787 0.5634 4.2038
1.2368 0.0000 102.0153 0.0000 262.2391 0.5657 4.6949
1.1131 0.0000 101.9888 0.0000 266.7443 0.5697 5.1679
1.0965 0.0001 101.9530 0.0000 269.0943 0.5743 5.6100
1.1476 0.0003 101.9113 32.1529 263.8328 0.5791 5.6887
