1.6034 0.0000 101.7604 150.2972 258.6422 0.6263 5.6445
3.2926 0.0000 101.7956 335.4131 243.1959 0.6244 5.6056
5.3961 0.0000 101.7777 485.1636 242.5871 0.6104 5.2730
7.1943 0.0000 101.7034 583.4824 242.1928 0.5765 4.6909
8.4542 0.0000 101.5850 605.3106 244.7306 0.5511 4.1413
9.3573 0.0000 101.4630 559.8668 246.7269 0.5374 3.8523
9.8873 0.0000 101.3749 442.1005 249.0140 0.5332 3.7751
10.0193 0.0000 101.3177 285.8299 250.2945 0.5333 3.8689
9.7245 0.0000 101.3027 110.1224 251.8932 0.5419 3.8508
9.0916 0.0000 101.3209 4.5994 253.5851 0.5508 3.7512
8.3183 0.0000 101.3679 0.0000 254.7844 0.5548 3.7379
7.4725 0.0000 101.3799 0.0000 266.0665 0.5630 4.0030
6.6802 0.0000 101.4110 0.0000 275.5393 0.5758 3.6796
6.0244 0.0000 101.4239 0.0000 279.2928 0.5869 3.4756
5.4257 0.0000 101.4002 0.0000 280.7522 0.5949 3.8017
4.8741 0.0000 101.3644 0.0000 283.9145 0.6012 4.2685
4.4583 0.0000 101.3477 0.0000 286.4182 0.6050 4.3336
4.1961 0.0000 101.3150 0.0000 287.8441 0.6052 4.4024
4.0484 0.0000 101.2747 0.0000 288.6425 0.6049 4.3290
3.9634 0.0000 101.2260 0.0000 287.8237 0.6045 4.2037
3.8952 0.0000 101.1607 0.0000 285.7923 0.6033 4.5293
3.7823 0.0000 101.1029 0.0000 268.3933 0.6060 4.7278
3.6296 0.0000 101.1532 0.0000 251.7624 0.6149 3.2168
3.4882 0.0000 101.1833 26.8523 262.6465 0.6215 2.5397
