-1.1593 0.0028 100.1919 124.5732 264.8983 0.5217 4.2034
0.3765 0.0001 100.2163 334.8161 225.2123 0.5257 4.0805
2.5324 0.0000 100.1904 485.6667 223.6933 0.5144 4.2461
4.2704 0.0000 100.1009 571.0511 228.0429 0.4981 4.0071
5.4243 0.0000 99.9838 593.4545 229.4646 0.4905 3.5038
6.2633 0.0000 99.8703 540.2698 233.8254 0.4896 3.3558
6.7279 0.0000 99.7883 422.7384 237.7470 0.4923 3.4188
6.7535 0.0000 99.7534 265.3069 239.3721 0.4960 3.5729
6.2367 0.0000 99.7369 93.5623 238.7946 0.5061 4.0545
5.3247 0.0000 99.7447 1.8743 236.5605 0.5157 4.8972
4.5056 0.0000 99.7603 0.0000 233.8398 0.5148 4.9136
3.9019 0.0000 99.7727 0.0000 231.8079 0.5120 4.1082
3.4672 0.0000 99.7840 0.0000 231.1476 0.5083 3.3217
3.1220 0.0000 99.7766 0.0000 234.7755 0.5046 2.9438
2.8275 0.0000 99.7618 0.0000 242.0413 0.5027 2.5947
2.6045 0.0000 99.7326 0.0000 253.6491 0.5030 2.2734
2.4572 0.0000 99.7102 0.0000 259.6223 0.5050 2.1152
2.3389 0.0000 99.6857 0.0000 264.4135 0.5081 2.2235
2.1829 0.0000 99.6526 0.0000 268.3441 0.5123 2.6353
1.9407 0.0000 99.6076 0.0000 273.8796 0.5181 3.0835
1.6593 0.0000 99.5690 0.0000 276.8160 0.5256 3.1513
1.4059 0.0000 99.5267 0.0000 279.0383 0.5336 3.3468
1.1516 0.0000 99.4975 0.0000 277.9914 0.5417 3.4213
1.1186 0.0000 99.5295 17.5181 278.4205 0.5478 2.3796
