-0.9728 0.0042 103.0494 169.8015 265.1444 0.5525 3.3212
1.4919 0.0007 103.0639 355.4141 245.6294 0.5831 3.5162
3.8594 0.0001 103.0158 530.1636 225.4690 0.5735 3.1586
5.1455 0.0001 102.9116 590.5986 230.7109 0.5560 2.5731
6.0184 0.0000 102.7944 567.3074 239.4911 0.5465 2.0729
6.6481 0.0000 102.7003 515.1440 236.9088 0.5431 1.7728
6.9923 0.0000 102.6278 396.9338 236.2023 0.5442 1.6637
7.0079 0.0000 102.5922 230.3197 236.3029 0.5478 1.6376
6.7440 0.0000 102.5889 57.7998 236.7568 0.5534 1.8275
6.3706 0.0000 102.6121 0.0003 237.3567 0.5620 2.3755
5.9608 0.0000 102.6291 0.0000 237.6925 0.5745 3.0026
5.4773 0.0000 102.6153 0.0000 235.6069 0.5916 3.7717
4.8942 0.0000 102.5935 0.0000 232.5744 0.6118 4.6297
4.2286 0.0000 102.5751 0.0000 231.7293 0.6299 5.3040
3.6035 0.0000 102.5795 0.0000 231.0800 0.6416 5.3636
3.0232 0.0000 102.5794 0.0000 230.5024 0.6444 5.0557
2.5200 0.0000 102.5579 0.0000 229.5640 0.6408 4.9318
2.1453 0.0000 102.5328 0.0000 228.8163 0.6337 5.0031
1.8518 0.0000 102.4951 0.0000 229.9267 0.6269 4.7841
1.5905 0.0002 102.4670 0.0000 233.7884 0.6216 4.3166
1.3306 0.0010 102.4697 0.0000 237.0967 0.6170 4.3005
1.2656 0.0009 102.4821 0.0000 243.7555 0.6139 4.2933
1.3951 0.0004 102.4703 0.0361 258.0361 0.6131 4.1501
1.6356 0.0001 102.4350 42.6912 260.2226 0.6141 4.1661
