-1.3325 0.0044 99.8513 183.5060 256.2875 0.5153 2.2639
0.5802 0.0004 99.8587 371.1564 237.3094 0.5331 2.6766
2.9040 0.0000 99.8210 531.4510 225.4774 0.5260 3.0603
5.0082 0.0000 99.7170 621.3006 224.4672 0.4942 2.6934
6.1991 0.0000 99.5990 625.1439 228.6653 0.4969 2.1287
6.9672 0.0000 99.5051 561.0424 231.6887 0.5069 1.7403
7.4216 0.0000 99.4392 435.3560 234.0726 0.5141 1.6910
7.4899 0.0000 99.4057 264.0423 235.5435 0.5198 1.8798
7.1029 0.0000 99.4032 79.8463 236.0296 0.5277 2.4818
6.3342 0.0000 99.4202 0.1757 234.6556 0.5334 3.4439
5.4110 0.0000 99.4320 0.0000 232.7232 0.5367 3.8881
4.4437 0.0000 99.4202 0.0000 231.3345 0.5387 4.0556
3.5990 0.0000 99.4081 0.0000 230.2877 0.5401 3.9623
2.9762 0.0000 99.4057 0.0000 229.8084 0.5416 3.5855
2.5370 0.0000 99.4135 0.0000 229.8420 0.5436 3.1693
2.1029 0.0000 99.3942 0.0000 230.0697 0.5447 2.7894
1.6684 0.0000 99.3728 0.0000 230.2205 0.5449 2.5673
1.2902 0.0000 99.3475 0.0000 232.5752 0.5449 2.5368
0.9330 0.0000 99.3050 0.0000 236.1090 0.5452 2.3051
0.6129 0.0000 99.2750 0.0000 253.0199 0.5457 1.9531
0.3788 0.0003 99.2795 0.0000 259.6904 0.5457 1.9571
0.3117 0.0006 99.2787 0.0000 253.7885 0.5473 2.2505
0.2478 0.0015 99.2699 0.0050 258.2500 0.5521 2.6526
0.1361 0.0020 99.2286 54.4840 246.2652 0.5569 3.2546
