-0.6476 0.0038 103.1022 169.5001 259.5875 0.5514 3.4404
1.8601 0.0007 103.1142 360.5318 234.8450 0.5679 3.3506
3.7889 0.0001 103.0731 511.5345 225.9648 0.5608 2.9506
4.7849 0.0001 102.9734 579.3148 228.8749 0.5547 2.4362
5.4759 0.0001 102.8587 577.4438 231.1078 0.5551 2.0332
5.9837 0.0000 102.7654 508.8111 233.3973 0.5553 1.7109
6.2197 0.0000 102.6974 380.6408 236.3101 0.5566 1.5146
6.1479 0.0001 102.6622 218.1266 235.9983 0.5584 1.4925
5.7706 0.0002 102.6584 52.3385 236.6991 0.5624 1.8911
5.1895 0.0003 102.6812 0.0000 241.8229 0.5692 2.6923
4.5285 0.0003 102.7023 0.0000 247.1514 0.5768 3.2927
3.8563 0.0002 102.6953 0.0000 245.3304 0.5835 3.8992
3.2067 0.0000 102.6740 0.0000 237.6236 0.5888 4.5818
2.5984 0.0000 102.6562 0.0000 229.0925 0.5923 5.1259
2.1110 0.0000 102.6609 0.0000 227.2549 0.5937 5.1657
1.7215 0.0000 102.6668 0.0000 226.0867 0.5922 4.6775
1.4131 0.0000 102.6491 0.0000 225.2669 0.5880 4.3165
1.1829 0.0000 102.6161 0.0000 224.9785 0.5823 4.3504
0.9838 0.0000 102.5842 0.0000 226.9048 0.5765 4.0289
0.7944 0.0006 102.5654 0.0000 231.7849 0.5720 3.3295
0.6348 0.0010 102.5505 0.0000 236.0470 0.5677 3.1484
0.6616 0.0008 102.5321 0.0000 245.1130 0.5652 3.1615
0.8133 0.0007 102.5113 0.0045 242.6311 0.5650 3.2872
1.0184 0.0005 102.4760 49.3085 243.1846 0.5671 3.5468
