-2.0425 0.0006 102.9505 175.0750 244.2074 0.4987 3.4946
0.3495 0.0000 102.9597 373.2623 216.2299 0.5200 3.3876
3.0912 0.0000 102.9282 493.6498 223.1452 0.4997 3.0207
4.2898 0.0000 102.8309 559.6376 228.4459 0.4834 2.3477
5.0192 0.0000 102.7144 570.4725 228.4459 0.4820 1.8310
5.5417 0.0000 102.6124 514.3395 228.5402 0.4853 1.5338
5.8585 0.0000 102.5426 395.9350 229.1263 0.4869 1.4453
5.8568 0.0000 102.5002 234.7103 228.9409 0.4891 1.5395
5.5373 0.0000 102.4910 63.2324 229.2063 0.4930 1.9196
5.0794 0.0000 102.5062 0.0141 229.1192 0.4960 2.5678
4.6055 0.0000 102.5118 0.0000 229.0463 0.4992 3.1655
4.1265 0.0000 102.4955 0.0000 228.7229 0.5043 3.8246
3.6542 0.0000 102.4690 0.0000 228.1264 0.5126 4.3732
3.1832 0.0000 102.4638 0.0000 227.7713 0.5257 4.5252
2.7184 0.0000 102.4830 0.0000 227.8850 0.5436 4.3122
2.2057 0.0000 102.4761 0.0000 228.3072 0.5621 4.3000
1.6344 0.0000 102.4392 0.0000 228.3811 0.5786 4.5497
1.0390 0.0000 102.4279 0.0000 229.1213 0.5922 4.2713
0.4936 0.0001 102.4263 0.0000 239.3088 0.5990 3.6501
-0.0540 0.0034 102.3949 0.0000 257.7426 0.5954 3.5097
-0.5882 0.0098 102.3587 0.0000 276.1086 0.5826 3.6772
-0.9142 0.0075 102.3233 0.0000 277.7747 0.5721 3.9823
-1.1770 0.0077 102.2965 0.0000 278.2346 0.5639 4.3121
-1.2859 0.0071 102.2587 28.1382 280.9828 0.5571 4.3391
