-0.8509 0.0010 101.6474 153.6162 256.7423 0.5290 4.3158
1.0833 0.0000 101.6586 340.6882 232.8538 0.5363 4.3140
3.6403 0.0000 101.6221 499.9806 228.8406 0.5101 4.3641
5.5585 0.0000 101.5234 597.2217 228.4765 0.4812 3.8744
6.6074 0.0000 101.4071 614.4831 229.2402 0.4816 3.3121
7.2882 0.0000 101.3040 557.6789 231.4019 0.4879 3.0778
7.6520 0.0000 101.2311 436.8526 233.7173 0.4943 3.1477
7.6402 0.0000 101.1937 269.7393 235.3796 0.4997 3.3292
7.1528 0.0000 101.1850 87.5351 236.4515 0.5121 3.8867
6.3611 0.0000 101.1922 0.6378 236.4975 0.5206 4.8289
5.5986 0.0000 101.1949 0.0000 236.3575 0.5235 5.3611
4.9307 0.0000 101.1780 0.0000 236.0988 0.5284 5.4501
4.3583 0.0000 101.1723 0.0000 235.7418 0.5355 5.0274
3.8919 0.0000 101.1815 0.0000 235.5029 0.5427 4.4826
3.5119 0.0000 101.1768 0.0000 236.1077 0.5480 4.2662
3.1581 0.0000 101.1489 0.0000 237.5843 0.5515 4.0636
2.8668 0.0000 101.1236 0.0000 245.8440 0.5538 3.7242
2.6618 0.0000 101.1029 0.0000 252.2301 0.5557 3.2365
2.4393 0.0000 101.0824 0.0000 261.0435 0.5575 2.8914
2.1586 0.0000 101.0517 0.0000 264.4722 0.5589 2.8833
1.9034 0.0000 101.0261 0.0000 265.8568 0.5597 3.3166
1.8401 0.0000 101.0086 0.0000 269.7073 0.5607 3.7953
1.9642 0.0000 100.9688 0.0000 264.9155 0.5620 4.3966
2.2033 0.0000 100.9315 36.8138 259.6898 0.5631 4.5931
