-0.7587 0.0008 101.7440 148.7535 258.7794 0.5316 4.4954
1.1675 0.0000 101.7561 340.7257 231.7629 0.5375 4.4567
3.6723 0.0000 101.7205 499.8284 228.6388 0.5110 4.4612
5.5909 0.0000 101.6222 597.3432 228.3375 0.4818 3.9758
6.6386 0.0000 101.5063 615.1368 228.9796 0.4816 3.4297
7.3152 0.0000 101.4020 557.6427 231.5017 0.4875 3.2115
7.6693 0.0000 101.3286 436.9771 233.8931 0.4940 3.2899
7.6535 0.0000 101.2913 270.1543 235.6409 0.4994 3.4598
7.1650 0.0000 101.2821 88.2028 236.8634 0.5119 3.9986
6.3734 0.0000 101.2877 0.6965 237.0190 0.5206 4.9300
5.6086 0.0000 101.2900 0.0000 236.8956 0.5229 5.4651
4.9399 0.0000 101.2748 0.0000 236.5709 0.5275 5.5176
4.3784 0.0000 101.2704 0.0000 236.1523 0.5347 5.0347
3.9217 0.0000 101.2795 0.0000 235.9000 0.5424 4.4678
3.5372 0.0000 101.2727 0.0000 236.6160 0.5482 4.2569
3.1789 0.0000 101.2449 0.0000 238.2248 0.5522 4.0286
2.8871 0.0000 101.2201 0.0000 247.6028 0.5550 3.6272
2.6886 0.0000 101.1997 0.0000 253.9736 0.5572 3.1067
2.4685 0.0000 101.1795 0.0000 262.8372 0.5592 2.8308
2.1815 0.0000 101.1481 0.0000 265.0777 0.5608 2.9162
1.9185 0.0000 101.1199 0.0000 266.7700 0.5616 3.4126
1.8544 0.0000 101.1023 0.0000 270.7637 0.5624 3.8579
1.9853 0.0000 101.0601 0.0000 265.4793 0.5631 4.4124
2.2454 0.0000 101.0251 35.0061 262.2542 0.5637 4.4931
