1.5603 0.0000 101.7990 154.2655 260.5748 0.6193 5.8314
3.3884 0.0000 101.8261 318.5035 251.9534 0.6291 5.3673
5.6372 0.0000 101.7998 471.8305 250.1518 0.6286 4.9639
7.7173 0.0000 101.7202 570.4013 251.8812 0.5879 4.5900
9.1323 0.0000 101.6053 588.3374 255.1794 0.5421 4.4265
9.9489 0.0000 101.4924 560.1798 251.5349 0.5212 4.6369
10.3609 0.0000 101.4120 444.0490 251.7048 0.5152 4.9495
10.3886 0.0000 101.3650 286.1230 251.9902 0.5145 5.3256
9.8511 0.0000 101.3489 108.3188 251.3647 0.5316 5.6025
8.7827 0.0000 101.3664 3.5551 249.6246 0.5537 6.1352
7.6197 0.0000 101.4009 0.0000 248.1578 0.5663 6.4333
6.6047 0.0000 101.4105 0.0000 251.2532 0.5774 6.6043
5.8128 0.0000 101.4163 0.0000 260.6686 0.5868 6.4613
5.2317 0.0000 101.4318 0.0000 270.2350 0.5949 6.0693
4.7971 0.0000 101.4230 0.0000 275.3642 0.6009 5.9761
4.4842 0.0000 101.3906 0.0000 278.8963 0.6034 5.9895
4.2861 0.0000 101.3603 0.0000 284.1135 0.6033 5.8544
4.1395 0.0000 101.3344 0.0000 286.0490 0.6024 5.6750
4.0037 0.0000 101.2960 0.0000 287.1847 0.6008 5.6622
3.8605 0.0000 101.2547 0.0000 286.3795 0.6003 5.5738
3.7282 0.0000 101.2152 0.0000 282.9347 0.6009 5.5462
3.6343 0.0000 101.1597 0.0000 277.2861 0.6039 5.8162
3.5027 0.0000 101.1610 0.0000 255.9495 0.6112 5.1533
3.3413 0.0000 101.2152 38.3654 249.8552 0.6178 4.0217
