-0.2209 0.0005 100.2990 172.8745 252.5156 0.5610 5.2072
1.8614 0.0000 100.3204 391.0190 218.9779 0.5756 4.7407
4.6019 0.0000 100.2917 530.6366 223.9668 0.5619 4.6001
6.7764 0.0000 100.2062 610.0959 231.0350 0.5160 4.1682
7.9446 0.0000 100.0990 620.6974 236.3276 0.5008 3.8475
8.6323 0.0000 99.9979 564.6086 240.2457 0.4994 3.9716
8.8953 0.0000 99.9267 441.4404 243.6658 0.5037 4.2405
8.7694 0.0000 99.8887 278.7780 245.1499 0.5084 4.5569
8.1032 0.0000 99.8785 99.7284 245.0121 0.5249 4.9993
7.0047 0.0000 99.8870 2.0509 242.7467 0.5393 5.7863
5.9520 0.0000 99.9031 0.0000 239.9558 0.5428 6.0837
5.0969 0.0000 99.9101 0.0000 237.7725 0.5455 5.6566
4.4518 0.0000 99.9110 0.0000 238.8576 0.5466 5.3477
3.9665 0.0000 99.9198 0.0000 248.1548 0.5480 4.9425
3.6167 0.0000 99.9120 0.0000 254.1337 0.5492 4.4974
3.3667 0.0000 99.8873 0.0000 262.9510 0.5496 4.2654
3.2009 0.0000 99.8581 0.0000 268.8540 0.5501 4.1229
3.0706 0.0000 99.8303 0.0000 273.6266 0.5518 4.0220
2.9246 0.0000 99.8037 0.0000 276.7445 0.5539 4.0065
2.7541 0.0000 99.7607 0.0000 279.2864 0.5565 4.2307
2.5590 0.0000 99.7277 0.0000 280.8053 0.5595 4.3980
2.4663 0.0000 99.6957 0.0000 279.2131 0.5638 4.7107
2.5086 0.0000 99.6590 0.0000 277.3323 0.5690 4.8840
2.6113 0.0000 99.6813 33.8822 262.6146 0.5735 3.9391
