-2.4131 0.0001 102.6512 164.0149 233.9723 0.4734 4.0085
-0.4562 0.0000 102.6713 323.1815 222.3962 0.4897 3.4582
2.3635 0.0000 102.6458 453.6754 225.2011 0.4571 3.0402
4.0651 0.0000 102.5520 542.4296 226.4878 0.4286 2.4573
4.8162 0.0000 102.4288 556.8956 226.3135 0.4272 2.0292
5.3131 0.0000 102.3274 500.2378 227.5652 0.4307 1.8077
5.6118 0.0000 102.2502 393.9398 226.3364 0.4331 1.7891
5.5943 0.0000 102.2085 236.5613 226.7237 0.4362 1.9290
5.2362 0.0000 102.1978 67.9493 227.6050 0.4406 2.4521
4.6738 0.0000 102.2016 0.1028 227.2410 0.4429 3.2924
4.0519 0.0000 102.2065 0.0000 226.4639 0.4442 3.9877
3.4212 0.0000 102.1900 0.0000 225.7214 0.4462 4.5732
2.8393 0.0000 102.1689 0.0000 225.3896 0.4493 4.8720
2.3654 0.0000 102.1765 0.0000 225.6646 0.4544 4.7497
1.9913 0.0000 102.1956 0.0000 226.2826 0.4622 4.5714
1.6312 0.0000 102.1685 0.0000 226.9609 0.4715 4.6447
1.2562 0.0000 102.1499 0.0000 228.4211 0.4817 4.4283
0.9250 0.0000 102.1520 0.0000 235.7686 0.4932 4.0328
0.6532 0.0000 102.1357 0.0000 242.3520 0.5054 3.9711
0.4196 0.0000 102.0817 0.0000 249.6544 0.5195 4.2297
0.1921 0.0000 102.0243 0.0000 252.8446 0.5347 4.6916
-0.0249 0.0003 101.9819 0.0000 249.2525 0.5496 5.0717
-0.3118 0.0017 101.9524 0.0000 253.3551 0.5588 5.2112
-0.6347 0.0030 101.9194 26.7833 263.9413 0.5611 5.0128
