0.0795 0.0076 102.4183 161.4390 269.3147 0.5695 2.5532
1.8140 0.0017 102.4270 329.9810 262.6336 0.5859 2.4501
3.8100 0.0000 102.3751 531.4777 229.2488 0.5868 2.5698
5.6628 0.0000 102.2643 592.0067 236.3398 0.5461 2.3459
6.7946 0.0000 102.1386 601.6360 237.0736 0.5328 2.0616
7.5207 0.0000 102.0364 543.2455 236.9228 0.5317 1.9586
7.9190 0.0000 101.9632 418.5531 238.2104 0.5323 2.0727
7.9560 0.0000 101.9302 248.1145 238.9350 0.5335 2.2743
7.5404 0.0000 101.9211 69.3341 238.6047 0.5390 2.8549
6.7689 0.0000 101.9450 0.0242 236.9272 0.5448 3.8015
5.9605 0.0000 101.9628 0.0000 235.0392 0.5486 4.2984
5.2427 0.0000 101.9572 0.0000 233.5073 0.5538 4.4762
4.7054 0.0000 101.9348 0.0000 232.5565 0.5624 4.3708
4.3278 0.0000 101.9234 0.0000 232.3730 0.5760 3.9002
3.9923 0.0000 101.9247 0.0000 232.6794 0.5947 3.2207
3.5322 0.0000 101.9129 0.0000 233.0332 0.6132 2.8262
2.9694 0.0000 101.8921 0.0000 232.6669 0.6303 2.6094
2.4113 0.0000 101.8751 0.0000 232.3444 0.6443 2.4826
1.8584 0.0002 101.8346 0.0000 235.5751 0.6538 2.4662
1.2775 0.0010 101.7973 0.0000 249.0469 0.6533 2.5774
0.6878 0.0039 101.8071 0.0000 284.9431 0.6387 2.8769
0.3700 0.0068 101.8368 0.0000 295.6699 0.6251 2.7796
0.2101 0.0149 101.8369 0.0397 293.3952 0.6186 2.5732
0.2928 0.0079 101.8075 38.1747 286.8099 0.6188 2.4830
