-0.8324 0.0067 100.0566 182.1081 257.7386 0.5326 2.4388
0.9793 0.0007 100.0666 377.7734 237.9102 0.5457 2.6801
3.3145 0.0000 100.0212 548.4720 222.8607 0.5359 2.9182
5.4475 0.0000 99.9125 623.2864 227.5930 0.5097 2.6545
6.5613 0.0000 99.7967 625.9737 231.3451 0.5157 2.2022
7.3629 0.0000 99.7002 561.3365 234.1568 0.5233 1.8810
7.8236 0.0000 99.6318 434.6711 236.5992 0.5290 1.8742
7.8977 0.0000 99.6031 262.4581 238.2804 0.5333 2.0534
7.5237 0.0000 99.5976 78.3576 239.7082 0.5396 2.5899
6.7970 0.0000 99.6150 0.1799 240.2689 0.5443 3.4566
5.9358 0.0000 99.6320 0.0000 234.9758 0.5466 3.8936
5.0290 0.0000 99.6227 0.0000 233.3448 0.5488 4.0281
4.2173 0.0000 99.6128 0.0000 232.0503 0.5516 3.8419
3.5802 0.0000 99.6079 0.0000 231.3617 0.5551 3.3660
3.0790 0.0000 99.6083 0.0000 231.2713 0.5597 2.8288
2.5649 0.0000 99.5916 0.0000 231.1091 0.5632 2.3511
2.0501 0.0000 99.5750 0.0000 231.5204 0.5653 2.0546
1.5973 0.0000 99.5523 0.0000 234.0302 0.5667 2.0354
1.1724 0.0000 99.5050 0.0000 239.1914 0.5681 2.0314
0.7852 0.0001 99.4676 0.0000 254.0029 0.5692 1.9473
0.4582 0.0006 99.4746 0.0000 259.5358 0.5682 2.2035
0.2416 0.0018 99.4867 0.0000 256.3238 0.5648 2.4644
0.0275 0.0083 99.4853 0.0231 266.7824 0.5618 2.4911
-0.0998 0.0064 99.4518 50.0611 260.3120 0.5638 2.6031
