-1.9890 0.0024 102.7988 164.5841 254.4735 0.5038 3.0319
0.3417 0.0002 102.8096 354.0144 231.1969 0.5303 3.3045
3.2579 0.0000 102.7705 470.9979 233.5694 0.5180 3.5591
4.6710 0.0000 102.6715 544.9097 237.4582 0.5014 2.9316
5.5674 0.0000 102.5544 584.2502 230.2505 0.4991 2.3240
6.2288 0.0000 102.4498 531.9203 229.6574 0.5011 1.9874
6.6587 0.0000 102.3698 413.3270 230.4383 0.5015 1.8596
6.7047 0.0000 102.3308 246.7039 231.5336 0.5041 1.9321
6.3905 0.0000 102.3217 70.7478 231.9105 0.5099 2.3719
5.8824 0.0000 102.3358 0.0744 231.6024 0.5158 3.2729
5.3164 0.0000 102.3429 0.0000 231.2927 0.5205 4.1631
4.7061 0.0000 102.3225 0.0000 230.7006 0.5250 4.9597
4.1058 0.0000 102.2973 0.0000 230.0770 0.5299 5.3858
3.5956 0.0000 102.3046 0.0000 229.7108 0.5366 5.2026
3.1785 0.0000 102.3227 0.0000 229.7630 0.5451 4.7728
2.7341 0.0000 102.3000 0.0000 230.0293 0.5543 4.6998
2.2309 0.0000 102.2674 0.0000 229.8371 0.5657 4.7897
1.6988 0.0000 102.2584 0.0000 231.3476 0.5801 4.4196
1.1924 0.0001 102.2511 0.0000 239.2737 0.5927 3.8318
0.7020 0.0013 102.2240 0.0000 255.0196 0.5991 3.8083
0.1939 0.0062 102.1975 0.0000 271.2070 0.5984 4.1352
-0.1621 0.0061 102.1720 0.0000 281.2591 0.5941 4.5565
-0.3699 0.0065 102.1459 0.0000 287.4204 0.5909 4.9332
-0.3296 0.0035 102.1026 26.1504 287.8437 0.5924 5.0818
