-0.5347 0.0003 100.6569 166.6406 254.0581 0.5472 4.7144
1.5276 0.0000 100.6721 392.2463 216.3820 0.5602 4.3531
4.4810 0.0000 100.6442 533.7250 220.2989 0.5333 4.4227
6.5805 0.0000 100.5509 613.6370 227.1004 0.4924 4.0513
7.6684 0.0000 100.4414 624.0701 231.1756 0.4828 3.6757
8.3172 0.0000 100.3472 566.1459 235.1530 0.4829 3.7382
8.5204 0.0000 100.2748 439.5706 238.9788 0.4895 3.9912
8.3267 0.0000 100.2406 274.6130 241.2351 0.4973 4.2366
7.5591 0.0000 100.2315 94.9618 241.9511 0.5169 4.7574
6.3823 0.0000 100.2402 1.4406 240.3775 0.5332 5.5393
5.3272 0.0000 100.2513 0.0000 238.0792 0.5381 5.7355
4.5705 0.0000 100.2477 0.0000 236.0955 0.5411 5.2274
4.0425 0.0000 100.2511 0.0000 234.8073 0.5428 4.5751
3.6311 0.0000 100.2570 0.0000 238.8072 0.5439 4.2119
3.2877 0.0000 100.2503 0.0000 245.6103 0.5455 3.7633
3.0104 0.0000 100.2234 0.0000 252.0193 0.5469 3.3532
2.8073 0.0000 100.1931 0.0000 260.3637 0.5483 2.9728
2.6569 0.0000 100.1732 0.0000 266.8607 0.5502 2.7935
2.4760 0.0000 100.1476 0.0000 269.1537 0.5528 2.7215
2.2792 0.0000 100.1175 0.0000 272.8074 0.5553 3.0178
2.1220 0.0000 100.0826 0.0000 275.6168 0.5581 3.3284
2.1580 0.0000 100.0560 0.0000 276.3560 0.5615 3.5949
2.3889 0.0000 100.0079 0.0000 274.6800 0.5646 3.9927
2.6719 0.0000 99.9986 25.0709 279.0962 0.5678 3.3988
