-1.3946 0.0064 101.1181 171.1080 262.0084 0.5179 2.1982
0.4335 0.0005 101.1250 346.8663 247.8736 0.5386 2.5811
3.0556 0.0000 101.0851 504.3502 231.8247 0.5311 3.1005
5.0696 0.0000 100.9779 592.9246 232.1604 0.4986 2.7204
6.1856 0.0000 100.8592 604.5631 233.3636 0.4995 2.1746
6.9310 0.0000 100.7620 552.6436 232.2258 0.5067 1.8199
7.3657 0.0000 100.6925 429.0576 234.2155 0.5122 1.7602
7.4094 0.0000 100.6545 259.0583 235.3315 0.5170 1.9328
7.0126 0.0000 100.6492 77.1087 235.3442 0.5242 2.5882
6.2421 0.0000 100.6660 0.1233 234.2025 0.5297 3.6875
5.3428 0.0000 100.6766 0.0000 232.6339 0.5322 4.2907
4.4469 0.0000 100.6606 0.0000 231.3258 0.5337 4.5892
3.7002 0.0000 100.6437 0.0000 230.3689 0.5345 4.5835
3.1597 0.0000 100.6450 0.0000 229.9890 0.5360 4.1827
2.7754 0.0000 100.6573 0.0000 230.1715 0.5389 3.6904
2.3891 0.0000 100.6344 0.0000 230.5461 0.5416 3.3186
1.9823 0.0000 100.6121 0.0000 230.5702 0.5446 3.1351
1.6028 0.0000 100.5865 0.0000 232.0998 0.5491 3.0385
1.2181 0.0000 100.5527 0.0000 235.0056 0.5550 2.6237
0.8431 0.0001 100.5275 0.0000 246.9592 0.5614 2.2003
0.5198 0.0004 100.5281 0.0000 260.6387 0.5670 2.2450
0.3202 0.0024 100.5258 0.0000 263.8462 0.5719 2.6677
0.1303 0.0063 100.5087 0.0021 268.1357 0.5755 3.2683
0.0055 0.0034 100.4663 46.0437 260.6785 0.5783 3.9426
