-1.5320 0.0002 97.5346 207.3320 237.4701 0.5038 3.6746
0.7698 0.0000 97.5469 420.1756 212.2424 0.5203 3.6361
3.7209 0.0000 97.5112 557.7237 217.1093 0.4999 3.6719
5.7074 0.0000 97.4274 633.6688 222.9458 0.4784 2.9505
6.7528 0.0000 97.3249 638.4764 226.9593 0.4857 2.0734
7.5417 0.0000 97.2392 575.2880 230.6665 0.4917 1.4748
8.0075 0.0000 97.1680 450.3315 233.5874 0.4985 1.4389
8.0928 0.0000 97.1416 279.4907 235.2000 0.5061 1.7088
7.6713 0.0000 97.1404 91.6157 235.7131 0.5157 2.2644
6.8518 0.0000 97.1512 0.6070 234.9391 0.5233 3.1086
5.9320 0.0000 97.1612 0.0000 234.1790 0.5284 3.6077
5.0850 0.0000 97.1524 0.0000 233.7168 0.5322 3.6611
4.3942 0.0000 97.1515 0.0000 233.3120 0.5351 3.3519
3.8742 0.0000 97.1552 0.0000 233.0403 0.5377 3.0899
3.4631 0.0000 97.1563 0.0000 235.7011 0.5398 2.9865
3.0486 0.0000 97.1399 0.0000 235.3581 0.5404 2.8630
2.6783 0.0000 97.1172 0.0000 240.8828 0.5393 2.9068
2.3844 0.0000 97.0835 0.0000 252.9826 0.5377 2.9240
2.1483 0.0000 97.0394 0.0000 261.9770 0.5360 2.5982
1.9732 0.0000 97.0186 0.0000 268.0717 0.5347 2.0140
1.8680 0.0000 97.0060 0.0000 261.4077 0.5335 2.0359
1.8818 0.0000 96.9995 0.0000 264.8373 0.5334 2.3617
1.9305 0.0000 96.9727 0.0000 256.9387 0.5338 3.0062
1.9212 0.0000 96.9413 44.8005 258.3066 0.5342 3.6212
