-1.5343 0.0006 98.5634 207.8159 230.2474 0.5017 3.2754
0.6541 0.0000 98.5709 403.8949 216.7538 0.5140 3.3992
3.4709 0.0000 98.5351 546.1047 218.4958 0.4861 3.5367
5.4186 0.0000 98.4405 627.7644 222.1095 0.4629 2.9113
6.4234 0.0000 98.3364 633.4874 225.7832 0.4736 2.1973
7.1101 0.0000 98.2502 570.2605 229.2878 0.4865 1.8557
7.5296 0.0000 98.1840 445.7776 231.8339 0.4950 1.9865
7.5229 0.0000 98.1569 275.0058 233.2450 0.5021 2.3037
6.9540 0.0000 98.1556 88.0377 233.4786 0.5141 2.9525
5.9594 0.0000 98.1713 0.4320 232.4009 0.5229 3.7993
4.9892 0.0000 98.1818 0.0000 231.5591 0.5268 4.0260
4.2345 0.0000 98.1639 0.0000 231.3644 0.5300 3.9604
3.6752 0.0000 98.1532 0.0000 231.3185 0.5334 3.6615
3.3110 0.0000 98.1522 0.0000 231.4274 0.5364 3.3535
3.0797 0.0000 98.1543 0.0000 232.1978 0.5391 3.2535
2.8139 0.0000 98.1289 0.0000 234.2842 0.5402 3.2039
2.5772 0.0000 98.1067 0.0000 237.6169 0.5399 3.2841
2.3835 0.0000 98.0738 0.0000 243.9252 0.5394 3.2318
2.1986 0.0000 98.0375 0.0000 255.3830 0.5387 2.6362
2.0391 0.0000 98.0161 0.0000 263.4571 0.5381 1.9006
1.9408 0.0000 98.0057 0.0000 260.7387 0.5376 1.6233
1.9885 0.0000 97.9956 0.0000 263.9434 0.5378 2.0072
2.0940 0.0000 97.9712 0.0004 254.6044 0.5388 2.8631
2.1673 0.0001 97.9297 50.6447 247.3329 0.5398 3.7967
