-0.2128 0.0070 102.1409 163.8934 266.8052 0.5576 2.4322
1.4739 0.0016 102.1494 331.9879 259.9971 0.5741 2.4116
3.4825 0.0000 102.1035 525.1969 230.2036 0.5733 2.6355
5.3087 0.0000 101.9948 582.1645 237.7285 0.5357 2.3931
6.3630 0.0000 101.8714 597.9174 236.9715 0.5266 2.0713
7.0583 0.0000 101.7728 541.9764 236.2800 0.5268 1.9327
7.4358 0.0000 101.7002 420.5312 236.6019 0.5279 2.0241
7.4635 0.0000 101.6655 250.5753 237.2546 0.5294 2.2183
7.0472 0.0000 101.6572 71.1760 236.9064 0.5347 2.8025
6.2842 0.0000 101.6786 0.0411 235.2839 0.5395 3.7494
5.4933 0.0000 101.6940 0.0000 233.4845 0.5418 4.2241
4.7993 0.0000 101.6843 0.0000 232.1173 0.5445 4.3978
4.2954 0.0000 101.6626 0.0000 231.3513 0.5493 4.3028
3.9509 0.0000 101.6542 0.0000 231.3456 0.5580 3.8392
3.6417 0.0000 101.6567 0.0000 231.8215 0.5716 3.2108
3.2080 0.0000 101.6435 0.0000 232.3136 0.5870 2.8679
2.6792 0.0000 101.6212 0.0000 232.1177 0.6031 2.7176
2.1524 0.0000 101.6004 0.0000 232.1757 0.6182 2.6554
1.6333 0.0000 101.5633 0.0000 232.4324 0.6315 2.5488
1.1075 0.0006 101.5301 0.0000 245.3003 0.6363 2.5183
0.5485 0.0039 101.5387 0.0000 280.9173 0.6252 2.7619
0.2353 0.0066 101.5587 0.0000 291.6478 0.6135 2.7371
0.0775 0.0137 101.5529 0.0118 291.6914 0.6087 2.6705
0.1381 0.0073 101.5215 37.1593 284.7566 0.6104 2.7272
