-1.2709 0.0030 102.4822 157.6979 257.6064 0.5225 3.6310
0.6084 0.0002 102.4927 311.3339 246.6600 0.5376 3.8155
3.3251 0.0000 102.4525 469.1364 236.3453 0.5187 4.0986
5.1358 0.0000 102.3497 573.9326 233.0629 0.4910 3.5869
6.2008 0.0000 102.2267 597.7527 231.7556 0.4892 2.9534
6.9255 0.0000 102.1219 548.0870 231.0147 0.4934 2.6030
7.3598 0.0000 102.0458 428.1147 232.7678 0.4965 2.5227
7.4163 0.0000 102.0034 261.2535 234.1155 0.5004 2.6815
7.0494 0.0000 101.9943 81.0331 234.7133 0.5099 3.2492
6.4512 0.0000 102.0057 0.3145 234.5780 0.5177 4.2767
5.8462 0.0000 102.0081 0.0000 234.5769 0.5237 5.0537
5.2109 0.0000 101.9831 0.0000 234.5308 0.5314 5.6064
4.5258 0.0000 101.9700 0.0000 234.2690 0.5393 5.6664
3.9036 0.0000 101.9847 0.0000 233.9063 0.5456 5.2470
3.4239 0.0000 101.9929 0.0000 233.7215 0.5494 4.9673
2.9877 0.0000 101.9645 0.0000 233.7564 0.5509 4.9046
2.5930 0.0000 101.9359 0.0000 236.0017 0.5516 4.7497
2.2655 0.0000 101.9231 0.0000 242.4521 0.5533 4.2628
1.9640 0.0000 101.9073 0.0000 249.6045 0.5555 3.7153
1.6586 0.0000 101.8749 0.0000 258.8196 0.5582 3.5884
1.3758 0.0000 101.8553 0.0000 260.8684 0.5622 3.9586
1.2365 0.0000 101.8326 0.0000 264.1485 0.5677 4.6117
1.2154 0.0001 101.8018 0.0000 267.8662 0.5733 5.2547
1.2742 0.0004 101.7551 38.0049 256.8852 0.5779 5.6821
