-2.0072 0.0027 102.7450 164.5085 255.7710 0.5034 2.7366
0.3652 0.0002 102.7537 355.7763 233.0611 0.5318 3.0990
3.3062 0.0000 102.7125 470.2771 234.9588 0.5211 3.4851
4.7280 0.0000 102.6148 542.0981 239.2113 0.5056 2.9069
5.6339 0.0000 102.4969 586.6764 230.5544 0.5033 2.3202
6.3060 0.0000 102.3936 532.6111 230.4387 0.5048 1.9932
6.7395 0.0000 102.3128 414.6128 230.7971 0.5049 1.8649
6.7815 0.0000 102.2759 247.6320 231.7851 0.5071 1.9304
6.4521 0.0000 102.2668 70.9808 232.0076 0.5124 2.3817
5.9142 0.0000 102.2814 0.0640 231.5308 0.5177 3.2987
5.3305 0.0000 102.2898 0.0000 231.0857 0.5215 4.1753
4.7173 0.0000 102.2694 0.0000 230.4117 0.5252 4.9376
4.1318 0.0000 102.2429 0.0000 229.7829 0.5294 5.3313
3.6530 0.0000 102.2505 0.0000 229.4243 0.5355 5.1207
3.2640 0.0000 102.2679 0.0000 229.5244 0.5441 4.6477
2.8319 0.0000 102.2463 0.0000 229.8401 0.5539 4.5145
2.3317 0.0000 102.2154 0.0000 229.6933 0.5670 4.6163
1.7990 0.0000 102.2022 0.0000 230.6553 0.5837 4.3195
1.2853 0.0000 102.1933 0.0000 237.6170 0.5987 3.7082
0.7847 0.0010 102.1688 0.0000 253.4499 0.6069 3.6510
0.2465 0.0057 102.1459 0.0000 272.2644 0.6063 3.9922
-0.1451 0.0070 102.1232 0.0000 285.4474 0.5995 4.4208
-0.3248 0.0080 102.1005 0.0000 292.4733 0.5952 4.8097
-0.2059 0.0031 102.0572 26.1931 290.2501 0.5988 5.0095
