-1.0902 0.0047 103.0703 169.3290 261.5897 0.5447 3.2684
1.2757 0.0009 103.0836 346.5185 246.4184 0.5741 3.3834
3.6880 0.0001 103.0398 523.6716 225.0409 0.5676 3.1105
4.9033 0.0001 102.9364 585.8360 229.9639 0.5554 2.5205
5.7163 0.0000 102.8194 573.5247 235.4065 0.5509 2.0048
6.3147 0.0000 102.7261 512.8839 235.4670 0.5494 1.6522
6.6451 0.0000 102.6553 392.8578 235.4467 0.5504 1.4840
6.6540 0.0000 102.6183 227.2832 235.9568 0.5531 1.4427
6.3862 0.0000 102.6145 56.7010 235.7490 0.5576 1.6488
6.0006 0.0001 102.6351 0.0002 238.8433 0.5655 2.2606
5.5515 0.0001 102.6534 0.0000 241.1665 0.5771 2.9497
5.0169 0.0001 102.6423 0.0000 239.3457 0.5913 3.7627
4.3887 0.0000 102.6192 0.0000 235.0373 0.6065 4.6416
3.7089 0.0000 102.6014 0.0000 231.0987 0.6197 5.3109
3.0994 0.0000 102.6079 0.0000 230.0212 0.6288 5.3780
2.5602 0.0000 102.6093 0.0000 229.2296 0.6313 5.0406
2.0911 0.0000 102.5883 0.0000 228.3088 0.6282 4.9190
1.7291 0.0000 102.5599 0.0000 227.9064 0.6221 5.0347
1.4152 0.0001 102.5262 0.0000 231.7592 0.6148 4.7320
1.0994 0.0010 102.5055 0.0000 239.4243 0.6070 4.1317
0.8120 0.0021 102.5016 0.0000 244.2389 0.5992 4.0570
0.7402 0.0015 102.5020 0.0000 250.9521 0.5945 4.0178
0.8629 0.0008 102.4839 0.0180 258.2431 0.5936 3.9679
1.1120 0.0003 102.4486 40.2747 262.1049 0.5961 4.0699
