-1.6366 0.0037 97.5034 141.1413 250.6985 0.4997 5.0390
0.0877 0.0003 97.5344 323.2434 230.7460 0.5050 4.6956
2.1740 0.0000 97.5146 474.8317 229.5203 0.5116 4.1144
4.2054 0.0000 97.4431 571.2351 229.3541 0.4954 3.1514
5.7454 0.0000 97.3317 597.7897 230.9684 0.4780 2.5039
6.7239 0.0000 97.2282 545.7871 235.6138 0.4795 2.5066
7.3249 0.0000 97.1456 427.0075 239.7275 0.4830 2.5504
7.4011 0.0000 97.1090 272.8694 239.7760 0.4895 2.6850
6.7873 0.0000 97.0915 100.3543 238.3489 0.5011 3.2797
5.4658 0.0000 97.1000 2.6659 235.5673 0.5123 4.3458
4.1149 0.0000 97.1353 0.0000 232.2784 0.5133 4.2983
3.1695 0.0000 97.1571 0.0000 230.3659 0.5104 3.4970
2.6107 0.0000 97.1690 0.0000 232.5861 0.5054 3.0135
2.3110 0.0000 97.1689 0.0000 245.3037 0.5000 2.6174
2.2243 0.0000 97.1551 0.0000 252.8474 0.4960 2.4099
2.3240 0.0000 97.1200 0.0000 260.5774 0.4938 2.3403
2.5624 0.0000 97.0968 0.0000 265.5236 0.4933 2.3620
2.8496 0.0000 97.0716 0.0000 269.8916 0.4946 2.4319
3.1046 0.0000 97.0367 0.0000 275.9046 0.4971 2.5851
3.2449 0.0000 96.9910 0.0000 279.9408 0.4998 2.6655
3.2748 0.0000 96.9444 0.0000 282.2568 0.5017 2.6302
3.1449 0.0000 96.8833 0.0000 284.2726 0.5030 3.3142
2.7709 0.0000 96.8762 0.0000 282.0669 0.5046 3.5923
2.5973 0.0001 96.9234 16.3924 278.8526 0.5071 2.7164
