0.6317 0.0057 103.0268 176.4813 271.4492 0.6001 3.8258
2.3105 0.0004 103.0414 350.8284 257.0465 0.6131 3.5671
4.4440 0.0000 102.9895 535.1030 230.5317 0.6071 3.2037
5.9427 0.0000 102.8805 598.2500 235.7004 0.5742 2.7239
7.0399 0.0000 102.7598 591.7358 239.5746 0.5499 2.3336
7.7195 0.0000 102.6562 526.1281 240.9147 0.5415 2.1901
8.0941 0.0000 102.5874 407.5052 239.5246 0.5395 2.2238
8.1349 0.0000 102.5571 237.2634 240.1724 0.5409 2.3053
7.8560 0.0000 102.5491 61.2502 240.0741 0.5473 2.6583
7.3733 0.0000 102.5730 0.0002 238.9842 0.5581 3.3427
6.8706 0.0000 102.5920 0.0000 237.7619 0.5708 3.8803
6.3623 0.0000 102.5843 0.0000 236.6855 0.5878 4.3429
5.8281 0.0000 102.5609 0.0000 235.8375 0.6115 4.7411
5.2693 0.0000 102.5392 0.0000 235.2000 0.6410 4.9215
4.7604 0.0000 102.5419 0.0000 234.8818 0.6690 4.6586
4.2112 0.0000 102.5301 0.0000 234.7438 0.6863 4.3269
3.6291 0.0000 102.5146 0.0000 233.9247 0.6932 4.1266
3.1323 0.0000 102.5009 0.0000 233.1977 0.6914 3.9487
2.6833 0.0003 102.4593 0.0000 241.4649 0.6803 3.8706
2.2323 0.0011 102.4168 0.0000 251.2961 0.6628 3.7579
1.8968 0.0009 102.4189 0.0000 255.0684 0.6510 3.7647
1.8330 0.0004 102.4558 0.0000 261.3835 0.6457 3.7729
1.9198 0.0002 102.4648 0.1540 264.7171 0.6432 3.6436
2.0819 0.0001 102.4314 54.5381 258.3468 0.6409 3.5651
