-0.0886 0.0043 103.0540 176.4179 264.7027 0.5739 3.8102
2.1290 0.0007 103.0686 357.3011 248.2012 0.5948 3.8792
4.2263 0.0001 103.0207 534.6605 226.2077 0.5831 3.4205
5.4578 0.0001 102.9164 596.7268 230.8741 0.5647 2.8314
6.3278 0.0000 102.7992 573.3943 239.3330 0.5538 2.3462
6.9329 0.0000 102.7046 513.0776 238.8582 0.5501 2.0643
7.2457 0.0000 102.6354 396.4439 237.2263 0.5518 1.9763
7.2342 0.0000 102.6014 229.1924 237.2895 0.5560 1.9604
6.9480 0.0000 102.5981 56.6052 237.7876 0.5621 2.1772
6.5426 0.0000 102.6226 0.0000 238.6011 0.5714 2.7541
6.1049 0.0000 102.6422 0.0000 238.9457 0.5841 3.3434
5.5905 0.0000 102.6318 0.0000 236.2712 0.6007 4.0280
4.9858 0.0000 102.6109 0.0000 233.0648 0.6200 4.7950
4.3371 0.0000 102.5906 0.0000 231.9817 0.6365 5.3992
3.7685 0.0000 102.5920 0.0000 231.1264 0.6455 5.4152
3.2541 0.0000 102.5894 0.0000 230.5447 0.6448 5.0775
2.8087 0.0000 102.5701 0.0000 229.5968 0.6384 4.9216
2.4798 0.0000 102.5467 0.0000 228.8705 0.6297 4.9591
2.2214 0.0000 102.5043 0.0000 228.3329 0.6224 4.8403
2.0068 0.0000 102.4709 0.0000 227.9869 0.6191 4.4844
1.7958 0.0000 102.4736 0.0000 228.3255 0.6181 4.4765
1.7637 0.0000 102.4927 0.0000 235.2097 0.6179 4.4905
1.9030 0.0000 102.4878 0.0780 251.5637 0.6179 4.2813
2.1303 0.0000 102.4537 46.1844 256.0206 0.6183 4.2010
