-0.0461 0.0111 101.7323 157.9476 272.2105 0.5623 2.3251
1.6067 0.0017 101.7390 331.4893 262.3766 0.5748 2.3551
3.7051 0.0000 101.6872 542.3128 226.5971 0.5707 2.5320
5.8510 0.0000 101.5719 609.3645 233.2152 0.5337 2.4051
6.9907 0.0000 101.4495 613.5884 235.9354 0.5313 2.1739
7.7684 0.0000 101.3480 551.4725 237.1904 0.5346 2.0535
8.1928 0.0000 101.2747 424.7705 239.2677 0.5374 2.1621
8.2425 0.0000 101.2445 253.5223 240.1842 0.5392 2.3620
7.8256 0.0000 101.2395 72.8625 240.0767 0.5447 2.9580
7.0341 0.0000 101.2600 0.0532 244.2088 0.5495 3.8927
6.1548 0.0000 101.2784 0.0000 236.3515 0.5515 4.3416
5.2933 0.0000 101.2740 0.0000 234.4528 0.5544 4.4363
4.5953 0.0000 101.2574 0.0000 233.0290 0.5598 4.1680
4.1103 0.0000 101.2474 0.0000 232.4679 0.5679 3.5299
3.7267 0.0000 101.2444 0.0000 232.4145 0.5796 2.7517
3.2581 0.0000 101.2325 0.0000 232.6061 0.5913 2.1968
2.7107 0.0000 101.2144 0.0000 232.1675 0.6022 1.8309
2.1735 0.0000 101.1969 0.0000 231.8299 0.6117 1.7298
1.6335 0.0000 101.1511 0.0000 232.4265 0.6202 1.8041
1.0863 0.0004 101.1104 0.0000 245.4007 0.6252 2.0079
0.5324 0.0022 101.1219 0.0000 273.2844 0.6204 2.5079
0.1075 0.0055 101.1506 0.0000 278.8337 0.6101 2.6116
-0.2439 0.0202 101.1530 0.0407 292.6514 0.5997 2.3167
-0.2638 0.0139 101.1256 37.9427 289.0606 0.5988 2.0674
