-1.8527 0.0034 103.0832 169.8756 259.2852 0.5191 3.0166
0.6416 0.0004 103.0933 358.3896 237.4114 0.5572 3.1380
3.3639 0.0001 103.0557 520.9242 223.5867 0.5549 3.0369
4.5805 0.0000 102.9523 581.2482 229.1633 0.5409 2.3824
5.3535 0.0000 102.8359 571.5845 234.0382 0.5364 1.8098
5.9307 0.0000 102.7426 511.7379 234.2782 0.5355 1.4277
6.2834 0.0000 102.6703 395.9406 233.0930 0.5350 1.2462
6.3165 0.0000 102.6294 230.1249 233.7913 0.5369 1.2242
6.0619 0.0000 102.6218 58.9275 233.5033 0.5413 1.3979
5.7052 0.0000 102.6433 0.0003 234.1368 0.5477 1.9075
5.3177 0.0000 102.6562 0.0000 234.6379 0.5561 2.5527
4.8764 0.0000 102.6428 0.0000 233.9435 0.5678 3.3849
4.3796 0.0000 102.6159 0.0000 232.4434 0.5835 4.2889
3.8049 0.0000 102.5981 0.0000 230.8437 0.6028 4.9373
3.1848 0.0000 102.6123 0.0000 230.2094 0.6220 5.0757
2.5356 0.0000 102.6123 0.0000 229.6814 0.6345 4.9256
1.9063 0.0000 102.5866 0.0000 228.9334 0.6384 5.0273
1.3492 0.0000 102.5597 0.0000 229.3114 0.6346 5.1838
0.7914 0.0002 102.5376 0.0000 239.9308 0.6235 4.6261
0.2413 0.0029 102.5255 0.0000 258.0890 0.6074 3.8910
-0.1651 0.0052 102.5130 0.0000 267.8485 0.5920 3.7778
-0.2891 0.0035 102.5032 0.0000 272.6424 0.5841 3.7130
-0.2029 0.0019 102.4790 0.0044 272.9873 0.5830 3.8406
0.0591 0.0008 102.4437 35.8623 271.0320 0.5866 4.0688
