0.0180 0.0088 102.1396 158.7649 269.1587 0.5643 2.3509
1.7712 0.0020 102.1464 327.0040 263.7304 0.5799 2.3245
3.7498 0.0000 102.0945 535.4107 227.7565 0.5794 2.5150
5.7271 0.0000 101.9823 598.1930 234.9385 0.5378 2.3421
6.8577 0.0000 101.8567 605.5046 236.6472 0.5298 2.0804
7.5985 0.0000 101.7552 547.4725 236.5146 0.5315 1.9708
8.0023 0.0000 101.6819 421.3705 238.3965 0.5336 2.0937
8.0373 0.0000 101.6486 250.7716 239.1676 0.5352 2.3136
7.5927 0.0000 101.6404 71.2250 238.8677 0.5409 2.9360
6.7598 0.0000 101.6640 0.0358 238.3929 0.5460 3.9249
5.8685 0.0000 101.6824 0.0000 235.0275 0.5485 4.4056
5.0532 0.0000 101.6780 0.0000 233.2750 0.5516 4.5181
4.4473 0.0000 101.6582 0.0000 232.1193 0.5568 4.2966
4.0542 0.0000 101.6482 0.0000 231.8279 0.5653 3.6885
3.7309 0.0000 101.6485 0.0000 232.0684 0.5783 2.9262
3.2879 0.0000 101.6366 0.0000 232.4061 0.5925 2.4849
2.7444 0.0000 101.6154 0.0000 232.0402 0.6075 2.2312
2.1986 0.0000 101.5978 0.0000 231.7731 0.6216 2.1221
1.6512 0.0000 101.5553 0.0000 232.1720 0.6342 2.1425
1.0842 0.0006 101.5177 0.0000 244.0984 0.6397 2.3263
0.4771 0.0039 101.5293 0.0000 283.4003 0.6288 2.7365
0.0958 0.0077 101.5579 0.0000 294.2522 0.6154 2.6697
-0.1508 0.0193 101.5571 0.0248 296.7030 0.6077 2.3967
-0.1065 0.0110 101.5296 35.1675 291.6175 0.6081 2.2425
