-0.8479 0.0021 98.7499 151.2470 246.3509 0.5206 5.6973
0.9968 0.0002 98.7821 331.1122 232.1956 0.5235 5.3093
3.1925 0.0000 98.7617 482.1902 230.9082 0.5257 4.5800
5.2505 0.0000 98.6887 575.0104 232.3334 0.5051 3.5418
6.7805 0.0000 98.5742 596.5564 235.6737 0.4886 2.9680
7.7655 0.0000 98.4629 546.5714 239.6159 0.4906 2.8782
8.3841 0.0000 98.3775 429.0356 242.9828 0.4953 2.8286
8.5241 0.0000 98.3332 274.1520 243.6645 0.5029 2.8804
8.0385 0.0000 98.3153 101.3598 243.0541 0.5149 3.3159
6.8791 0.0000 98.3238 2.9629 241.1298 0.5273 4.2618
5.5789 0.0000 98.3631 0.0000 238.8514 0.5323 4.4216
4.5676 0.0000 98.3909 0.0000 237.6604 0.5330 3.9538
3.8991 0.0000 98.4041 0.0000 244.3078 0.5300 3.7065
3.4961 0.0000 98.4098 0.0000 255.1757 0.5261 3.3554
3.2907 0.0000 98.3992 0.0000 260.4386 0.5222 3.2144
3.2388 0.0000 98.3658 0.0000 266.6986 0.5187 3.2267
3.3190 0.0000 98.3402 0.0000 270.3535 0.5168 3.2511
3.4734 0.0000 98.3152 0.0000 275.0558 0.5162 3.2362
3.6406 0.0000 98.2766 0.0000 279.8017 0.5165 3.2872
3.7360 0.0000 98.2272 0.0000 283.1523 0.5179 3.2876
3.7447 0.0000 98.1731 0.0000 285.1836 0.5197 3.3878
3.6344 0.0000 98.1090 0.0000 286.4205 0.5222 4.1572
3.3532 0.0000 98.1138 0.0000 284.1357 0.5255 4.0296
3.1704 0.0001 98.1675 19.9243 273.8783 0.5284 3.0840
