-0.7959 0.0013 102.2741 116.5770 266.8125 0.5330 4.1248
0.7330 0.0000 102.2967 299.2026 236.3804 0.5348 4.1427
2.8224 0.0000 102.2680 465.6013 228.8140 0.5191 4.3410
4.6410 0.0000 102.1726 563.8276 229.2701 0.4962 4.1832
5.6716 0.0000 102.0509 588.0416 229.2836 0.4911 3.6742
6.4363 0.0000 101.9346 535.3974 232.3877 0.4887 3.3741
6.8433 0.0000 101.8499 418.9718 235.8215 0.4900 3.3169
6.9105 0.0000 101.8069 259.3724 238.1315 0.4913 3.3741
6.5922 0.0000 101.7941 87.2483 238.9836 0.4975 3.6950
6.0637 0.0000 101.7961 1.2183 238.3076 0.5029 4.4105
5.5437 0.0000 101.7991 0.0000 237.0691 0.5022 4.8124
5.0327 0.0000 101.7956 0.0000 235.6470 0.5029 4.6295
4.5495 0.0000 101.8040 0.0000 234.4966 0.5059 4.0564
4.0935 0.0000 101.8059 0.0000 233.9974 0.5103 3.7920
3.6141 0.0000 101.7912 0.0000 235.5421 0.5167 3.7715
3.1229 0.0000 101.7676 0.0000 243.4007 0.5248 3.4603
2.6858 0.0000 101.7475 0.0000 253.3181 0.5324 3.0887
2.3101 0.0000 101.7357 0.0000 259.6039 0.5396 3.0071
1.9434 0.0000 101.7086 0.0000 263.3176 0.5467 3.2600
1.5702 0.0000 101.6617 0.0000 267.9370 0.5541 3.7601
1.2295 0.0000 101.6180 0.0000 273.5029 0.5616 4.0982
1.0091 0.0000 101.5787 0.0000 276.1656 0.5680 4.3266
0.8746 0.0000 101.5380 0.0000 277.2549 0.5737 4.5957
0.8470 0.0000 101.5488 21.6638 273.5391 0.5789 3.8923
