0.1952 0.0002 100.3663 178.7401 249.9481 0.5744 5.4126
2.3772 0.0000 100.3888 386.0843 223.5777 0.5895 4.8986
5.0769 0.0000 100.3612 524.8663 228.9825 0.5817 4.6023
7.3048 0.0000 100.2769 606.3447 235.6064 0.5323 4.1258
8.5345 0.0000 100.1696 613.8994 242.3898 0.5093 3.8712
9.2157 0.0000 100.0681 561.7596 245.2891 0.5050 4.0675
9.4761 0.0000 99.9970 443.2791 246.9277 0.5081 4.3781
9.3509 0.0000 99.9573 281.5187 247.9165 0.5123 4.7446
8.6831 0.0000 99.9477 102.3097 247.3874 0.5300 5.1567
7.5652 0.0000 99.9564 2.3631 244.8444 0.5464 5.9156
6.5076 0.0000 99.9757 0.0000 241.9776 0.5507 6.2437
5.6351 0.0000 99.9845 0.0000 239.9983 0.5535 5.9351
4.9501 0.0000 99.9833 0.0000 243.6807 0.5551 5.8016
4.4215 0.0000 99.9948 0.0000 253.5886 0.5574 5.3660
4.0453 0.0000 99.9890 0.0000 260.1674 0.5591 4.9712
3.7836 0.0000 99.9642 0.0000 268.4464 0.5593 4.8131
3.6104 0.0000 99.9339 0.0000 273.4923 0.5593 4.7314
3.4647 0.0000 99.9050 0.0000 277.8513 0.5603 4.6107
3.3085 0.0000 99.8788 0.0000 280.5296 0.5617 4.5849
3.1379 0.0000 99.8343 0.0000 282.2738 0.5636 4.7422
2.9560 0.0000 99.8023 0.0000 282.5699 0.5663 4.8361
2.8594 0.0000 99.7668 0.0000 280.2490 0.5706 5.1864
2.8578 0.0000 99.7337 0.0000 275.2388 0.5765 5.2759
2.8852 0.0000 99.7677 39.0981 253.5850 0.5813 4.2076
