-1.8837 0.0011 102.8458 161.9312 249.4685 0.5031 3.9844
0.1911 0.0000 102.8664 337.8706 228.8136 0.5233 3.9195
3.0600 0.0000 102.8319 454.7663 234.1396 0.5027 3.9058
4.5303 0.0000 102.7345 545.9270 233.8272 0.4818 3.1846
5.4269 0.0000 102.6150 584.6587 227.2653 0.4792 2.5235
6.0832 0.0000 102.5057 531.8746 227.3110 0.4827 2.1675
6.5168 0.0000 102.4238 412.5756 229.1496 0.4841 2.0418
6.5845 0.0000 102.3814 247.0355 230.8295 0.4876 2.1405
6.3013 0.0000 102.3723 72.6801 231.8290 0.4950 2.5913
5.8262 0.0000 102.3834 0.1507 231.9652 0.5028 3.5362
5.2494 0.0000 102.3858 0.0000 231.8714 0.5096 4.5198
4.5906 0.0000 102.3654 0.0000 231.3811 0.5164 5.3705
3.9220 0.0000 102.3466 0.0000 230.7895 0.5228 5.7619
3.3441 0.0000 102.3582 0.0000 230.4358 0.5289 5.5199
2.8966 0.0000 102.3764 0.0000 230.4615 0.5350 5.2193
2.4745 0.0000 102.3425 0.0000 230.6092 0.5401 5.3625
2.0241 0.0000 102.3107 0.0000 230.9240 0.5455 5.2566
1.5614 0.0000 102.3149 0.0000 235.6045 0.5536 4.6037
1.1412 0.0000 102.3079 0.0000 243.6525 0.5632 4.2487
0.7961 0.0000 102.2698 0.0000 251.4480 0.5741 4.4222
0.4797 0.0000 102.2290 0.0000 255.8758 0.5844 4.8233
0.1672 0.0005 102.1951 0.0000 266.6582 0.5887 5.3189
-0.1785 0.0030 102.1597 0.0000 276.0253 0.5872 5.6185
-0.3388 0.0036 102.1176 24.1351 283.5324 0.5851 5.5047
