-1.0766 0.0052 100.0527 182.3246 256.8368 0.5242 2.3419
0.8026 0.0006 100.0612 372.0787 238.4840 0.5403 2.6633
3.1048 0.0000 100.0199 537.8063 224.5920 0.5327 2.9829
5.1952 0.0000 99.9142 620.0184 226.2976 0.5024 2.6590
6.3511 0.0000 99.7964 623.8778 230.1095 0.5055 2.1460
7.1275 0.0000 99.7013 560.2763 232.7685 0.5141 1.7952
7.5802 0.0000 99.6341 434.2467 235.1370 0.5204 1.7706
7.6480 0.0000 99.6022 262.6604 236.6575 0.5254 1.9590
7.2609 0.0000 99.5979 78.7758 237.4921 0.5326 2.5379
6.5021 0.0000 99.6156 0.1713 236.3339 0.5379 3.4680
5.6040 0.0000 99.6298 0.0000 233.5536 0.5408 3.9139
4.6723 0.0000 99.6192 0.0000 232.0722 0.5429 4.0675
3.8604 0.0000 99.6075 0.0000 230.9540 0.5450 3.9368
3.2505 0.0000 99.6038 0.0000 230.4280 0.5475 3.5148
2.7967 0.0000 99.6087 0.0000 230.4547 0.5510 3.0399
2.3325 0.0000 99.5907 0.0000 230.5412 0.5538 2.6321
1.8620 0.0000 99.5709 0.0000 230.7976 0.5557 2.3924
1.4468 0.0000 99.5469 0.0000 233.1563 0.5572 2.3634
1.0552 0.0000 99.5028 0.0000 237.2159 0.5589 2.2270
0.6978 0.0001 99.4699 0.0000 252.9320 0.5600 2.0001
0.4071 0.0007 99.4757 0.0000 261.6096 0.5584 2.1102
0.2739 0.0016 99.4810 0.0000 258.0262 0.5572 2.3579
0.1555 0.0047 99.4752 0.0110 263.4577 0.5587 2.5865
0.0496 0.0037 99.4375 51.6865 253.8296 0.5624 2.9743
