-2.0140 0.0001 102.5833 133.8174 247.3909 0.4862 4.4263
-0.2522 0.0000 102.6064 296.9745 232.9861 0.5024 4.0672
2.4577 0.0000 102.5853 455.4131 226.6187 0.4928 4.0298
4.4683 0.0000 102.4900 554.2282 226.3895 0.4669 3.6118
5.4063 0.0000 102.3636 579.7019 224.9934 0.4602 2.9677
6.0573 0.0000 102.2544 525.2134 227.3370 0.4583 2.5743
6.4765 0.0000 102.1671 409.1446 230.0053 0.4575 2.4186
6.5565 0.0000 102.1247 249.1360 232.0172 0.4587 2.5060
6.2968 0.0000 102.1091 78.5144 232.9274 0.4635 2.9288
5.8105 0.0000 102.1096 0.5051 232.8785 0.4679 3.7998
5.1878 0.0000 102.1120 0.0000 232.5788 0.4709 4.7174
4.4797 0.0000 102.0976 0.0000 232.1504 0.4754 5.3479
3.8016 0.0000 102.0915 0.0000 231.4725 0.4815 5.4120
3.2178 0.0000 102.1136 0.0000 231.0061 0.4891 5.1953
2.7057 0.0000 102.1032 0.0000 230.7349 0.4975 5.4211
2.1722 0.0000 102.0738 0.0000 231.1492 0.5068 5.4913
1.6675 0.0000 102.0660 0.0000 238.5410 0.5160 5.0141
1.2646 0.0000 102.0657 0.0000 246.7012 0.5235 4.8474
0.9490 0.0000 102.0476 0.0000 252.7461 0.5290 4.9553
0.7120 0.0000 101.9900 0.0000 256.9582 0.5334 5.3421
0.5350 0.0000 101.9372 0.0000 256.5140 0.5382 5.7783
0.4572 0.0000 101.8947 0.0000 263.0154 0.5453 5.9764
0.4274 0.0000 101.8531 0.0000 268.7085 0.5543 6.0996
0.3786 0.0001 101.8367 21.3028 271.1621 0.5657 5.7292
