-0.6657 0.0009 102.5486 133.2894 265.5541 0.5362 4.6613
1.0279 0.0000 102.5651 314.2510 238.4846 0.5425 4.6430
3.3206 0.0000 102.5295 477.9128 232.5946 0.5189 4.6588
5.1632 0.0000 102.4281 583.3337 229.9382 0.4903 4.2376
6.1962 0.0000 102.3096 605.6659 229.1490 0.4898 3.6786
6.9049 0.0000 102.2002 550.1872 231.1551 0.4940 3.3790
7.3047 0.0000 102.1244 430.6704 233.5595 0.4982 3.3497
7.3548 0.0000 102.0819 265.5569 235.4342 0.5008 3.4472
6.9711 0.0000 102.0726 86.1540 236.7279 0.5106 3.9048
6.3530 0.0000 102.0731 0.6703 236.9860 0.5171 4.8290
5.7544 0.0000 102.0743 0.0000 237.0316 0.5183 5.4979
5.1710 0.0000 102.0565 0.0000 236.8575 0.5231 5.7209
4.6103 0.0000 102.0528 0.0000 236.4518 0.5320 5.3622
4.0960 0.0000 102.0663 0.0000 235.9462 0.5419 4.8703
3.6132 0.0000 102.0588 0.0000 235.7797 0.5499 4.7672
3.1273 0.0000 102.0316 0.0000 236.9826 0.5558 4.5803
2.7124 0.0000 102.0094 0.0000 246.3719 0.5599 4.0881
2.4184 0.0000 101.9935 0.0000 252.8323 0.5631 3.5664
2.1397 0.0000 101.9745 0.0000 260.7405 0.5657 3.4972
1.8157 0.0000 101.9374 0.0000 263.8467 0.5678 3.8045
1.5178 0.0000 101.9071 0.0000 266.0800 0.5691 4.3417
1.4051 0.0000 101.8833 0.0000 270.8996 0.5702 4.7042
1.4674 0.0000 101.8417 0.0000 269.8604 0.5715 5.1175
1.6524 0.0000 101.8111 32.4650 262.6751 0.5729 4.9739
