-1.7523 0.0042 102.6568 166.6003 259.7113 0.5131 2.4373
0.4002 0.0004 102.6652 354.9790 240.1494 0.5418 2.7421
3.2871 0.0000 102.6234 485.7947 234.2156 0.5346 3.1806
4.7976 0.0000 102.5223 548.9814 240.5417 0.5150 2.6965
5.6899 0.0000 102.4051 581.6149 234.6954 0.5119 2.1557
6.3537 0.0000 102.3057 532.9062 232.4153 0.5123 1.8504
6.7578 0.0000 102.2281 414.9038 232.3332 0.5125 1.7495
6.7946 0.0000 102.1905 247.2150 233.0757 0.5139 1.8192
6.4557 0.0000 102.1814 69.9500 232.9867 0.5184 2.2908
5.8782 0.0000 102.1979 0.0395 232.1201 0.5229 3.1989
5.2699 0.0000 102.2083 0.0000 231.2957 0.5255 3.9515
4.6839 0.0000 102.1879 0.0000 230.5057 0.5287 4.5732
4.1745 0.0000 102.1613 0.0000 229.9787 0.5335 4.9199
3.7542 0.0000 102.1626 0.0000 229.8067 0.5417 4.7644
3.3838 0.0000 102.1787 0.0000 230.1028 0.5534 4.3196
2.9454 0.0000 102.1587 0.0000 230.5176 0.5660 4.1037
2.4356 0.0000 102.1322 0.0000 230.4239 0.5800 4.1907
1.9073 0.0000 102.1106 0.0000 230.5223 0.5956 4.0908
1.3824 0.0001 102.0947 0.0000 235.9992 0.6088 3.5098
0.8546 0.0008 102.0736 0.0000 251.5710 0.6145 3.2078
0.3164 0.0047 102.0616 0.0000 272.7492 0.6119 3.4040
-0.0630 0.0069 102.0517 0.0000 286.8705 0.6043 3.7564
-0.2167 0.0092 102.0309 0.0006 291.3094 0.6001 4.1754
-0.0840 0.0031 101.9894 31.0611 286.1074 0.6038 4.5155
