-0.8281 0.0003 100.7586 167.6933 249.0436 0.5269 4.3504
1.3534 0.0000 100.7675 374.6643 222.4255 0.5312 4.2400
4.0673 0.0000 100.7319 525.2895 222.9203 0.5022 4.2492
6.0238 0.0000 100.6400 611.1216 226.2532 0.4731 3.7013
7.0765 0.0000 100.5273 623.6405 228.8605 0.4715 3.1723
7.7172 0.0000 100.4294 564.8390 231.7378 0.4781 3.0528
8.0042 0.0000 100.3560 442.7153 234.2786 0.4870 3.2605
7.9071 0.0000 100.3250 274.4986 236.0503 0.4957 3.5123
7.3102 0.0000 100.3159 90.6524 237.2207 0.5116 4.1064
6.3489 0.0000 100.3278 0.8016 237.1968 0.5229 4.9827
5.4179 0.0000 100.3302 0.0000 236.7202 0.5266 5.3271
4.6632 0.0000 100.3213 0.0000 236.0449 0.5307 5.1458
4.1073 0.0000 100.3169 0.0000 235.4528 0.5355 4.5047
3.7144 0.0000 100.3197 0.0000 235.3905 0.5401 3.9178
3.4319 0.0000 100.3129 0.0000 237.4435 0.5439 3.6216
3.2091 0.0000 100.2851 0.0000 240.8295 0.5467 3.3570
3.0428 0.0000 100.2571 0.0000 249.6082 0.5487 3.0718
2.9270 0.0000 100.2336 0.0000 256.5002 0.5505 2.6411
2.7570 0.0000 100.2102 0.0000 265.5024 0.5520 2.2071
2.5139 0.0000 100.1851 0.0000 266.3904 0.5530 2.0767
2.2941 0.0000 100.1569 0.0000 268.6889 0.5537 2.4791
2.2704 0.0000 100.1426 0.0000 270.8484 0.5548 2.9591
2.4421 0.0000 100.1003 0.0000 261.4159 0.5558 3.6228
2.7294 0.0000 100.0652 35.3895 265.2334 0.5568 3.8255
