-1.2619 0.0058 102.5869 165.7015 264.0658 0.5287 2.4515
0.5415 0.0006 102.5966 341.0578 250.2883 0.5522 2.6274
3.2274 0.0000 102.5561 491.1046 235.5594 0.5464 3.0481
4.8561 0.0000 102.4506 553.1543 242.0910 0.5210 2.6321
5.7720 0.0000 102.3331 579.9432 237.7557 0.5160 2.1418
6.4364 0.0000 102.2349 534.4035 234.1535 0.5156 1.8761
6.8179 0.0000 102.1602 417.2254 233.6556 0.5159 1.8248
6.8467 0.0000 102.1214 248.9341 234.2885 0.5173 1.9313
6.4967 0.0000 102.1123 70.7368 234.0678 0.5220 2.4587
5.8789 0.0000 102.1288 0.0460 232.9774 0.5264 3.4176
5.2349 0.0000 102.1392 0.0000 231.9081 0.5287 4.0883
4.6555 0.0000 102.1187 0.0000 231.0568 0.5314 4.5734
4.1897 0.0000 102.0938 0.0000 230.5964 0.5357 4.8076
3.8062 0.0000 102.0928 0.0000 230.6029 0.5440 4.5931
3.4539 0.0000 102.1056 0.0000 231.0761 0.5562 4.1428
3.0289 0.0000 102.0854 0.0000 231.5709 0.5693 3.8913
2.5392 0.0000 102.0617 0.0000 231.5285 0.5825 3.8900
2.0490 0.0000 102.0372 0.0000 231.8668 0.5962 3.8212
1.5591 0.0000 102.0153 0.0000 235.4641 0.6083 3.3225
1.0644 0.0006 101.9926 0.0000 248.2236 0.6140 2.9218
0.5726 0.0032 101.9879 0.0000 270.0305 0.6127 3.0237
0.2447 0.0053 101.9866 0.0000 282.6798 0.6092 3.3511
0.0698 0.0086 101.9662 0.0018 285.3915 0.6075 3.8159
0.1094 0.0033 101.9260 35.5257 280.3961 0.6096 4.2471
