-1.0938 0.0011 102.5524 111.6544 265.4181 0.5236 3.8670
0.5021 0.0000 102.5767 280.0597 239.8063 0.5268 3.9717
2.6622 0.0000 102.5496 451.2940 230.0461 0.5155 4.1342
4.6255 0.0000 102.4542 552.8280 229.5980 0.4929 3.9538
5.6599 0.0000 102.3291 579.4996 229.0359 0.4870 3.4134
6.4001 0.0000 102.2123 526.9586 232.4268 0.4834 3.0635
6.8220 0.0000 102.1243 413.1750 235.5472 0.4824 2.9330
6.9106 0.0000 102.0806 255.1049 237.7052 0.4823 2.9632
6.6407 0.0000 102.0661 84.9124 238.6505 0.4864 3.2771
6.1735 0.0000 102.0666 1.1133 238.1798 0.4898 4.0133
5.6626 0.0000 102.0690 0.0000 237.1199 0.4893 4.5526
5.1245 0.0000 102.0627 0.0000 235.7109 0.4905 4.5778
4.5992 0.0000 102.0702 0.0000 234.5178 0.4939 4.1584
4.1067 0.0000 102.0743 0.0000 233.7873 0.4988 3.9642
3.5929 0.0000 102.0596 0.0000 233.9316 0.5059 4.0170
3.0672 0.0000 102.0396 0.0000 241.2369 0.5150 3.6621
2.6009 0.0000 102.0214 0.0000 251.6008 0.5243 3.3048
2.1937 0.0000 102.0134 0.0000 257.8827 0.5336 3.1967
1.8066 0.0000 101.9884 0.0000 261.9908 0.5428 3.3613
1.4375 0.0000 101.9349 0.0000 266.2215 0.5518 3.8303
1.1127 0.0000 101.8872 0.0000 271.7359 0.5604 4.2251
0.9045 0.0000 101.8463 0.0000 275.7107 0.5676 4.5411
0.7736 0.0000 101.8024 0.0000 277.6796 0.5733 4.8886
0.7145 0.0001 101.8157 20.6709 273.3022 0.5792 4.3567
