-1.6879 0.0003 102.7009 135.8366 252.6119 0.5019 4.4583
0.1104 0.0000 102.7235 294.2787 237.1128 0.5166 4.2017
2.6543 0.0000 102.6972 449.1722 231.3582 0.5031 4.2190
4.4662 0.0000 102.6019 557.1360 228.0102 0.4765 3.7394
5.4271 0.0000 102.4780 584.7607 225.8508 0.4692 3.0919
6.1059 0.0000 102.3674 530.4551 227.6115 0.4680 2.6932
6.5330 0.0000 102.2821 413.2724 230.0433 0.4675 2.5398
6.6356 0.0000 102.2385 251.5479 232.1469 0.4681 2.6144
6.3858 0.0000 102.2254 78.9359 233.2685 0.4734 2.9961
5.9264 0.0000 102.2259 0.4796 233.3633 0.4783 3.8288
5.3655 0.0000 102.2283 0.0000 233.1960 0.4824 4.7139
4.7229 0.0000 102.2118 0.0000 232.8868 0.4894 5.3438
4.0753 0.0000 102.2045 0.0000 232.3928 0.4989 5.4247
3.4894 0.0000 102.2255 0.0000 231.9969 0.5092 5.1846
2.9593 0.0000 102.2189 0.0000 231.6875 0.5193 5.3750
2.4083 0.0000 102.1869 0.0000 231.8976 0.5287 5.5297
1.8863 0.0000 102.1740 0.0000 237.7762 0.5365 5.0970
1.4728 0.0000 102.1763 0.0000 246.7728 0.5424 4.7898
1.1565 0.0000 102.1575 0.0000 252.7304 0.5464 4.8685
0.9074 0.0000 102.1076 0.0000 257.4713 0.5493 5.2280
0.7118 0.0000 102.0581 0.0000 259.5292 0.5531 5.6839
0.6116 0.0000 102.0194 0.0000 264.4284 0.5599 5.9316
0.5496 0.0000 101.9785 0.0000 269.4856 0.5690 6.1067
0.4502 0.0002 101.9537 23.1170 270.9475 0.5789 5.7802
