-1.5192 0.0014 103.1260 175.7036 251.2910 0.5219 3.1677
1.1853 0.0002 103.1341 382.0660 219.6726 0.5479 3.1546
3.4681 0.0001 103.0971 508.6091 223.0763 0.5392 2.6736
4.4927 0.0001 102.9959 571.8053 227.4851 0.5311 2.0912
5.1992 0.0001 102.8792 573.0773 229.0565 0.5306 1.6839
5.7175 0.0001 102.7860 504.1607 232.1881 0.5319 1.3677
5.9859 0.0000 102.7147 377.8604 234.8347 0.5335 1.1697
5.9270 0.0001 102.6804 217.1833 234.3238 0.5361 1.1594
5.5903 0.0001 102.6728 53.7734 233.4019 0.5387 1.4615
5.1308 0.0001 102.6966 0.0000 234.6933 0.5422 2.0479
4.6283 0.0001 102.7100 0.0000 240.7611 0.5488 2.5750
4.0731 0.0001 102.6996 0.0000 238.9161 0.5583 3.2553
3.4537 0.0000 102.6790 0.0000 231.7116 0.5702 4.0897
2.7540 0.0000 102.6618 0.0000 228.4346 0.5825 4.7744
2.0604 0.0000 102.6688 0.0000 226.8044 0.5894 4.9836
1.4470 0.0000 102.6794 0.0000 225.6256 0.5905 4.6584
0.9598 0.0000 102.6593 0.0000 224.8504 0.5864 4.3872
0.5714 0.0000 102.6260 0.0000 224.4286 0.5788 4.2972
0.2846 0.0000 102.6092 0.0000 225.8027 0.5714 3.6275
0.1059 0.0003 102.5881 0.0000 232.8659 0.5664 2.8432
0.0106 0.0009 102.5624 0.0000 237.8303 0.5621 2.6993
0.1002 0.0012 102.5359 0.0000 249.5943 0.5592 2.8459
0.2640 0.0014 102.5111 0.0006 237.3880 0.5575 3.2228
0.4318 0.0012 102.4770 47.4643 240.3796 0.5574 3.5495
