-1.0975 0.0002 98.4415 191.6810 245.6139 0.5232 4.0674
1.2155 0.0000 98.4538 412.8207 214.2622 0.5392 3.9318
4.1384 0.0000 98.4182 552.0018 218.8770 0.5210 3.8737
6.1504 0.0000 98.3358 628.7528 225.1234 0.4972 3.1650
7.3009 0.0000 98.2319 635.7329 229.3424 0.4933 2.3823
8.0612 0.0000 98.1410 574.7390 232.8669 0.4965 2.0349
8.4596 0.0000 98.0684 447.5828 237.0413 0.5029 2.1729
8.4663 0.0000 98.0420 279.7402 238.0466 0.5098 2.4542
7.9772 0.0000 98.0393 93.7379 238.7990 0.5209 2.9806
7.1116 0.0000 98.0501 0.9157 238.4532 0.5286 3.7074
6.1893 0.0000 98.0549 0.0000 237.6645 0.5321 4.0206
5.3665 0.0000 98.0491 0.0000 236.7168 0.5356 3.8418
4.7302 0.0000 98.0497 0.0000 235.8951 0.5392 3.3752
4.2655 0.0000 98.0497 0.0000 237.0092 0.5424 3.0608
3.9088 0.0000 98.0493 0.0000 240.1136 0.5454 2.8414
3.5905 0.0000 98.0329 0.0000 243.6671 0.5475 2.7081
3.3234 0.0000 98.0051 0.0000 251.6362 0.5484 2.7376
3.1089 0.0000 97.9728 0.0000 260.8145 0.5488 2.6984
2.8974 0.0000 97.9412 0.0000 268.3307 0.5487 2.3387
2.7005 0.0000 97.9167 0.0000 269.4933 0.5479 2.0054
2.5462 0.0000 97.8976 0.0000 267.9178 0.5465 2.2594
2.5217 0.0000 97.8874 0.0000 268.6784 0.5458 2.6432
2.5716 0.0000 97.8541 0.0000 261.5479 0.5459 3.3157
2.6170 0.0000 97.8278 37.9528 267.2867 0.5467 3.6505
