3.4339 0.0060 103.0566 188.7999 262.3066 0.6116 5.0607
3.9996 0.0032 103.0801 330.6609 258.0047 0.5974 4.6411
4.4530 0.0031 103.0473 478.9938 244.1013 0.5957 4.2214
4.8376 0.0023 102.9498 539.2559 246.7360 0.5914 3.7876
5.0997 0.0020 102.8509 548.0084 243.2445 0.5882 3.3678
5.2308 0.0014 102.7761 480.6104 244.3040 0.5864 3.0453
5.2240 0.0010 102.7197 359.2064 244.5793 0.5829 2.8270
5.0816 0.0008 102.6933 201.5885 244.1873 0.5782 2.7268
4.7047 0.0006 102.6919 44.4118 244.7675 0.5776 2.9296
4.1831 0.0004 102.7137 0.0000 243.0059 0.5799 3.4218
3.7451 0.0002 102.7379 0.0000 236.9199 0.5793 3.5328
3.4399 0.0001 102.7388 0.0000 233.6548 0.5763 3.5841
3.3161 0.0000 102.7132 0.0000 229.1960 0.5725 3.7876
3.3128 0.0000 102.6875 0.0000 227.2045 0.5704 4.0317
3.3835 0.0000 102.6698 0.0000 227.2004 0.5722 3.9848
3.3849 0.0000 102.6612 0.0000 227.4662 0.5756 3.5958
3.2750 0.0000 102.6490 0.0000 227.0304 0.5776 3.3966
3.1312 0.0000 102.6169 0.0000 226.6065 0.5790 3.6534
2.9896 0.0000 102.5675 0.0000 226.1040 0.5816 4.0468
2.8648 0.0000 102.5210 0.0000 225.8629 0.5861 4.0824
2.7503 0.0000 102.5211 0.0000 226.7433 0.5901 4.0968
2.7726 0.0000 102.5327 0.0000 228.6169 0.5938 4.0946
2.9225 0.0000 102.5279 0.1123 237.9336 0.5981 3.7490
3.1496 0.0000 102.5035 60.6568 241.3766 0.6042 3.4902
