1.4016 0.0044 103.0140 193.0897 263.9647 0.6181 4.5576
2.9830 0.0004 103.0286 371.2398 250.3204 0.6245 4.1880
4.8212 0.0000 102.9768 540.2355 231.4655 0.6148 3.7343
6.1228 0.0000 102.8729 603.6788 235.5535 0.5889 3.2401
7.0819 0.0000 102.7561 595.7410 239.3764 0.5693 2.7938
7.7064 0.0000 102.6564 526.8538 241.1556 0.5601 2.5651
8.0397 0.0000 102.5888 405.7446 240.2665 0.5566 2.5272
8.0732 0.0000 102.5585 235.5427 240.6127 0.5572 2.5468
7.8176 0.0000 102.5531 59.5488 240.6744 0.5648 2.8239
7.3683 0.0000 102.5756 0.0001 239.8839 0.5794 3.4455
6.8820 0.0000 102.5959 0.0000 238.7187 0.5962 3.9588
6.3740 0.0000 102.5894 0.0000 237.6376 0.6150 4.4113
5.8552 0.0000 102.5686 0.0000 236.6353 0.6361 4.7922
5.3587 0.0000 102.5469 0.0000 235.7402 0.6590 4.9704
4.9693 0.0000 102.5445 0.0000 235.2131 0.6776 4.7173
4.5367 0.0000 102.5326 0.0000 235.0041 0.6874 4.3897
4.0490 0.0000 102.5146 0.0000 234.1425 0.6899 4.2381
3.6237 0.0000 102.5009 0.0000 233.4252 0.6861 4.1042
3.2355 0.0002 102.4593 0.0000 238.3712 0.6763 4.0390
2.8564 0.0007 102.4130 0.0000 244.3141 0.6633 3.9801
2.5497 0.0005 102.4112 0.0000 246.5505 0.6548 4.0379
2.4740 0.0002 102.4494 0.0000 251.8202 0.6498 4.1612
2.5430 0.0001 102.4648 0.2361 259.6512 0.6465 4.0409
2.6929 0.0001 102.4352 57.7302 255.5291 0.6442 3.8766
