0.2149 0.0062 103.0382 168.5358 274.9641 0.5908 3.5486
1.9608 0.0005 103.0528 338.3223 261.4599 0.6067 3.4044
4.2342 0.0000 103.0041 533.3405 229.3082 0.5988 3.0385
5.7793 0.0000 102.8928 592.8446 235.9867 0.5627 2.5082
6.8819 0.0000 102.7719 582.1780 241.1625 0.5376 2.1283
7.5549 0.0000 102.6681 519.8106 241.7408 0.5304 2.0197
7.9236 0.0000 102.6002 406.5502 238.6705 0.5298 2.0866
7.9513 0.0000 102.5683 236.8321 239.3816 0.5323 2.1893
7.6577 0.0000 102.5592 61.3678 239.1803 0.5385 2.5630
7.1773 0.0000 102.5836 0.0003 237.9343 0.5473 3.2481
6.6949 0.0000 102.6020 0.0000 236.7451 0.5581 3.7873
6.1917 0.0000 102.5920 0.0000 235.7100 0.5746 4.2849
5.6341 0.0000 102.5690 0.0000 234.9646 0.5993 4.7711
5.0107 0.0000 102.5459 0.0000 234.4076 0.6300 5.0531
4.4118 0.0000 102.5525 0.0000 234.1233 0.6579 4.8744
3.7929 0.0000 102.5406 0.0000 233.9518 0.6731 4.5884
3.1805 0.0000 102.5263 0.0000 233.0728 0.6773 4.4083
2.6858 0.0000 102.5109 0.0000 232.3463 0.6737 4.2484
2.2587 0.0002 102.4694 0.0000 238.0596 0.6629 4.1301
1.8550 0.0008 102.4305 0.0000 245.0806 0.6486 3.9232
1.5601 0.0007 102.4344 0.0000 248.0420 0.6398 3.8791
1.5276 0.0003 102.4673 0.0000 257.0553 0.6369 3.8331
1.6516 0.0002 102.4701 0.1007 263.6515 0.6360 3.6637
1.8328 0.0001 102.4348 51.7391 257.6902 0.6345 3.6242
