0.2702 0.0007 100.7481 161.9345 245.8737 0.5652 6.6230
2.0301 0.0001 100.7804 349.3623 231.5228 0.5649 6.2876
4.2099 0.0000 100.7575 497.6268 231.5084 0.5584 5.7181
6.2182 0.0000 100.6798 582.3566 236.1289 0.5309 4.6918
7.7342 0.0000 100.5614 599.3600 240.8769 0.5078 4.0154
8.7093 0.0000 100.4424 550.1859 244.3675 0.5062 3.7877
9.2978 0.0000 100.3562 432.7414 247.0469 0.5104 3.6799
9.4829 0.0000 100.3041 276.7964 248.1444 0.5173 3.7501
9.0942 0.0000 100.2870 103.1363 248.2474 0.5309 4.0678
8.0574 0.0000 100.2960 3.3216 247.1213 0.5469 4.8867
6.8224 0.0000 100.3401 0.0000 245.7962 0.5577 5.2494
5.7684 0.0000 100.3690 0.0000 246.2015 0.5644 5.1569
4.9891 0.0000 100.3812 0.0000 257.7234 0.5666 5.0166
4.4669 0.0000 100.3943 0.0000 265.5699 0.5670 4.5822
4.1314 0.0000 100.3845 0.0000 269.2044 0.5645 4.5075
3.9336 0.0000 100.3497 0.0000 273.8009 0.5596 4.6506
3.8686 0.0000 100.3216 0.0000 277.0560 0.5550 4.6927
3.9068 0.0000 100.2941 0.0000 281.2226 0.5519 4.6621
3.9952 0.0000 100.2505 0.0000 284.6085 0.5505 4.7184
4.0458 0.0000 100.2000 0.0000 286.9342 0.5514 4.6911
4.0237 0.0000 100.1434 0.0000 287.8205 0.5537 4.9323
3.8924 0.0000 100.0812 0.0000 286.5115 0.5585 5.4988
3.6276 0.0000 100.0979 0.0000 276.5132 0.5654 4.8323
3.4036 0.0000 100.1533 26.2901 263.5286 0.5703 3.7642
