-2.2519 0.0002 102.7956 172.0896 234.7496 0.4819 3.8524
-0.1456 0.0000 102.8118 340.8335 218.6710 0.4952 3.3965
2.6162 0.0000 102.7809 467.9274 223.4165 0.4564 2.9423
4.0381 0.0000 102.6860 546.4568 226.3686 0.4330 2.3237
4.7690 0.0000 102.5677 560.8028 225.9332 0.4331 1.8919
5.2590 0.0000 102.4664 503.0963 227.0679 0.4380 1.6682
5.5378 0.0000 102.3918 390.6580 226.9091 0.4413 1.6607
5.5083 0.0000 102.3512 234.9669 226.1677 0.4445 1.8099
5.1409 0.0000 102.3416 65.6600 227.0537 0.4487 2.3021
4.5838 0.0000 102.3471 0.0474 226.9465 0.4506 3.0502
3.9947 0.0000 102.3558 0.0000 226.2080 0.4515 3.6228
3.4223 0.0000 102.3366 0.0000 225.3458 0.4529 4.1526
2.9037 0.0000 102.3144 0.0000 224.8554 0.4557 4.4809
2.4909 0.0000 102.3154 0.0000 225.1045 0.4613 4.4085
2.1619 0.0000 102.3372 0.0000 225.8681 0.4706 4.1623
1.8188 0.0000 102.3167 0.0000 226.7861 0.4823 4.2553
1.4201 0.0000 102.2916 0.0000 227.5725 0.4967 4.2957
1.0228 0.0000 102.2910 0.0000 232.2421 0.5137 3.8424
0.6792 0.0000 102.2801 0.0000 239.9528 0.5306 3.6431
0.3787 0.0000 102.2272 0.0000 245.3300 0.5482 3.7818
0.0779 0.0000 102.1774 0.0000 252.8105 0.5610 4.1865
-0.2325 0.0006 102.1340 0.0000 251.0295 0.5677 4.6522
-0.6564 0.0042 102.1083 0.0000 258.9342 0.5663 4.8492
-1.0225 0.0062 102.0753 26.8072 271.1571 0.5586 4.6690
