1.4606 0.0000 101.6525 151.9091 253.9149 0.6148 5.6257
3.2868 0.0000 101.6911 341.3463 238.1422 0.6109 5.7102
5.4097 0.0000 101.6721 490.4331 237.8363 0.5959 5.2753
7.2594 0.0000 101.6005 579.2675 241.0670 0.5624 4.4117
8.5097 0.0000 101.4807 600.0331 244.1979 0.5448 3.7251
9.4390 0.0000 101.3554 554.3050 246.7214 0.5373 3.3224
10.0063 0.0000 101.2653 437.9095 249.3703 0.5382 3.1454
10.1791 0.0000 101.2068 282.4958 251.2591 0.5416 3.1668
9.9595 0.0000 101.1909 108.5768 253.3733 0.5499 3.0973
9.4297 0.0000 101.2093 4.6448 255.6491 0.5562 2.9291
8.7173 0.0000 101.2572 0.0000 257.3636 0.5596 2.9416
7.8836 0.0000 101.2699 0.0000 269.1775 0.5674 3.2081
7.0730 0.0000 101.3056 0.0000 278.0196 0.5807 2.8977
6.3863 0.0000 101.3178 0.0000 280.8397 0.5925 2.7205
5.7601 0.0000 101.2949 0.0000 281.4600 0.6008 3.0847
5.1959 0.0000 101.2622 0.0000 284.2902 0.6061 3.5739
4.7865 0.0000 101.2461 0.0000 286.7726 0.6075 3.6690
4.5365 0.0000 101.2136 0.0000 288.4556 0.6048 3.7486
4.3993 0.0000 101.1733 0.0000 289.9104 0.6019 3.6527
4.3206 0.0000 101.1195 0.0000 289.9931 0.5998 3.5943
4.2461 0.0000 101.0466 0.0000 289.1976 0.5972 4.1466
4.1029 0.0000 100.9909 0.0000 272.6083 0.5997 4.5122
3.9235 0.0000 101.0482 0.0000 255.3653 0.6097 3.1307
3.7388 0.0000 101.0747 22.3556 270.5629 0.6183 2.4900
