-1.1005 0.0003 98.1171 192.0018 248.0759 0.5252 4.0955
1.2116 0.0000 98.1310 416.1866 213.9142 0.5441 3.9436
4.1518 0.0000 98.0954 554.1608 218.9795 0.5294 3.8568
6.1778 0.0000 98.0151 630.3771 225.4885 0.5065 3.1205
7.3621 0.0000 97.9122 637.0795 229.8105 0.5009 2.2795
8.1597 0.0000 97.8214 576.0200 233.4147 0.5024 1.8690
8.5880 0.0000 97.7483 447.8349 238.0300 0.5078 1.9708
8.6296 0.0000 97.7219 280.5049 238.8556 0.5139 2.2409
8.1878 0.0000 97.7203 94.4552 239.5874 0.5234 2.7337
7.3808 0.0000 97.7295 0.9655 239.2648 0.5300 3.4303
6.4886 0.0000 97.7343 0.0000 238.4550 0.5332 3.7786
5.6543 0.0000 97.7295 0.0000 237.4168 0.5367 3.6276
4.9889 0.0000 97.7321 0.0000 236.4882 0.5404 3.2045
4.4866 0.0000 97.7326 0.0000 237.8801 0.5436 2.9455
4.0847 0.0000 97.7334 0.0000 241.2359 0.5468 2.7384
3.7197 0.0000 97.7202 0.0000 244.6379 0.5490 2.6225
3.4084 0.0000 97.6924 0.0000 252.9290 0.5499 2.6873
3.1575 0.0000 97.6590 0.0000 262.7767 0.5502 2.7143
2.9259 0.0000 97.6264 0.0000 269.4946 0.5498 2.4210
2.7264 0.0000 97.6008 0.0000 270.3951 0.5487 2.1208
2.5726 0.0000 97.5828 0.0000 268.1052 0.5469 2.4132
2.5346 0.0000 97.5731 0.0000 268.5094 0.5458 2.7713
2.5478 0.0000 97.5409 0.0000 262.8042 0.5456 3.4052
2.5364 0.0000 97.5177 37.2495 269.1454 0.5464 3.6866
