-1.8020 0.0016 102.8548 159.0732 252.2776 0.5067 3.9164
0.2547 0.0001 102.8741 329.5745 233.4344 0.5260 3.9193
3.0674 0.0000 102.8393 450.8171 235.8866 0.5078 3.9667
4.5681 0.0000 102.7407 547.4860 234.2944 0.4863 3.2534
5.5018 0.0000 102.6214 585.6691 228.0836 0.4828 2.5839
6.1790 0.0000 102.5121 533.8804 227.8457 0.4857 2.2166
6.6255 0.0000 102.4299 414.7640 229.6127 0.4866 2.0821
6.7069 0.0000 102.3875 249.1108 231.2478 0.4897 2.1836
6.4329 0.0000 102.3784 73.9010 232.2229 0.4971 2.6338
5.9688 0.0000 102.3883 0.1713 232.3597 0.5050 3.5864
5.4037 0.0000 102.3907 0.0000 232.3185 0.5121 4.5811
4.7476 0.0000 102.3702 0.0000 231.8808 0.5192 5.4419
4.0630 0.0000 102.3514 0.0000 231.3215 0.5261 5.8241
3.4579 0.0000 102.3643 0.0000 230.9527 0.5325 5.5697
2.9807 0.0000 102.3812 0.0000 230.8934 0.5382 5.2857
2.5311 0.0000 102.3486 0.0000 230.9313 0.5426 5.4127
2.0677 0.0000 102.3177 0.0000 231.1958 0.5468 5.2864
1.6139 0.0000 102.3206 0.0000 236.2484 0.5535 4.6388
1.2107 0.0000 102.3124 0.0000 244.4261 0.5617 4.2662
0.8751 0.0000 102.2743 0.0000 252.1718 0.5712 4.4392
0.5652 0.0000 102.2367 0.0000 256.5904 0.5814 4.8574
0.2855 0.0004 102.2040 0.0000 265.5271 0.5879 5.3700
-0.0274 0.0022 102.1690 0.0000 274.6105 0.5888 5.7038
-0.1822 0.0029 102.1265 24.9698 281.6832 0.5884 5.6544
