-0.8747 0.0004 98.6066 183.0568 252.4531 0.5368 4.3348
1.4146 0.0000 98.6218 410.7678 215.0944 0.5567 4.0961
4.3297 0.0000 98.5875 549.4972 220.0452 0.5434 3.9449
6.3994 0.0000 98.5074 626.7338 226.7305 0.5170 3.2286
7.6393 0.0000 98.4043 634.7131 231.3094 0.5066 2.4924
8.4215 0.0000 98.3097 574.9567 235.0664 0.5072 2.2898
8.8075 0.0000 98.2376 446.0687 240.2239 0.5123 2.5133
8.7927 0.0000 98.2099 280.5066 240.9420 0.5172 2.8014
8.2901 0.0000 98.2068 96.1006 241.6527 0.5273 3.2787
7.4221 0.0000 98.2159 1.2313 241.2130 0.5336 3.9147
6.4861 0.0000 98.2209 0.0000 240.0432 0.5355 4.1392
5.6393 0.0000 98.2177 0.0000 238.5379 0.5386 3.8278
4.9938 0.0000 98.2207 0.0000 237.2836 0.5418 3.3619
4.5235 0.0000 98.2202 0.0000 240.8352 0.5448 3.0909
4.1649 0.0000 98.2196 0.0000 244.2893 0.5478 2.8084
3.8710 0.0000 98.2051 0.0000 250.9823 0.5502 2.6990
3.6440 0.0000 98.1748 0.0000 259.8815 0.5522 2.7504
3.4654 0.0000 98.1418 0.0000 267.3343 0.5539 2.7495
3.2772 0.0000 98.1162 0.0000 273.0559 0.5549 2.4551
3.0952 0.0000 98.0857 0.0000 272.0666 0.5546 2.3460
2.9231 0.0000 98.0636 0.0000 272.7513 0.5533 2.7056
2.8660 0.0000 98.0502 0.0000 271.5437 0.5527 3.0943
2.8822 0.0000 98.0152 0.0000 267.4605 0.5529 3.7308
2.9037 0.0000 97.9998 34.5967 271.5553 0.5542 3.7611
