-1.0865 0.0026 98.1825 147.3174 247.7475 0.5119 5.3270
0.7304 0.0002 98.2147 325.4061 232.8072 0.5164 4.9043
2.9105 0.0000 98.1959 476.5090 231.4982 0.5201 4.1622
4.9790 0.0000 98.1248 572.7826 231.6352 0.4988 3.2312
6.4703 0.0000 98.0119 596.3808 234.2363 0.4830 2.7313
7.4229 0.0000 97.9038 546.1761 238.1779 0.4851 2.6998
8.0172 0.0000 97.8194 428.4526 241.6761 0.4894 2.6919
8.1220 0.0000 97.7782 273.9602 242.0643 0.4966 2.7581
7.5939 0.0000 97.7600 101.2435 241.1321 0.5083 3.2159
6.4093 0.0000 97.7685 2.8883 238.9784 0.5203 4.1384
5.1252 0.0000 97.8059 0.0000 236.5270 0.5239 4.1826
4.1619 0.0000 97.8311 0.0000 235.2363 0.5235 3.6114
3.5492 0.0000 97.8444 0.0000 240.2639 0.5201 3.3103
3.1931 0.0000 97.8484 0.0000 252.0107 0.5160 2.9810
3.0305 0.0000 97.8362 0.0000 258.0966 0.5128 2.8484
3.0221 0.0000 97.8032 0.0000 264.7912 0.5107 2.8398
3.1423 0.0000 97.7789 0.0000 268.7574 0.5100 2.8484
3.3238 0.0000 97.7548 0.0000 273.4144 0.5104 2.8349
3.5042 0.0000 97.7175 0.0000 278.5454 0.5114 2.8729
3.6035 0.0000 97.6694 0.0000 282.0719 0.5131 2.8594
3.6154 0.0000 97.6166 0.0000 284.2369 0.5146 2.8744
3.5086 0.0000 97.5521 0.0000 285.8375 0.5163 3.6808
3.2184 0.0000 97.5530 0.0000 283.4990 0.5186 3.7048
3.0477 0.0001 97.6046 18.1176 276.7313 0.5212 2.8077
