-1.0991 0.0009 102.5986 114.5161 263.4904 0.5226 4.0121
0.4976 0.0000 102.6225 281.5032 239.7400 0.5266 4.0582
2.6528 0.0000 102.5958 450.9845 230.4682 0.5153 4.1859
4.5974 0.0000 102.5004 554.8570 229.1992 0.4919 3.9734
5.6268 0.0000 102.3762 580.8233 228.6664 0.4857 3.4168
6.3647 0.0000 102.2598 528.1806 231.7783 0.4822 3.0547
6.7871 0.0000 102.1727 413.6831 234.9058 0.4814 2.9217
6.8857 0.0000 102.1280 255.0961 237.0938 0.4814 2.9553
6.6310 0.0000 102.1130 84.4323 238.1107 0.4854 3.2671
6.1781 0.0000 102.1135 1.0355 237.8003 0.4888 4.0044
5.6695 0.0000 102.1159 0.0000 236.9593 0.4887 4.5956
5.1198 0.0000 102.1084 0.0000 235.7347 0.4906 4.7043
4.5808 0.0000 102.1145 0.0000 234.5973 0.4951 4.3313
4.0800 0.0000 102.1213 0.0000 233.8510 0.5014 4.1310
3.5657 0.0000 102.1065 0.0000 233.8366 0.5097 4.2414
3.0335 0.0000 102.0849 0.0000 239.8357 0.5197 3.9548
2.5547 0.0000 102.0680 0.0000 250.3630 0.5294 3.5724
2.1422 0.0000 102.0613 0.0000 256.8758 0.5385 3.4674
1.7591 0.0000 102.0366 0.0000 261.3605 0.5469 3.6495
1.4015 0.0000 101.9840 0.0000 265.1666 0.5546 4.1247
1.0918 0.0000 101.9354 0.0000 270.4766 0.5617 4.5375
0.9007 0.0000 101.8951 0.0000 274.8518 0.5678 4.8182
0.7875 0.0000 101.8515 0.0000 277.1364 0.5732 5.1304
0.7355 0.0001 101.8597 21.2007 272.7546 0.5792 4.5873
