-1.4627 0.0016 99.7462 195.9874 236.4555 0.5072 3.2148
0.6175 0.0001 99.7527 376.0200 226.8105 0.5203 3.3906
3.4352 0.0000 99.7148 525.7625 223.4982 0.4935 3.6216
5.3667 0.0000 99.6163 613.4625 225.2241 0.4682 3.0584
6.3888 0.0000 99.5060 622.8009 227.9175 0.4762 2.3916
7.0731 0.0000 99.4155 564.2626 229.8537 0.4879 2.0851
7.4857 0.0000 99.3479 440.8540 232.1355 0.4954 2.1869
7.4754 0.0000 99.3163 271.0032 233.4257 0.5019 2.4770
6.9286 0.0000 99.3129 85.7186 233.5913 0.5138 3.1405
5.9983 0.0000 99.3294 0.3677 232.6877 0.5224 4.0558
5.1082 0.0000 99.3378 0.0000 232.0289 0.5267 4.3762
4.3942 0.0000 99.3160 0.0000 231.9171 0.5310 4.4416
3.8174 0.0000 99.3033 0.0000 231.8728 0.5354 4.2318
3.4073 0.0000 99.3058 0.0000 231.9260 0.5389 3.8775
3.1446 0.0000 99.3102 0.0000 232.2449 0.5417 3.7067
2.8684 0.0000 99.2829 0.0000 234.1574 0.5426 3.6474
2.6212 0.0000 99.2586 0.0000 236.6595 0.5426 3.6948
2.4131 0.0000 99.2297 0.0000 242.2275 0.5428 3.5445
2.2057 0.0000 99.1998 0.0000 252.3982 0.5430 2.8765
2.0066 0.0000 99.1766 0.0000 261.3620 0.5434 2.2161
1.8563 0.0000 99.1660 0.0000 260.8423 0.5440 2.0503
1.8543 0.0001 99.1530 0.0000 264.1762 0.5454 2.5462
1.9420 0.0004 99.1280 0.0002 257.9956 0.5478 3.4231
2.0316 0.0003 99.0827 49.1936 246.6706 0.5501 4.3373
