2.5706 0.0057 103.0644 185.7333 259.9188 0.6033 4.7139
3.5230 0.0021 103.0853 333.3632 254.8659 0.5933 4.3513
4.3168 0.0020 103.0498 493.7105 237.3769 0.5904 3.9321
4.8783 0.0014 102.9505 555.8516 240.4411 0.5857 3.4882
5.2671 0.0012 102.8470 564.1380 237.6014 0.5832 3.0793
5.4989 0.0007 102.7681 494.9202 239.1886 0.5819 2.7635
5.5496 0.0004 102.7091 370.5210 239.9805 0.5797 2.5599
5.4147 0.0004 102.6810 209.2276 239.7171 0.5765 2.4874
5.0131 0.0004 102.6799 46.9772 240.3971 0.5773 2.7674
4.4356 0.0003 102.7014 0.0000 240.9627 0.5817 3.3978
3.9009 0.0003 102.7260 0.0000 237.9259 0.5840 3.6528
3.4717 0.0001 102.7261 0.0000 236.2779 0.5832 3.8338
3.2001 0.0000 102.7011 0.0000 231.1469 0.5806 4.1429
3.0485 0.0000 102.6770 0.0000 227.0580 0.5779 4.4506
3.0075 0.0000 102.6638 0.0000 226.6131 0.5777 4.3817
2.9474 0.0000 102.6598 0.0000 226.5625 0.5784 3.9164
2.8129 0.0000 102.6473 0.0000 225.9424 0.5780 3.6551
2.6697 0.0000 102.6135 0.0000 225.4615 0.5774 3.8745
2.5369 0.0000 102.5655 0.0000 225.0492 0.5785 4.1586
2.4081 0.0000 102.5261 0.0000 225.0281 0.5816 4.0338
2.2754 0.0000 102.5260 0.0000 226.2169 0.5842 4.0042
2.2887 0.0000 102.5320 0.0000 229.7491 0.5867 3.9841
2.4410 0.0000 102.5228 0.0736 238.4810 0.5903 3.6884
2.6721 0.0000 102.4956 56.6519 242.4002 0.5958 3.5338
