-1.2876 0.0025 102.6110 151.1680 259.6140 0.5223 3.8452
0.6058 0.0001 102.6244 308.1628 245.6130 0.5369 3.9870
3.2280 0.0000 102.5862 460.6807 237.1472 0.5196 4.1973
4.9829 0.0000 102.4842 568.0646 233.3127 0.4927 3.6457
6.0349 0.0000 102.3632 595.9170 230.8164 0.4895 3.0034
6.7597 0.0000 102.2565 545.3979 230.4493 0.4927 2.6416
7.2021 0.0000 102.1779 426.1047 232.1655 0.4948 2.5421
7.2808 0.0000 102.1354 259.8482 233.6533 0.4975 2.6765
6.9467 0.0000 102.1263 80.6129 234.4564 0.5062 3.1908
6.3920 0.0000 102.1345 0.3344 234.4639 0.5137 4.1806
5.8086 0.0000 102.1369 0.0000 234.5031 0.5195 5.0122
5.1813 0.0000 102.1138 0.0000 234.4115 0.5274 5.6182
4.5083 0.0000 102.1005 0.0000 234.1169 0.5362 5.7098
3.8884 0.0000 102.1161 0.0000 233.7564 0.5438 5.3204
3.3827 0.0000 102.1233 0.0000 233.5141 0.5491 5.1088
2.9055 0.0000 102.0940 0.0000 233.4319 0.5517 5.1002
2.4690 0.0000 102.0667 0.0000 236.0430 0.5532 4.8861
2.1121 0.0000 102.0580 0.0000 242.8831 0.5555 4.3526
1.7993 0.0000 102.0429 0.0000 250.4090 0.5580 3.9315
1.4962 0.0000 102.0075 0.0000 258.1940 0.5610 3.9597
1.2170 0.0000 101.9832 0.0000 260.8507 0.5656 4.3869
1.0715 0.0000 101.9579 0.0000 264.7602 0.5717 4.9615
1.0124 0.0001 101.9248 0.0000 268.8937 0.5773 5.4953
1.0313 0.0005 101.8804 34.0022 262.9870 0.5818 5.7467
