-0.6870 0.0003 100.9630 163.9294 251.3708 0.5337 4.4997
1.3928 0.0000 100.9745 374.6003 221.7754 0.5393 4.3264
4.1095 0.0000 100.9407 523.7595 222.6381 0.5105 4.3670
6.0699 0.0000 100.8477 608.8449 226.6321 0.4789 3.8956
7.1185 0.0000 100.7350 621.3895 229.4383 0.4752 3.4084
7.7632 0.0000 100.6371 563.4100 232.4304 0.4798 3.3174
8.0313 0.0000 100.5631 440.2797 235.3627 0.4878 3.5148
7.9170 0.0000 100.5302 273.3551 237.3228 0.4960 3.7453
7.2959 0.0000 100.5211 91.3110 238.4244 0.5128 4.2984
6.3200 0.0000 100.5312 0.9674 238.0485 0.5253 5.1420
5.4059 0.0000 100.5347 0.0000 237.1515 0.5290 5.4638
4.6830 0.0000 100.5272 0.0000 236.1677 0.5325 5.2143
4.1446 0.0000 100.5254 0.0000 235.3814 0.5366 4.5650
3.7398 0.0000 100.5293 0.0000 235.9951 0.5407 4.0545
3.4205 0.0000 100.5218 0.0000 239.1781 0.5445 3.7417
3.1549 0.0000 100.4946 0.0000 243.4557 0.5476 3.4257
2.9498 0.0000 100.4666 0.0000 252.2974 0.5499 3.0828
2.7989 0.0000 100.4450 0.0000 259.0804 0.5520 2.7291
2.6053 0.0000 100.4209 0.0000 266.0212 0.5540 2.4499
2.3569 0.0000 100.3940 0.0000 267.7032 0.5557 2.4834
2.1401 0.0000 100.3632 0.0000 270.5168 0.5572 2.8623
2.1179 0.0000 100.3437 0.0000 272.4152 0.5590 3.2528
2.2884 0.0000 100.2996 0.0000 265.7686 0.5607 3.8105
2.5599 0.0000 100.2730 31.5841 269.7110 0.5624 3.7369
