2.1050 0.0032 103.0108 209.0026 255.4162 0.6306 5.3141
3.6972 0.0003 103.0254 393.5053 241.5660 0.6300 4.8643
5.2423 0.0000 102.9743 545.7727 231.1394 0.6153 4.2936
6.3092 0.0000 102.8756 608.2283 234.4965 0.5976 3.7654
7.0921 0.0000 102.7630 596.9479 238.7340 0.5845 3.2426
7.6500 0.0000 102.6675 523.2240 241.3931 0.5761 2.9140
7.9217 0.0000 102.6016 401.4962 240.4741 0.5731 2.8034
7.9218 0.0000 102.5721 232.5044 240.1769 0.5743 2.7646
7.6640 0.0000 102.5693 57.1388 240.3736 0.5831 2.9821
7.2177 0.0000 102.5918 0.0000 239.8897 0.6002 3.5699
6.7119 0.0000 102.6145 0.0000 238.6169 0.6184 4.0772
6.1606 0.0000 102.6089 0.0000 237.4006 0.6358 4.5568
5.6261 0.0000 102.5922 0.0000 236.0910 0.6511 4.9671
5.1806 0.0000 102.5690 0.0000 234.8094 0.6642 5.1792
4.9103 0.0000 102.5631 0.0000 233.9685 0.6706 4.9554
4.6040 0.0000 102.5512 0.0000 233.6433 0.6708 4.6376
4.2316 0.0000 102.5306 0.0000 232.7307 0.6674 4.5585
3.8988 0.0000 102.5153 0.0000 232.0330 0.6615 4.5085
3.5863 0.0001 102.4737 0.0000 232.7973 0.6546 4.4539
3.2914 0.0002 102.4240 0.0000 233.8848 0.6485 4.4221
3.0210 0.0001 102.4196 0.0000 234.2131 0.6452 4.5171
2.9328 0.0001 102.4570 0.0000 237.9343 0.6421 4.7272
2.9924 0.0000 102.4768 0.2911 252.6293 0.6396 4.5751
3.1465 0.0000 102.4498 57.7963 253.2509 0.6384 4.3110
