-1.1845 0.0069 101.7688 166.8834 264.4728 0.5269 2.2730
0.5551 0.0007 101.7766 338.1415 252.7794 0.5475 2.5455
3.1660 0.0000 101.7356 498.6157 234.0272 0.5408 3.0403
5.0733 0.0000 101.6274 577.2719 236.9359 0.5089 2.6750
6.1239 0.0000 101.5084 594.5084 236.0187 0.5071 2.1760
6.8436 0.0000 101.4103 546.2019 233.4528 0.5113 1.8754
7.2543 0.0000 101.3389 424.9175 234.5483 0.5148 1.8381
7.2858 0.0000 101.3003 255.4264 235.4466 0.5184 2.0004
6.8929 0.0000 101.2931 74.7893 235.3222 0.5248 2.6393
6.1504 0.0000 101.3102 0.0912 234.1099 0.5298 3.7286
5.3187 0.0000 101.3212 0.0000 232.6405 0.5320 4.3564
4.5296 0.0000 101.3039 0.0000 231.4317 0.5335 4.6885
3.8963 0.0000 101.2841 0.0000 230.6241 0.5351 4.7218
3.4325 0.0000 101.2847 0.0000 230.4049 0.5386 4.3339
3.0766 0.0000 101.2963 0.0000 230.7415 0.5446 3.8151
2.6892 0.0000 101.2740 0.0000 231.1849 0.5512 3.4668
2.2613 0.0000 101.2517 0.0000 231.1954 0.5583 3.3210
1.8485 0.0000 101.2265 0.0000 232.2568 0.5667 3.2222
1.4278 0.0000 101.1958 0.0000 234.7129 0.5760 2.7986
1.0078 0.0002 101.1710 0.0000 245.3403 0.5837 2.3989
0.6124 0.0012 101.1712 0.0000 264.2017 0.5877 2.4768
0.3502 0.0036 101.1721 0.0000 272.0544 0.5902 2.8633
0.1341 0.0085 101.1541 0.0028 275.4590 0.5918 3.4139
0.0448 0.0040 101.1132 41.7381 269.6862 0.5936 3.9929
