-2.1958 0.0017 103.0037 170.5454 252.2475 0.5013 3.0836
0.4383 0.0000 103.0102 376.6684 221.0809 0.5349 3.2189
3.2422 0.0000 102.9760 511.1016 221.5617 0.5265 3.0419
4.4434 0.0000 102.8740 567.6530 229.1527 0.5122 2.3716
5.1958 0.0000 102.7591 571.4442 230.6631 0.5100 1.8224
5.7476 0.0000 102.6609 513.8835 230.8154 0.5117 1.4757
6.0910 0.0000 102.5889 396.1917 230.8417 0.5121 1.3296
6.0926 0.0000 102.5474 232.3814 231.1437 0.5145 1.3591
5.7875 0.0000 102.5383 61.2550 230.9563 0.5186 1.6306
5.3692 0.0000 102.5579 0.0043 230.6257 0.5226 2.1934
4.9353 0.0000 102.5669 0.0000 231.1617 0.5276 2.8142
4.4763 0.0000 102.5510 0.0000 230.6964 0.5351 3.5735
3.9984 0.0000 102.5234 0.0000 229.4753 0.5467 4.3133
3.4789 0.0000 102.5140 0.0000 229.0401 0.5631 4.6967
2.9172 0.0000 102.5304 0.0000 228.6880 0.5816 4.6402
2.2998 0.0000 102.5284 0.0000 228.5794 0.5975 4.5469
1.6582 0.0000 102.4941 0.0000 228.2394 0.6092 4.7778
1.0242 0.0000 102.4757 0.0000 228.4309 0.6159 4.7311
0.4207 0.0002 102.4688 0.0000 239.3071 0.6142 4.0142
-0.1862 0.0045 102.4514 0.0000 262.6793 0.6010 3.5676
-0.7140 0.0126 102.4241 0.0000 281.0318 0.5809 3.5721
-0.9098 0.0084 102.3970 0.0000 282.0036 0.5694 3.6589
-0.9326 0.0057 102.3708 0.0000 277.0543 0.5659 3.9766
-0.8345 0.0044 102.3320 31.5576 275.7851 0.5652 4.1873
