-1.9473 0.0004 102.7219 150.8188 249.6784 0.4972 4.3246
0.0250 0.0000 102.7443 309.5761 233.1545 0.5165 4.0474
2.8100 0.0000 102.7147 449.0152 232.5969 0.4965 4.0753
4.4201 0.0000 102.6192 554.5072 228.8637 0.4703 3.4484
5.3206 0.0000 102.4948 584.6267 225.2393 0.4645 2.7977
5.9638 0.0000 102.3854 530.3423 226.1797 0.4659 2.4264
6.3861 0.0000 102.3033 411.8425 228.2297 0.4662 2.2848
6.4573 0.0000 102.2609 248.1524 230.2435 0.4685 2.3696
6.1757 0.0000 102.2518 75.0368 231.3706 0.4752 2.7877
5.6944 0.0000 102.2545 0.2580 231.4093 0.4816 3.6695
5.1278 0.0000 102.2569 0.0000 231.1876 0.4877 4.6000
4.4838 0.0000 102.2365 0.0000 230.9292 0.4965 5.3711
3.8139 0.0000 102.2229 0.0000 230.6961 0.5066 5.6717
3.2091 0.0000 102.2428 0.0000 230.5529 0.5160 5.4238
2.7000 0.0000 102.2475 0.0000 230.5081 0.5248 5.3983
2.1983 0.0000 102.2118 0.0000 230.3703 0.5318 5.6705
1.7085 0.0000 102.1932 0.0000 232.1032 0.5371 5.3387
1.3050 0.0000 102.1992 0.0000 240.7348 0.5421 4.7926
1.0019 0.0000 102.1839 0.0000 246.8794 0.5468 4.6922
0.7636 0.0000 102.1406 0.0000 254.3979 0.5520 4.9168
0.5642 0.0000 102.0916 0.0000 256.6616 0.5593 5.3384
0.4130 0.0001 102.0558 0.0000 260.6056 0.5694 5.7040
0.2468 0.0008 102.0155 0.0000 267.3885 0.5797 5.9141
0.0408 0.0012 101.9783 24.0531 273.1601 0.5874 5.7528
