0.5306 0.0005 101.5279 171.6990 248.6683 0.5841 6.0994
2.3768 0.0000 101.5525 373.7320 225.2772 0.5900 5.6197
4.8110 0.0000 101.5245 514.3457 229.6196 0.5784 5.4376
6.9150 0.0000 101.4392 595.7977 236.1978 0.5283 5.0987
8.1177 0.0000 101.3268 609.3128 241.4706 0.5009 4.7989
8.7935 0.0000 101.2197 557.0268 244.4756 0.4957 4.8368
9.0839 0.0000 101.1421 437.2464 247.0571 0.4981 4.9889
9.0197 0.0000 101.0977 278.5742 247.6206 0.5032 5.2816
8.3979 0.0000 101.0849 102.2298 246.9214 0.5235 5.6556
7.2816 0.0000 101.0934 2.6968 244.4272 0.5450 6.4968
6.2760 0.0000 101.1161 0.0000 241.9568 0.5533 6.8752
5.4883 0.0000 101.1325 0.0000 240.7318 0.5589 6.6139
4.8649 0.0000 101.1323 0.0000 247.4729 0.5623 6.4648
4.3799 0.0000 101.1457 0.0000 257.2069 0.5661 5.9294
4.0320 0.0000 101.1358 0.0000 264.3478 0.5682 5.5730
3.7787 0.0000 101.1059 0.0000 270.5570 0.5679 5.4510
3.5939 0.0000 101.0773 0.0000 274.9888 0.5664 5.3826
3.4352 0.0000 101.0515 0.0000 278.7390 0.5658 5.3042
3.2753 0.0000 101.0188 0.0000 281.6995 0.5663 5.4006
3.0794 0.0000 100.9720 0.0000 284.3364 0.5685 5.4797
2.8809 0.0000 100.9319 0.0000 284.6696 0.5720 5.5091
2.7161 0.0000 100.8840 0.0000 283.2815 0.5775 5.7900
2.6189 0.0000 100.8612 0.0000 274.5248 0.5852 5.4774
2.5955 0.0000 100.9067 33.6744 255.4132 0.5911 4.2031
