-1.5955 0.0052 102.5885 165.2666 261.7845 0.5177 2.3945
0.4161 0.0005 102.5969 347.3192 245.0428 0.5443 2.6795
3.2723 0.0000 102.5551 485.4624 235.1654 0.5370 3.1511
4.8755 0.0000 102.4515 552.0679 240.9278 0.5143 2.6981
5.7949 0.0000 102.3340 581.8796 235.8928 0.5114 2.1712
6.4701 0.0000 102.2345 535.2220 232.8661 0.5123 1.8718
6.8721 0.0000 102.1582 416.8403 232.9718 0.5130 1.7867
6.9036 0.0000 102.1197 248.8217 233.7123 0.5149 1.8786
6.5504 0.0000 102.1106 70.9070 233.5868 0.5198 2.4013
5.9317 0.0000 102.1271 0.0480 232.6240 0.5243 3.3758
5.2715 0.0000 102.1375 0.0000 231.6622 0.5267 4.1155
4.6478 0.0000 102.1171 0.0000 230.7808 0.5293 4.6760
4.1246 0.0000 102.0918 0.0000 230.2028 0.5331 4.9504
3.7055 0.0000 102.0934 0.0000 230.0414 0.5400 4.7309
3.3450 0.0000 102.1088 0.0000 230.3817 0.5504 4.2591
2.9256 0.0000 102.0876 0.0000 230.8186 0.5616 4.0088
2.4418 0.0000 102.0623 0.0000 230.7633 0.5742 4.0377
1.9457 0.0000 102.0394 0.0000 231.0646 0.5884 3.9316
1.4470 0.0000 102.0207 0.0000 235.6889 0.6013 3.3690
0.9432 0.0006 101.9992 0.0000 249.0693 0.6085 3.0220
0.4344 0.0037 101.9901 0.0000 270.1419 0.6086 3.1866
0.0696 0.0062 101.9830 0.0000 283.8418 0.6044 3.5712
-0.1202 0.0095 101.9617 0.0008 287.9709 0.6017 4.0602
-0.0545 0.0034 101.9202 32.9753 283.3673 0.6044 4.4781
