-1.7914 0.0005 102.7311 143.2242 253.7294 0.5025 4.4157
0.1359 0.0000 102.7536 296.3259 238.2412 0.5201 4.1664
2.7709 0.0000 102.7235 444.2049 234.0914 0.5027 4.2154
4.4338 0.0000 102.6281 555.8679 229.0724 0.4750 3.6194
5.3756 0.0000 102.5043 585.8849 225.8428 0.4675 2.9641
6.0424 0.0000 102.3949 532.0721 226.7683 0.4679 2.5759
6.4705 0.0000 102.3110 414.2165 228.6617 0.4674 2.4247
6.5646 0.0000 102.2686 250.8056 230.7195 0.4683 2.5066
6.2914 0.0000 102.2594 77.0040 231.8948 0.4745 2.9069
5.8171 0.0000 102.2599 0.3204 231.9613 0.4806 3.7651
5.2679 0.0000 102.2623 0.0000 231.7845 0.4864 4.6747
4.6464 0.0000 102.2419 0.0000 231.6522 0.4962 5.4091
3.9890 0.0000 102.2296 0.0000 231.5165 0.5083 5.6525
3.3735 0.0000 102.2518 0.0000 231.3890 0.5194 5.3948
2.8269 0.0000 102.2529 0.0000 231.2297 0.5292 5.4732
2.2739 0.0000 102.2171 0.0000 230.9093 0.5366 5.7674
1.7503 0.0000 102.2003 0.0000 233.1724 0.5415 5.3851
1.3467 0.0000 102.2064 0.0000 243.3482 0.5452 4.8714
1.0623 0.0000 102.1888 0.0000 249.1778 0.5478 4.8445
0.8422 0.0000 102.1442 0.0000 255.9178 0.5502 5.1132
0.6637 0.0000 102.0971 0.0000 258.1418 0.5552 5.5668
0.5572 0.0000 102.0611 0.0000 260.7130 0.5650 5.9010
0.4553 0.0000 102.0214 0.0000 266.2124 0.5773 6.1046
0.2708 0.0004 101.9838 24.5199 270.1989 0.5877 5.9402
