-2.1353 0.0012 102.9276 171.1575 249.1164 0.4993 3.2400
0.3781 0.0000 102.9354 379.2270 217.0548 0.5262 3.3260
3.1921 0.0000 102.9018 503.9280 222.1923 0.5128 3.1475
4.4199 0.0000 102.8012 557.0550 231.2659 0.4974 2.4890
5.1694 0.0000 102.6880 570.3088 230.3880 0.4956 1.9365
5.7182 0.0000 102.5861 519.1466 228.9224 0.4981 1.6181
6.0609 0.0000 102.5144 399.9868 229.6521 0.4987 1.5103
6.0639 0.0000 102.4720 236.3536 229.9724 0.5007 1.5701
5.7442 0.0000 102.4628 63.9414 230.1014 0.5048 1.9177
5.2885 0.0000 102.4791 0.0122 229.8561 0.5083 2.5671
4.8191 0.0000 102.4870 0.0000 229.7084 0.5118 3.2174
4.3448 0.0000 102.4686 0.0000 229.3895 0.5167 3.9316
3.8808 0.0000 102.4409 0.0000 228.8308 0.5248 4.5085
3.4202 0.0000 102.4375 0.0000 228.4957 0.5379 4.6376
2.9584 0.0000 102.4555 0.0000 228.5319 0.5554 4.3729
2.4264 0.0000 102.4460 0.0000 228.8796 0.5737 4.3210
1.8189 0.0000 102.4079 0.0000 228.8153 0.5913 4.6262
1.1727 0.0000 102.3972 0.0000 228.9434 0.6071 4.4467
0.5693 0.0002 102.3956 0.0000 239.5303 0.6144 3.7754
-0.0703 0.0047 102.3712 0.0000 264.8658 0.6056 3.6104
-0.7003 0.0159 102.3396 0.0000 287.6507 0.5846 3.7355
-1.0006 0.0108 102.3087 0.0000 286.7993 0.5711 3.9219
-1.1353 0.0077 102.2820 0.0000 283.4936 0.5657 4.2447
-1.1433 0.0065 102.2409 27.7711 283.0801 0.5624 4.3565
