-1.8471 0.0009 102.7996 154.4180 251.2020 0.5029 4.1586
0.1690 0.0000 102.8210 321.0713 232.6384 0.5220 4.0191
2.9439 0.0000 102.7882 450.4522 234.1418 0.5027 4.0311
4.4910 0.0000 102.6917 549.9406 231.9111 0.4790 3.3596
5.4057 0.0000 102.5704 585.1639 226.6895 0.4745 2.7008
6.0662 0.0000 102.4610 531.9673 227.0847 0.4767 2.3319
6.4976 0.0000 102.3784 413.2473 228.9412 0.4773 2.1958
6.5758 0.0000 102.3360 248.5556 230.7736 0.4798 2.2879
6.2965 0.0000 102.3269 74.4149 231.8448 0.4867 2.7184
5.8216 0.0000 102.3337 0.2181 231.9525 0.4938 3.6283
5.2561 0.0000 102.3361 0.0000 231.8251 0.5003 4.5822
4.6126 0.0000 102.3157 0.0000 231.4810 0.5083 5.3866
3.9484 0.0000 102.2994 0.0000 231.0768 0.5170 5.7194
3.3551 0.0000 102.3153 0.0000 230.8168 0.5252 5.4709
2.8673 0.0000 102.3267 0.0000 230.7688 0.5327 5.3229
2.3922 0.0000 102.2920 0.0000 230.7228 0.5387 5.5282
1.9122 0.0000 102.2662 0.0000 231.7975 0.5439 5.3109
1.4735 0.0000 102.2712 0.0000 238.7116 0.5502 4.7127
1.1085 0.0000 102.2600 0.0000 245.8607 0.5570 4.4897
0.8142 0.0000 102.2192 0.0000 253.2448 0.5644 4.7010
0.5538 0.0000 102.1759 0.0000 256.7820 0.5726 5.1233
0.3246 0.0003 102.1412 0.0000 264.2224 0.5792 5.5543
0.0773 0.0018 102.1041 0.0000 272.0275 0.5832 5.8152
-0.0935 0.0023 102.0637 24.3020 278.1296 0.5862 5.6823
