4.2463 0.0010 102.9920 244.1323 246.4945 0.6414 6.4506
5.1383 0.0001 103.0157 422.0766 238.6946 0.6360 6.0016
5.8774 0.0001 102.9744 554.9611 234.7604 0.6285 5.5783
6.4298 0.0001 102.8834 616.4606 235.9956 0.6275 5.1221
6.8220 0.0000 102.7828 606.2239 238.1385 0.6268 4.5644
7.0948 0.0000 102.6992 527.0261 241.1727 0.6251 4.1471
7.1820 0.0000 102.6393 398.5767 241.0813 0.6246 3.9478
7.0927 0.0000 102.6126 229.6089 239.8557 0.6251 3.8457
6.8214 0.0000 102.6111 53.4445 239.9568 0.6312 3.9129
6.4470 0.0000 102.6399 0.0000 239.6273 0.6417 4.2449
6.0859 0.0000 102.6620 0.0000 238.6952 0.6501 4.4923
5.7477 0.0000 102.6625 0.0000 237.2514 0.6556 4.7569
5.4873 0.0000 102.6444 0.0000 236.0265 0.6581 4.9615
5.3496 0.0000 102.6189 0.0000 235.0827 0.6593 5.0462
5.3252 0.0000 102.5981 0.0000 234.5003 0.6615 4.9105
5.2159 0.0000 102.5772 0.0000 234.4920 0.6627 4.7446
5.0145 0.0000 102.5595 0.0000 233.9595 0.6621 4.8235
4.8077 0.0000 102.5370 0.0000 233.5321 0.6623 4.9333
4.5882 0.0000 102.4991 0.0000 233.1041 0.6632 4.9689
4.3854 0.0000 102.4421 0.0000 232.6838 0.6651 4.9726
4.2172 0.0000 102.4243 0.0000 232.4990 0.6675 5.0483
4.1876 0.0000 102.4644 0.0000 232.8184 0.6687 5.2931
4.2483 0.0000 102.4899 0.5153 241.8156 0.6690 5.2356
4.4016 0.0000 102.4764 58.2563 258.0967 0.6700 4.8600
