-1.4129 0.0002 98.4040 204.1818 233.5022 0.5066 3.6432
0.8553 0.0000 98.4131 410.1651 214.0553 0.5189 3.6436
3.7525 0.0000 98.3775 550.2470 217.8023 0.4923 3.7021
5.7102 0.0000 98.2883 628.8073 222.8681 0.4693 3.0317
6.7352 0.0000 98.1847 634.9533 226.6789 0.4764 2.2853
7.4410 0.0000 98.0977 572.4926 230.2050 0.4860 1.9201
7.8455 0.0000 98.0287 447.8202 233.0496 0.4941 2.0445
7.8400 0.0000 98.0023 277.5915 234.4976 0.5019 2.3539
7.2913 0.0000 98.0000 90.5617 234.9439 0.5142 2.9677
6.3283 0.0000 98.0140 0.5979 234.1583 0.5232 3.7914
5.3635 0.0000 98.0227 0.0000 233.4213 0.5275 4.0772
4.5862 0.0000 98.0097 0.0000 233.0668 0.5310 3.9784
4.0072 0.0000 98.0034 0.0000 232.8316 0.5344 3.5900
3.6141 0.0000 98.0036 0.0000 232.9987 0.5374 3.2609
3.3421 0.0000 98.0037 0.0000 234.7995 0.5401 3.1351
3.0620 0.0000 97.9809 0.0000 236.8979 0.5413 3.0514
2.8212 0.0000 97.9569 0.0000 242.0895 0.5413 3.1038
2.6285 0.0000 97.9242 0.0000 250.4762 0.5408 3.0309
2.4445 0.0000 97.8883 0.0000 261.1178 0.5401 2.5100
2.2802 0.0000 97.8673 0.0000 266.3475 0.5395 1.8873
2.1700 0.0000 97.8524 0.0000 263.0084 0.5387 1.7990
2.2021 0.0000 97.8424 0.0000 266.3877 0.5387 2.1876
2.3087 0.0000 97.8134 0.0000 256.3705 0.5392 2.9849
2.3992 0.0000 97.7768 45.6742 254.9143 0.5398 3.7159
