0.4200 0.0054 103.0519 175.9682 270.2735 0.5936 3.9728
2.2553 0.0005 103.0664 347.2104 257.3924 0.6068 3.8821
4.3931 0.0001 103.0212 536.6864 227.9467 0.5929 3.4043
5.7570 0.0000 102.9128 593.1096 234.9650 0.5623 2.7932
6.7040 0.0000 102.7956 574.1814 242.1208 0.5430 2.3519
7.3108 0.0000 102.6961 511.5288 242.4435 0.5371 2.1752
7.6234 0.0000 102.6303 401.6397 238.1421 0.5378 2.1920
7.6164 0.0000 102.5970 233.2537 238.4334 0.5415 2.2476
7.3200 0.0000 102.5897 58.9944 238.3521 0.5485 2.5615
6.8694 0.0000 102.6142 0.0000 237.4772 0.5584 3.1901
6.4122 0.0000 102.6338 0.0000 236.4915 0.5702 3.7259
5.8929 0.0000 102.6227 0.0000 235.2305 0.5863 4.2916
5.3024 0.0000 102.6032 0.0000 234.0716 0.6083 4.9090
4.6562 0.0000 102.5781 0.0000 233.2321 0.6317 5.3508
4.0726 0.0000 102.5843 0.0000 232.6655 0.6478 5.2987
3.5018 0.0000 102.5735 0.0000 232.3160 0.6515 5.0551
2.9704 0.0000 102.5576 0.0000 231.3173 0.6473 4.9470
2.5700 0.0000 102.5391 0.0000 230.5946 0.6390 4.8808
2.2452 0.0000 102.4974 0.0000 229.9727 0.6304 4.7352
1.9794 0.0000 102.4591 0.0000 229.5106 0.6251 4.4545
1.7662 0.0000 102.4618 0.0000 229.3602 0.6238 4.4015
1.7575 0.0000 102.4898 0.0000 239.5083 0.6246 4.3982
1.9108 0.0000 102.4905 0.1076 255.4377 0.6255 4.1732
2.1130 0.0000 102.4564 50.0409 254.1985 0.6254 4.0837
