-0.2156 0.0003 102.3293 137.2078 260.8010 0.5470 4.9641
1.3153 0.0000 102.3507 340.6285 228.7214 0.5478 4.7627
3.5283 0.0000 102.3160 496.1158 225.8275 0.5212 4.8476
5.2584 0.0000 102.2204 586.9359 228.1043 0.4939 4.5594
6.2419 0.0000 102.1029 603.5559 229.8726 0.4903 4.0760
6.9415 0.0000 101.9955 550.3336 231.7697 0.4921 3.8600
7.2635 0.0000 101.9153 428.6011 235.3324 0.4976 3.9002
7.2390 0.0000 101.8738 265.4156 237.8136 0.5026 3.9914
6.8245 0.0000 101.8647 89.0076 239.1798 0.5155 4.3435
6.2270 0.0000 101.8662 1.0974 239.0533 0.5244 5.0878
5.6824 0.0000 101.8626 0.0000 238.3495 0.5241 5.5390
5.1475 0.0000 101.8577 0.0000 237.3461 0.5254 5.4207
4.6327 0.0000 101.8610 0.0000 236.2160 0.5293 4.8102
4.1398 0.0000 101.8674 0.0000 235.5925 0.5349 4.4851
3.6456 0.0000 101.8538 0.0000 237.1939 0.5427 4.3640
3.1611 0.0000 101.8328 0.0000 244.0812 0.5511 3.9984
2.7454 0.0000 101.8096 0.0000 253.8397 0.5575 3.4599
2.4115 0.0000 101.7917 0.0000 260.1988 0.5623 3.2446
2.0841 0.0000 101.7663 0.0000 264.5733 0.5666 3.4711
1.7333 0.0000 101.7308 0.0000 266.4159 0.5708 3.9615
1.4092 0.0000 101.6949 0.0000 272.2302 0.5745 4.3308
1.2438 0.0000 101.6604 0.0000 273.9458 0.5778 4.4686
1.2250 0.0000 101.6173 0.0000 274.9530 0.5806 4.7283
1.3160 0.0000 101.6121 24.9775 273.5494 0.5835 4.0214
