-2.0302 0.0004 102.8596 169.8079 244.0543 0.4972 4.0210
0.1134 0.0000 102.8816 359.0500 219.0863 0.5186 3.8629
3.0912 0.0000 102.8463 465.0186 230.4807 0.4923 3.7007
4.4647 0.0000 102.7510 541.8708 233.5657 0.4737 2.9529
5.2868 0.0000 102.6322 581.8583 226.1456 0.4740 2.3200
5.9006 0.0000 102.5235 527.5208 226.5041 0.4792 1.9964
6.3045 0.0000 102.4428 407.9728 228.3078 0.4818 1.8997
6.3405 0.0000 102.4004 242.4481 229.9120 0.4863 2.0010
6.0334 0.0000 102.3913 69.5193 230.9394 0.4938 2.4648
5.5321 0.0000 102.4064 0.0831 231.0880 0.5012 3.4004
4.9295 0.0000 102.4094 0.0000 230.8893 0.5073 4.3474
4.2679 0.0000 102.3890 0.0000 230.2341 0.5127 5.1733
3.6376 0.0000 102.3689 0.0000 229.5008 0.5172 5.5936
3.1238 0.0000 102.3752 0.0000 229.1571 0.5222 5.3844
2.7491 0.0000 102.3994 0.0000 229.3936 0.5286 4.9919
2.3965 0.0000 102.3648 0.0000 229.8475 0.5352 5.1317
1.9781 0.0000 102.3283 0.0000 229.9524 0.5434 5.1355
1.4855 0.0000 102.3338 0.0000 233.0593 0.5555 4.4578
1.0099 0.0000 102.3314 0.0000 241.2808 0.5695 4.0812
0.6228 0.0000 102.2932 0.0000 248.8724 0.5845 4.2362
0.2651 0.0000 102.2487 0.0000 254.2222 0.5953 4.5973
-0.1488 0.0009 102.2121 0.0000 269.1545 0.5939 5.0907
-0.6089 0.0052 102.1781 0.0000 279.7227 0.5842 5.3429
-0.7831 0.0057 102.1359 22.8626 288.7882 0.5757 5.1167
