0.9593 0.0050 103.0300 184.4439 267.3268 0.6066 4.2473
2.6463 0.0004 103.0446 360.0322 253.6531 0.6160 3.9831
4.6356 0.0000 102.9949 538.3140 230.0028 0.6054 3.5339
5.9926 0.0000 102.8885 599.1011 235.3529 0.5765 3.0029
6.9706 0.0000 102.7709 587.9641 240.2193 0.5561 2.5664
7.5987 0.0000 102.6703 521.0915 241.6258 0.5484 2.3713
7.9295 0.0000 102.6032 404.5092 239.3972 0.5468 2.3683
7.9464 0.0000 102.5723 235.0733 239.7144 0.5488 2.4151
7.6673 0.0000 102.5656 59.6639 239.6711 0.5561 2.7268
7.2012 0.0000 102.5893 0.0001 238.7262 0.5681 3.3729
6.7101 0.0000 102.6094 0.0000 237.5056 0.5819 3.9002
6.1877 0.0000 102.6012 0.0000 236.3984 0.5988 4.3922
5.6376 0.0000 102.5807 0.0000 235.4283 0.6200 4.8511
5.0818 0.0000 102.5575 0.0000 234.5810 0.6439 5.1088
4.6103 0.0000 102.5592 0.0000 234.0717 0.6633 4.9143
4.1132 0.0000 102.5473 0.0000 233.8349 0.6726 4.6155
3.5947 0.0000 102.5306 0.0000 232.9381 0.6737 4.4743
3.1640 0.0000 102.5153 0.0000 232.2198 0.6691 4.3566
2.7826 0.0002 102.4737 0.0000 236.0218 0.6597 4.2637
2.4224 0.0006 102.4304 0.0000 240.6678 0.6485 4.1254
2.1387 0.0004 102.4311 0.0000 242.4179 0.6419 4.1350
2.0858 0.0002 102.4659 0.0000 249.3332 0.6389 4.1896
2.1856 0.0001 102.4754 0.1760 259.1541 0.6375 4.0261
2.3564 0.0001 102.4434 54.2021 255.7915 0.6360 3.8976
