2.4870 0.0026 103.0044 217.1888 251.4460 0.6386 5.6697
4.0475 0.0002 103.0190 404.6630 237.5370 0.6347 5.1581
5.4446 0.0000 102.9674 548.2589 231.5182 0.6185 4.5469
6.4147 0.0000 102.8713 611.2707 234.2111 0.6046 4.0196
7.1326 0.0000 102.7604 599.9425 238.2389 0.5940 3.4680
7.6671 0.0000 102.6665 523.9349 241.3156 0.5854 3.0949
7.9191 0.0000 102.6011 400.4919 240.8330 0.5819 2.9484
7.9136 0.0000 102.5720 231.6481 240.3310 0.5828 2.8811
7.6629 0.0000 102.5705 56.2971 240.6077 0.5921 3.0672
7.2232 0.0000 102.5926 0.0000 240.2775 0.6109 3.6355
6.7125 0.0000 102.6162 0.0000 238.9873 0.6305 4.1362
6.1516 0.0000 102.6115 0.0000 237.7347 0.6481 4.6117
5.6223 0.0000 102.5961 0.0000 236.3119 0.6615 5.0057
5.2135 0.0000 102.5728 0.0000 234.8856 0.6710 5.2027
5.0104 0.0000 102.5643 0.0000 233.9341 0.6730 4.9691
4.7676 0.0000 102.5525 0.0000 233.5794 0.6702 4.6449
4.4439 0.0000 102.5306 0.0000 232.6616 0.6653 4.5865
4.1437 0.0000 102.5153 0.0000 231.9708 0.6590 4.5591
3.8543 0.0000 102.4737 0.0000 231.7224 0.6529 4.5173
3.5811 0.0000 102.4218 0.0000 231.6238 0.6485 4.5211
3.3151 0.0000 102.4157 0.0000 231.4782 0.6463 4.6444
3.2152 0.0000 102.4540 0.0000 234.1346 0.6431 4.9064
3.2613 0.0000 102.4773 0.3294 250.4544 0.6403 4.7581
3.4098 0.0000 102.4520 58.9944 252.4040 0.6391 4.4488
