3.3789 0.0047 103.0447 199.0504 257.0952 0.6167 5.3491
4.1550 0.0024 103.0656 346.5752 254.1178 0.5995 4.8894
4.7414 0.0014 103.0309 504.4359 237.9399 0.5984 4.4419
5.2624 0.0009 102.9312 579.7038 235.8514 0.5987 3.9807
5.6740 0.0008 102.8284 580.4219 235.3045 0.5978 3.5112
5.9279 0.0005 102.7488 505.8384 237.8793 0.5965 3.1598
5.9871 0.0003 102.6923 378.8274 238.2114 0.5949 2.9566
5.8655 0.0003 102.6637 214.8843 237.6305 0.5919 2.8812
5.4720 0.0002 102.6623 48.3727 237.9216 0.5929 3.1133
4.9107 0.0002 102.6862 0.0000 240.2259 0.5972 3.6864
4.4012 0.0002 102.7126 0.0000 237.7989 0.5994 3.9230
3.9984 0.0001 102.7155 0.0000 233.7809 0.5983 4.0873
3.7622 0.0000 102.6877 0.0000 229.4184 0.5948 4.3402
3.6715 0.0000 102.6641 0.0000 227.6853 0.5917 4.5676
3.6885 0.0000 102.6485 0.0000 227.1240 0.5911 4.4599
3.6535 0.0000 102.6400 0.0000 227.2989 0.5915 4.0633
3.5155 0.0000 102.6254 0.0000 226.9105 0.5918 3.9333
3.3273 0.0000 102.5956 0.0000 226.5530 0.5929 4.1671
3.1264 0.0000 102.5460 0.0000 225.9762 0.5948 4.4704
2.9464 0.0000 102.4997 0.0000 225.5983 0.5983 4.4557
2.7815 0.0000 102.4994 0.0000 225.7714 0.6021 4.5089
2.7631 0.0000 102.5179 0.0000 227.1562 0.6058 4.5797
2.8916 0.0000 102.5200 0.1624 235.1226 0.6099 4.2522
3.1332 0.0000 102.4939 55.3894 247.7400 0.6156 3.9175
