-1.8615 0.0024 103.0599 174.2554 258.7078 0.5186 2.8956
0.4219 0.0002 103.0723 367.7202 235.1546 0.5549 2.9551
3.1915 0.0001 103.0362 521.6251 225.0473 0.5547 2.9512
4.4307 0.0000 102.9328 571.4596 233.1835 0.5382 2.3307
5.1792 0.0000 102.8200 563.3715 237.5686 0.5307 1.7328
5.7564 0.0000 102.7266 517.5161 233.8002 0.5272 1.3721
6.1144 0.0000 102.6534 401.3063 232.5361 0.5251 1.2162
6.1960 0.0000 102.6112 234.9086 233.0609 0.5243 1.1981
5.9850 0.0000 102.6023 61.7270 232.8785 0.5275 1.3656
5.6754 0.0000 102.6212 0.0007 232.2433 0.5326 1.8234
5.3706 0.0000 102.6319 0.0000 231.8359 0.5393 2.4239
5.0440 0.0000 102.6140 0.0000 231.5611 0.5497 3.2240
4.6701 0.0000 102.5858 0.0000 231.4760 0.5662 4.0580
4.1760 0.0000 102.5680 0.0000 231.4671 0.5896 4.6079
3.5910 0.0000 102.5848 0.0000 231.4359 0.6153 4.6848
2.9133 0.0000 102.5778 0.0000 231.3350 0.6354 4.6309
2.2131 0.0000 102.5534 0.0000 230.6995 0.6460 4.8445
1.5734 0.0000 102.5275 0.0000 230.5880 0.6486 5.0328
0.9507 0.0002 102.5091 0.0000 241.5721 0.6415 4.4692
0.3201 0.0023 102.4929 0.0000 264.8349 0.6239 3.7845
-0.1701 0.0060 102.4845 0.0000 278.0359 0.6045 3.7157
-0.3569 0.0047 102.4821 0.0000 282.9937 0.5935 3.6806
-0.2792 0.0022 102.4563 0.0016 281.2080 0.5921 3.8019
-0.0025 0.0007 102.4210 35.2048 275.4696 0.5968 4.0258
