-2.0372 0.0001 102.6123 140.3240 247.4824 0.4882 4.3982
-0.2019 0.0000 102.6352 299.9416 232.9151 0.5058 4.0359
2.5533 0.0000 102.6118 452.6312 228.4603 0.4917 4.0234
4.4284 0.0000 102.5164 555.2048 226.5989 0.4650 3.5350
5.3450 0.0000 102.3900 580.8327 224.7922 0.4586 2.8955
5.9857 0.0000 102.2810 526.2200 226.6778 0.4579 2.5150
6.4023 0.0000 102.1961 409.5779 229.0603 0.4576 2.3670
6.4739 0.0000 102.1537 248.3625 231.0972 0.4592 2.4537
6.2030 0.0000 102.1407 77.0768 232.0908 0.4647 2.8780
5.7148 0.0000 102.1412 0.4090 232.0436 0.4698 3.7531
5.1100 0.0000 102.1436 0.0000 231.7388 0.4738 4.6713
4.4225 0.0000 102.1271 0.0000 231.3752 0.4799 5.3514
3.7427 0.0000 102.1182 0.0000 230.9004 0.4875 5.5058
3.1474 0.0000 102.1401 0.0000 230.5940 0.4958 5.2776
2.6348 0.0000 102.1348 0.0000 230.4296 0.5044 5.4179
2.1138 0.0000 102.1029 0.0000 230.6326 0.5130 5.5731
1.6185 0.0000 102.0925 0.0000 235.8892 0.5206 5.1292
1.2277 0.0000 102.0947 0.0000 244.4997 0.5269 4.8263
0.9331 0.0000 102.0768 0.0000 250.3816 0.5319 4.8716
0.7085 0.0000 102.0241 0.0000 256.0490 0.5365 5.1939
0.5352 0.0000 101.9714 0.0000 256.2562 0.5426 5.6242
0.4446 0.0000 101.9311 0.0000 260.5226 0.5523 5.8784
0.3743 0.0000 101.8896 0.0000 266.4210 0.5635 6.0272
0.2499 0.0003 101.8657 22.4951 270.4792 0.5743 5.7401
