1.2909 0.0000 101.8161 164.6572 254.3875 0.6109 6.1572
3.0165 0.0000 101.8432 348.4300 238.8259 0.6180 5.6541
5.2991 0.0000 101.8187 494.0650 240.5242 0.6100 5.3453
7.3929 0.0000 101.7373 583.6682 244.7416 0.5615 5.0068
8.7104 0.0000 101.6223 600.0173 248.9462 0.5220 4.7691
9.4447 0.0000 101.5108 559.2274 248.8000 0.5086 4.8685
9.7821 0.0000 101.4318 441.1609 250.0398 0.5069 5.0879
9.7758 0.0000 101.3849 283.3196 250.2894 0.5089 5.4198
9.2147 0.0000 101.3701 106.3264 249.5854 0.5278 5.7056
8.1328 0.0000 101.3826 3.3148 247.6311 0.5512 6.3110
7.0419 0.0000 101.4157 0.0000 246.0639 0.5646 6.6141
6.1310 0.0000 101.4290 0.0000 247.4285 0.5752 6.6669
5.4139 0.0000 101.4316 0.0000 257.8469 0.5832 6.5399
4.8789 0.0000 101.4489 0.0000 266.6303 0.5905 6.0546
4.4912 0.0000 101.4387 0.0000 272.5672 0.5952 5.9252
4.2188 0.0000 101.4062 0.0000 276.8469 0.5960 5.9629
4.0436 0.0000 101.3760 0.0000 281.5043 0.5942 5.8688
3.9161 0.0000 101.3501 0.0000 284.2606 0.5929 5.7227
3.8040 0.0000 101.3112 0.0000 286.2686 0.5921 5.7380
3.6754 0.0000 101.2681 0.0000 286.8446 0.5929 5.6627
3.5437 0.0000 101.2255 0.0000 285.0597 0.5951 5.6456
3.4216 0.0000 101.1713 0.0000 281.3628 0.5994 5.9284
3.2699 0.0000 101.1680 0.0000 261.3018 0.6074 5.3089
3.1279 0.0000 101.2195 36.5563 250.5416 0.6139 4.1116
