0.2311 0.0005 100.4142 159.6122 244.8027 0.5551 6.0766
2.2220 0.0001 100.4490 343.0481 233.4351 0.5550 5.8097
4.4940 0.0000 100.4298 493.8607 231.8838 0.5516 5.0131
6.6007 0.0000 100.3547 578.0407 236.7110 0.5252 3.5536
8.1264 0.0000 100.2362 595.6717 241.6529 0.5079 3.1144
9.0690 0.0000 100.1147 547.8561 244.9262 0.5108 3.0326
9.6535 0.0000 100.0295 431.2772 247.4890 0.5185 2.9683
9.8425 0.0000 99.9749 276.0027 248.7091 0.5274 2.9578
9.5259 0.0000 99.9578 103.1666 249.1563 0.5384 3.0861
8.6697 0.0000 99.9668 3.5076 248.9819 0.5489 3.6228
7.5844 0.0000 100.0134 0.0000 248.6418 0.5565 4.0197
6.5651 0.0000 100.0429 0.0000 249.7860 0.5625 3.9964
5.7456 0.0000 100.0592 0.0000 262.5617 0.5663 3.9468
5.1280 0.0000 100.0743 0.0000 268.4988 0.5689 3.8010
4.6506 0.0000 100.0661 0.0000 271.1951 0.5688 3.8140
4.3073 0.0000 100.0340 0.0000 274.8136 0.5651 3.9130
4.1222 0.0000 100.0084 0.0000 277.4327 0.5594 3.8745
4.0848 0.0000 99.9783 0.0000 281.7583 0.5535 3.7442
4.1600 0.0000 99.9363 0.0000 284.8119 0.5493 3.6702
4.2419 0.0000 99.8842 0.0000 287.1041 0.5477 3.6346
4.2799 0.0000 99.8199 0.0000 288.6638 0.5475 4.0619
4.2284 0.0000 99.7525 0.0000 287.6838 0.5509 4.7836
4.0514 0.0000 99.7804 0.0000 280.7299 0.5571 4.0471
3.8398 0.0000 99.8349 22.6906 270.8200 0.5620 3.1588
