-2.1801 0.0003 102.8309 169.9978 241.9829 0.4904 3.9238
0.0321 0.0000 102.8483 348.4420 219.0464 0.5074 3.6116
2.9529 0.0000 102.8133 475.2583 224.6367 0.4715 3.3143
4.3000 0.0000 102.7179 550.7150 228.2755 0.4532 2.6511
5.0870 0.0000 102.5991 574.9915 225.1623 0.4548 2.1258
5.6457 0.0000 102.4953 520.2077 225.5564 0.4610 1.8567
5.9915 0.0000 102.4191 402.5015 226.6652 0.4648 1.8199
5.9843 0.0000 102.3767 238.9463 227.7273 0.4692 1.9520
5.6329 0.0000 102.3676 67.2142 228.8204 0.4751 2.4508
5.0819 0.0000 102.3781 0.0523 228.8510 0.4796 3.3241
4.4630 0.0000 102.3857 0.0000 228.3541 0.4829 4.0785
3.8297 0.0000 102.3656 0.0000 227.6146 0.4862 4.7413
3.2343 0.0000 102.3452 0.0000 226.9471 0.4899 5.1039
2.7513 0.0000 102.3467 0.0000 226.8604 0.4955 4.9515
2.3883 0.0000 102.3713 0.0000 227.3594 0.5042 4.5952
2.0313 0.0000 102.3459 0.0000 228.0456 0.5148 4.7187
1.6060 0.0000 102.3140 0.0000 228.3700 0.5272 4.8112
1.1444 0.0000 102.3149 0.0000 232.0005 0.5426 4.2193
0.7264 0.0000 102.3125 0.0000 239.7812 0.5587 3.8827
0.3718 0.0000 102.2650 0.0000 245.2937 0.5755 3.9665
0.0223 0.0000 102.2202 0.0000 252.8286 0.5850 4.2984
-0.3712 0.0010 102.1788 0.0000 259.0699 0.5836 4.7815
-0.8832 0.0064 102.1496 0.0000 270.1588 0.5732 5.0051
-1.1848 0.0078 102.1119 24.9498 282.2313 0.5603 4.7886
