-1.4123 0.0034 102.8417 171.9419 260.7078 0.5279 2.6930
0.5465 0.0005 102.8540 358.0701 241.8060 0.5554 2.7618
3.1801 0.0000 102.8160 506.1421 231.3003 0.5529 2.9683
4.5620 0.0000 102.7135 553.4451 240.3290 0.5329 2.4754
5.3735 0.0000 102.5990 570.7878 238.1082 0.5248 1.9501
5.9841 0.0000 102.5033 526.1432 234.1929 0.5210 1.6721
6.3457 0.0000 102.4284 410.2016 232.8292 0.5190 1.5909
6.4090 0.0000 102.3894 242.7560 233.3143 0.5182 1.6315
6.1399 0.0000 102.3802 66.6433 233.0975 0.5213 1.9663
5.6978 0.0000 102.3967 0.0170 232.1724 0.5256 2.6432
5.2716 0.0000 102.4071 0.0000 231.4381 0.5294 3.2552
4.8845 0.0000 102.3867 0.0000 230.9765 0.5354 3.8773
4.5290 0.0000 102.3590 0.0000 230.9073 0.5457 4.3757
4.1415 0.0000 102.3499 0.0000 231.1111 0.5623 4.4964
3.7102 0.0000 102.3636 0.0000 231.5413 0.5833 4.2610
3.1689 0.0000 102.3487 0.0000 231.9198 0.6031 4.1363
2.5600 0.0000 102.3248 0.0000 231.6412 0.6192 4.2842
1.9695 0.0000 102.3005 0.0000 231.3860 0.6322 4.3449
1.4030 0.0001 102.2820 0.0000 237.7557 0.6387 3.8556
0.8276 0.0011 102.2597 0.0000 257.5352 0.6336 3.4027
0.2923 0.0052 102.2542 0.0000 277.5606 0.6204 3.4597
0.0053 0.0057 102.2546 0.0000 287.6468 0.6095 3.5845
-0.0198 0.0053 102.2336 0.0018 287.9706 0.6064 3.8018
0.1835 0.0018 102.1959 34.5041 281.1065 0.6103 4.0513
