-1.3215 0.0040 102.3279 165.4229 255.9682 0.5213 3.2020
0.5429 0.0002 102.3350 314.0390 249.7313 0.5385 3.4537
3.3979 0.0000 102.2920 477.1615 235.9110 0.5198 3.8724
5.2781 0.0000 102.1879 577.6423 233.7359 0.4905 3.4152
6.3559 0.0000 102.0630 597.1700 233.5779 0.4900 2.7942
7.0846 0.0000 101.9610 550.0470 231.7273 0.4949 2.4487
7.5099 0.0000 101.8870 429.2639 233.4463 0.4989 2.3809
7.5438 0.0000 101.8447 261.6044 234.5957 0.5037 2.5672
7.1425 0.0000 101.8356 80.5008 234.8595 0.5136 3.2053
6.4861 0.0000 101.8515 0.2526 234.4301 0.5213 4.2876
5.8353 0.0000 101.8547 0.0000 234.2243 0.5272 5.0077
5.1742 0.0000 101.8278 0.0000 234.1243 0.5346 5.5117
4.4759 0.0000 101.8138 0.0000 233.8562 0.5411 5.5695
3.8594 0.0000 101.8271 0.0000 233.5077 0.5456 5.1325
3.4148 0.0000 101.8378 0.0000 233.4386 0.5481 4.7697
3.0231 0.0000 101.8100 0.0000 233.5876 0.5485 4.6480
2.6640 0.0000 101.7806 0.0000 234.6006 0.5489 4.5789
2.3510 0.0000 101.7631 0.0000 240.5969 0.5507 4.1968
2.0470 0.0000 101.7454 0.0000 246.5908 0.5532 3.5057
1.7317 0.0000 101.7172 0.0000 257.3821 0.5562 3.1567
1.4386 0.0001 101.7046 0.0000 260.6968 0.5601 3.4260
1.2837 0.0005 101.6857 0.0000 264.2049 0.5650 4.1598
1.2685 0.0014 101.6589 0.0000 267.8324 0.5709 4.9350
1.3320 0.0007 101.6091 42.2120 251.8598 0.5760 5.5986
