3.8218 0.0014 102.9929 239.2588 246.9803 0.6441 6.3245
4.9213 0.0002 103.0144 420.7755 237.5714 0.6390 5.8529
5.8401 0.0001 102.9696 554.4907 234.1459 0.6282 5.3652
6.5028 0.0000 102.8777 616.2322 235.7944 0.6233 4.8861
6.9807 0.0000 102.7742 605.4452 238.5096 0.6199 4.3218
7.3304 0.0000 102.6874 526.7830 241.6235 0.6165 3.9085
7.4680 0.0000 102.6255 399.9415 241.3742 0.6155 3.7217
7.4078 0.0000 102.5985 230.7793 240.3954 0.6166 3.6269
7.1524 0.0000 102.5974 54.5081 240.5290 0.6240 3.7260
6.7622 0.0000 102.6244 0.0000 240.1408 0.6373 4.1288
6.3489 0.0000 102.6469 0.0000 239.0022 0.6492 4.4586
5.9311 0.0000 102.6459 0.0000 237.7662 0.6582 4.7934
5.5809 0.0000 102.6294 0.0000 236.5431 0.6637 5.0484
5.3610 0.0000 102.6046 0.0000 235.4312 0.6667 5.1530
5.2876 0.0000 102.5870 0.0000 234.7170 0.6684 4.9773
5.1427 0.0000 102.5682 0.0000 234.5838 0.6681 4.7680
4.9128 0.0000 102.5490 0.0000 233.9128 0.6659 4.8159
4.6884 0.0000 102.5286 0.0000 233.4074 0.6641 4.8839
4.4558 0.0000 102.4904 0.0000 232.9509 0.6631 4.8848
4.2351 0.0000 102.4345 0.0000 232.5298 0.6634 4.8898
4.0387 0.0000 102.4195 0.0000 232.3072 0.6646 4.9773
3.9858 0.0000 102.4592 0.0000 233.0399 0.6645 5.2341
4.0386 0.0000 102.4857 0.4859 245.2140 0.6639 5.1632
4.1837 0.0000 102.4693 58.8775 256.7021 0.6640 4.8166
