-0.0146 0.0003 99.9600 178.8634 250.9539 0.5678 5.2769
2.1947 0.0000 99.9826 390.6496 221.8329 0.5851 4.7665
4.9261 0.0000 99.9550 529.3436 227.2618 0.5770 4.4586
7.1523 0.0000 99.8720 609.9163 233.9824 0.5306 3.9154
8.3891 0.0000 99.7660 616.2698 240.9817 0.5115 3.6003
9.1000 0.0000 99.6648 562.2844 244.4453 0.5085 3.7778
9.3805 0.0000 99.5949 444.0803 246.0402 0.5123 4.0927
9.2686 0.0000 99.5564 281.4216 247.3374 0.5164 4.4518
8.6262 0.0000 99.5469 101.6835 247.0160 0.5320 4.8808
7.5456 0.0000 99.5553 2.2293 244.6418 0.5458 5.6192
6.4672 0.0000 99.5746 0.0000 241.7908 0.5492 5.9181
5.5536 0.0000 99.5823 0.0000 239.6158 0.5516 5.5747
4.8494 0.0000 99.5821 0.0000 242.0145 0.5524 5.4005
4.3214 0.0000 99.5924 0.0000 251.7905 0.5536 5.0042
3.9535 0.0000 99.5866 0.0000 257.7939 0.5545 4.6101
3.7047 0.0000 99.5631 0.0000 266.9163 0.5542 4.4631
3.5519 0.0000 99.5328 0.0000 272.2212 0.5544 4.3880
3.4334 0.0000 99.5026 0.0000 276.8734 0.5558 4.2812
3.3033 0.0000 99.4766 0.0000 279.6601 0.5577 4.2239
3.1581 0.0000 99.4321 0.0000 281.3509 0.5599 4.4149
2.9788 0.0000 99.4013 0.0000 281.9848 0.5626 4.5562
2.8826 0.0000 99.3696 0.0000 279.3839 0.5667 4.9308
2.8790 0.0000 99.3363 0.0000 276.0541 0.5720 5.1300
2.9058 0.0000 99.3652 39.0231 255.6155 0.5764 4.1696
