-1.0583 0.0014 102.6668 136.2290 264.4004 0.5276 4.3869
0.7656 0.0000 102.6841 300.2021 244.1778 0.5387 4.4151
3.1379 0.0000 102.6478 458.6931 236.3897 0.5210 4.4803
4.9234 0.0000 102.5477 569.4690 232.0809 0.4926 3.9622
5.9710 0.0000 102.4287 598.4895 229.4158 0.4884 3.3406
6.6936 0.0000 102.3200 545.1692 230.3247 0.4911 2.9817
7.1241 0.0000 102.2395 426.8247 232.0638 0.4926 2.8879
7.2203 0.0000 102.1971 261.5990 233.8216 0.4934 2.9917
6.8883 0.0000 102.1879 82.8528 234.9739 0.5014 3.4451
6.3290 0.0000 102.1903 0.4727 235.1806 0.5078 4.3688
5.7538 0.0000 102.1927 0.0000 235.2671 0.5118 5.1595
5.1624 0.0000 102.1716 0.0000 235.2609 0.5199 5.6468
4.5577 0.0000 102.1621 0.0000 235.0516 0.5313 5.5815
3.9854 0.0000 102.1796 0.0000 234.7338 0.5424 5.1687
3.4600 0.0000 102.1791 0.0000 234.3860 0.5508 5.1317
2.9267 0.0000 102.1479 0.0000 234.1730 0.5561 5.1588
2.4491 0.0000 102.1244 0.0000 239.6443 0.5594 4.7847
2.0918 0.0000 102.1176 0.0000 248.0698 0.5620 4.2353
1.7956 0.0000 102.1006 0.0000 255.5933 0.5637 4.0829
1.5054 0.0000 102.0615 0.0000 260.4210 0.5646 4.3258
1.2467 0.0000 102.0313 0.0000 262.9333 0.5658 4.8488
1.1338 0.0000 102.0042 0.0000 267.7363 0.5686 5.2711
1.1385 0.0000 101.9671 0.0000 269.1946 0.5728 5.6674
1.2057 0.0001 101.9267 31.2282 264.2557 0.5778 5.6596
