-2.1281 0.0003 102.7322 160.3802 244.5295 0.4907 4.1519
-0.0772 0.0000 102.7537 330.7669 225.1430 0.5105 3.8388
2.8209 0.0000 102.7235 458.4565 229.3187 0.4848 3.7156
4.3662 0.0000 102.6281 549.8579 229.1662 0.4609 3.0698
5.2041 0.0000 102.5055 579.0608 225.1950 0.4586 2.4724
5.8051 0.0000 102.3984 524.3516 225.9768 0.4621 2.1520
6.1958 0.0000 102.3182 407.3061 227.4344 0.4640 2.0557
6.2295 0.0000 102.2758 243.5020 229.1618 0.4675 2.1584
5.9176 0.0000 102.2667 71.3998 230.2284 0.4741 2.6223
5.4037 0.0000 102.2736 0.1572 230.2221 0.4801 3.5280
4.8009 0.0000 102.2771 0.0000 229.8725 0.4851 4.4201
4.1408 0.0000 102.2579 0.0000 229.3565 0.4911 5.1726
3.4911 0.0000 102.2404 0.0000 228.9025 0.4976 5.5160
2.9388 0.0000 102.2528 0.0000 228.7689 0.5045 5.3015
2.5053 0.0000 102.2678 0.0000 228.9729 0.5123 5.1008
2.0885 0.0000 102.2340 0.0000 229.2383 0.5201 5.2938
1.6477 0.0000 102.2095 0.0000 230.3508 0.5279 5.1141
1.2282 0.0000 102.2146 0.0000 236.6331 0.5371 4.5460
0.8722 0.0000 102.2045 0.0000 243.4303 0.5470 4.3444
0.5825 0.0000 102.1605 0.0000 250.9132 0.5580 4.5283
0.3200 0.0000 102.1109 0.0000 254.2016 0.5683 4.9196
0.0562 0.0005 102.0727 0.0000 259.7613 0.5751 5.3331
-0.2566 0.0028 102.0365 0.0000 267.9256 0.5774 5.5418
-0.4940 0.0035 101.9985 24.2672 276.8482 0.5770 5.3455
