0.1326 0.0011 101.3321 164.0845 248.9493 0.5675 6.3268
1.8960 0.0001 101.3579 363.5428 225.6299 0.5708 5.9307
4.2002 0.0000 101.3281 507.7597 228.0295 0.5603 5.7280
6.1920 0.0000 101.2440 590.1256 233.9443 0.5237 5.2200
7.4708 0.0000 101.1303 604.2745 238.9168 0.5021 4.6904
8.2829 0.0000 101.0192 552.0009 242.4706 0.4985 4.5565
8.7124 0.0000 100.9371 433.2211 245.3903 0.5013 4.5708
8.7582 0.0000 100.8914 275.2144 246.4419 0.5069 4.7684
8.2364 0.0000 100.8758 100.3123 246.1073 0.5243 5.2037
7.1628 0.0000 100.8843 2.6185 243.8872 0.5427 6.1925
6.0814 0.0000 100.9093 0.0000 241.4018 0.5504 6.5922
5.2227 0.0000 100.9319 0.0000 239.8905 0.5552 6.2431
4.5887 0.0000 100.9361 0.0000 245.5066 0.5564 6.0060
4.1376 0.0000 100.9459 0.0000 255.5907 0.5566 5.4776
3.8382 0.0000 100.9349 0.0000 261.8777 0.5554 5.1066
3.6338 0.0000 100.9037 0.0000 268.1613 0.5529 4.9940
3.5062 0.0000 100.8767 0.0000 272.7521 0.5506 4.9702
3.4173 0.0000 100.8508 0.0000 276.7509 0.5499 4.9709
3.3234 0.0000 100.8144 0.0000 280.1476 0.5505 5.1271
3.1666 0.0000 100.7645 0.0000 283.5167 0.5530 5.2597
2.9628 0.0000 100.7218 0.0000 284.4446 0.5570 5.3646
2.7469 0.0000 100.6713 0.0000 284.0888 0.5630 5.6936
2.5643 0.0000 100.6545 0.0000 278.9013 0.5704 5.3791
2.4920 0.0000 100.7015 28.5770 262.7831 0.5759 4.1552
