-0.3810 0.0006 100.6649 167.1337 253.8624 0.5538 5.0620
1.6356 0.0000 100.6836 388.1906 217.9664 0.5666 4.6643
4.4205 0.0000 100.6544 529.3214 222.0680 0.5463 4.6608
6.5177 0.0000 100.5649 609.2154 228.9442 0.5046 4.2799
7.6319 0.0000 100.4563 619.9939 233.5469 0.4929 3.9078
8.3113 0.0000 100.3573 563.1695 237.5387 0.4920 3.9618
8.5628 0.0000 100.2841 438.8723 241.1746 0.4972 4.1889
8.4246 0.0000 100.2474 275.5611 243.0828 0.5033 4.4524
7.7357 0.0000 100.2367 96.8892 243.3814 0.5210 4.9362
6.6311 0.0000 100.2452 1.7495 241.4667 0.5361 5.7506
5.6031 0.0000 100.2581 0.0000 238.9138 0.5402 6.0125
4.8166 0.0000 100.2617 0.0000 236.7940 0.5432 5.5177
4.2453 0.0000 100.2645 0.0000 236.3259 0.5446 5.0229
3.8068 0.0000 100.2715 0.0000 243.3476 0.5455 4.6390
3.4643 0.0000 100.2631 0.0000 249.9104 0.5467 4.1735
3.1970 0.0000 100.2370 0.0000 257.4469 0.5474 3.8411
3.0045 0.0000 100.2083 0.0000 264.5935 0.5481 3.5868
2.8546 0.0000 100.1846 0.0000 270.0619 0.5497 3.4748
2.6810 0.0000 100.1574 0.0000 272.7443 0.5520 3.4697
2.4793 0.0000 100.1191 0.0000 276.1967 0.5546 3.7543
2.2778 0.0000 100.0848 0.0000 278.3815 0.5578 3.9915
2.2153 0.0000 100.0540 0.0000 278.2057 0.5620 4.2587
2.3225 0.0000 100.0120 0.0000 277.0217 0.5666 4.5039
2.5016 0.0000 100.0207 27.9928 272.5779 0.5708 3.6924
