0.4032 0.0061 103.0820 170.9286 261.3753 0.5764 3.7999
2.3322 0.0016 103.0978 331.3800 253.0623 0.5841 3.6467
4.0035 0.0005 103.0556 510.8686 229.0907 0.5773 3.2518
4.9650 0.0004 102.9549 577.6894 232.2128 0.5726 2.7680
5.6386 0.0003 102.8412 579.5056 232.7876 0.5729 2.3549
6.1184 0.0002 102.7506 507.0393 235.8175 0.5727 2.0204
6.3264 0.0001 102.6865 379.6789 237.9968 0.5738 1.8181
6.2504 0.0001 102.6533 216.5607 238.2725 0.5749 1.7650
5.8905 0.0002 102.6521 50.9136 238.3569 0.5782 2.1230
5.3347 0.0003 102.6714 0.0000 245.3011 0.5860 2.9604
4.6906 0.0004 102.6975 0.0000 249.9006 0.5953 3.5971
4.0108 0.0002 102.6939 0.0000 247.7032 0.6027 4.1876
3.3308 0.0001 102.6726 0.0000 239.4937 0.6060 4.8274
2.7270 0.0000 102.6536 0.0000 229.4345 0.6045 5.3400
2.3279 0.0000 102.6521 0.0000 227.6131 0.6007 5.2961
2.0690 0.0000 102.6547 0.0000 226.5453 0.5948 4.7217
1.8721 0.0000 102.6407 0.0000 225.6334 0.5882 4.3254
1.7525 0.0000 102.6069 0.0000 225.0722 0.5829 4.4333
1.6630 0.0000 102.5641 0.0000 224.9571 0.5801 4.3918
1.5367 0.0000 102.5400 0.0000 225.5180 0.5792 3.8635
1.3772 0.0000 102.5348 0.0000 227.3065 0.5777 3.7277
1.3833 0.0000 102.5291 0.0000 235.5660 0.5765 3.6852
1.5399 0.0000 102.5126 0.0230 240.3065 0.5772 3.5725
1.7668 0.0000 102.4788 48.9633 246.5188 0.5806 3.6565
