0.2330 0.0003 100.8042 177.3286 249.1768 0.5761 5.5376
2.3161 0.0000 100.8266 387.4233 221.7090 0.5876 5.0238
4.9916 0.0000 100.7985 526.0280 227.3569 0.5770 4.8274
7.2079 0.0000 100.7126 605.8516 234.5598 0.5233 4.4732
8.3836 0.0000 100.6039 617.3131 240.2584 0.4998 4.2697
9.0155 0.0000 100.5022 563.1016 243.5240 0.4962 4.4518
9.2417 0.0000 100.4301 441.3769 246.4351 0.4994 4.7303
9.0931 0.0000 100.3895 280.4523 247.1960 0.5044 5.0854
8.3894 0.0000 100.3798 102.0561 246.5146 0.5242 5.4807
7.2314 0.0000 100.3883 2.4027 243.8067 0.5431 6.2810
6.2143 0.0000 100.4061 0.0000 240.8904 0.5478 6.6394
5.4074 0.0000 100.4162 0.0000 238.9986 0.5509 6.3055
4.7630 0.0000 100.4141 0.0000 243.1049 0.5530 6.1628
4.2530 0.0000 100.4259 0.0000 253.2798 0.5564 5.6805
3.8836 0.0000 100.4186 0.0000 260.2167 0.5589 5.2491
3.6168 0.0000 100.3924 0.0000 268.1821 0.5597 5.0525
3.4229 0.0000 100.3627 0.0000 272.9186 0.5598 4.9540
3.2489 0.0000 100.3353 0.0000 277.0734 0.5608 4.8363
3.0655 0.0000 100.3092 0.0000 280.0663 0.5621 4.8619
2.8630 0.0000 100.2645 0.0000 282.3195 0.5643 5.0011
2.6681 0.0000 100.2301 0.0000 283.0285 0.5673 5.0583
2.5625 0.0000 100.1915 0.0000 280.9849 0.5720 5.3569
2.5798 0.0000 100.1570 0.0000 276.5403 0.5784 5.3325
2.6490 0.0000 100.1933 37.1998 253.9006 0.5836 4.1557
