-2.0309 0.0016 102.8560 166.9233 250.7472 0.5015 3.4239
0.2786 0.0001 102.8702 360.8472 224.5440 0.5268 3.5404
3.2037 0.0000 102.8335 476.3699 230.2624 0.5106 3.5828
4.5730 0.0000 102.7343 546.1017 235.3085 0.4935 2.8956
5.4230 0.0000 102.6183 580.5309 229.2601 0.4921 2.2748
6.0531 0.0000 102.5124 529.1738 228.3940 0.4952 1.9383
6.4647 0.0000 102.4334 409.8245 229.6530 0.4963 1.8203
6.5033 0.0000 102.3921 243.6840 230.8986 0.4995 1.8965
6.1957 0.0000 102.3830 69.2773 231.4647 0.5058 2.3201
5.7089 0.0000 102.3980 0.0681 231.3433 0.5122 3.1885
5.1535 0.0000 102.4039 0.0000 231.1328 0.5175 4.0742
4.5501 0.0000 102.3835 0.0000 230.5878 0.5226 4.8905
3.9587 0.0000 102.3595 0.0000 229.9388 0.5280 5.3568
3.4472 0.0000 102.3648 0.0000 229.5776 0.5352 5.2203
3.0290 0.0000 102.3852 0.0000 229.6557 0.5444 4.8276
2.5940 0.0000 102.3600 0.0000 229.9698 0.5539 4.8352
2.0947 0.0000 102.3242 0.0000 229.8184 0.5649 4.9426
1.5467 0.0000 102.3210 0.0000 231.5869 0.5784 4.4952
1.0237 0.0001 102.3169 0.0000 240.4630 0.5900 3.9534
0.5271 0.0018 102.2873 0.0000 256.3107 0.5954 3.9698
0.0378 0.0069 102.2540 0.0000 270.0582 0.5937 4.2631
-0.3159 0.0055 102.2240 0.0000 278.7330 0.5890 4.6508
-0.5833 0.0059 102.1943 0.0000 283.9200 0.5840 4.9770
-0.6247 0.0047 102.1510 25.2799 287.2701 0.5812 4.9999
