3.9277 0.0007 103.0180 230.7019 248.4955 0.6282 6.0577
4.7560 0.0002 103.0371 408.3741 239.0205 0.6192 5.5943
5.4085 0.0001 103.0010 547.8598 232.7334 0.6147 5.1607
5.8971 0.0001 102.9067 609.7763 233.8298 0.6168 4.6897
6.2873 0.0001 102.8055 601.2629 235.5376 0.6172 4.1362
6.5663 0.0001 102.7222 521.2502 238.9418 0.6146 3.7165
6.6486 0.0001 102.6658 393.1571 238.8778 0.6140 3.4980
6.5547 0.0001 102.6363 225.1979 237.5994 0.6139 3.3895
6.2786 0.0000 102.6328 51.4012 238.2671 0.6167 3.4595
5.9394 0.0001 102.6584 0.0000 239.6747 0.6223 3.8045
5.6366 0.0001 102.6837 0.0000 240.2366 0.6278 4.0530
5.3353 0.0000 102.6858 0.0000 236.5987 0.6317 4.3335
5.0602 0.0000 102.6613 0.0000 233.9524 0.6335 4.6194
4.8913 0.0000 102.6387 0.0000 232.7664 0.6344 4.8073
4.8434 0.0000 102.6208 0.0000 231.9062 0.6353 4.7145
4.7449 0.0000 102.6044 0.0000 231.8767 0.6346 4.4722
4.5740 0.0000 102.5863 0.0000 231.5305 0.6335 4.4852
4.3757 0.0000 102.5643 0.0000 231.2000 0.6341 4.6507
4.1561 0.0000 102.5183 0.0000 230.7335 0.6353 4.7951
3.9582 0.0000 102.4655 0.0000 230.3147 0.6374 4.7976
3.7865 0.0000 102.4534 0.0000 230.2002 0.6402 4.8954
3.7546 0.0000 102.4874 0.0000 230.6621 0.6429 5.0990
3.8393 0.0000 102.5040 0.3655 238.0967 0.6448 4.9316
4.0378 0.0000 102.4847 56.5526 255.2909 0.6472 4.5251
