0.1480 0.0082 102.3853 161.6149 271.1730 0.5738 2.6470
1.8662 0.0015 102.3943 333.1508 261.8721 0.5895 2.5146
3.9249 0.0000 102.3402 534.2347 229.1991 0.5906 2.5833
5.8162 0.0000 102.2282 600.0445 235.0194 0.5512 2.3692
7.0127 0.0000 102.1024 606.9132 236.4828 0.5360 2.0917
7.7695 0.0000 101.9986 545.5525 237.2169 0.5342 1.9937
8.1882 0.0000 101.9253 418.8905 239.1050 0.5347 2.1034
8.2376 0.0000 101.8943 247.9139 239.9421 0.5358 2.2954
7.8433 0.0000 101.8861 68.9550 239.6992 0.5414 2.8572
7.1022 0.0000 101.9100 0.0244 238.9919 0.5477 3.7771
6.3131 0.0000 101.9283 0.0000 236.2489 0.5527 4.2744
5.5953 0.0000 101.9239 0.0000 234.6880 0.5599 4.4603
5.0264 0.0000 101.9016 0.0000 233.6330 0.5712 4.3603
4.6020 0.0000 101.8890 0.0000 233.2978 0.5885 3.9104
4.2314 0.0000 101.8890 0.0000 233.4368 0.6108 3.2297
3.7512 0.0000 101.8771 0.0000 233.6861 0.6312 2.7748
3.1736 0.0000 101.8582 0.0000 233.2472 0.6478 2.4822
2.6072 0.0000 101.8432 0.0000 232.8339 0.6596 2.3086
2.0458 0.0003 101.8007 0.0000 238.8498 0.6644 2.3201
1.4475 0.0012 101.7608 0.0000 253.8695 0.6587 2.4591
0.8783 0.0032 101.7695 0.0000 283.7346 0.6440 2.7703
0.5751 0.0054 101.8035 0.0000 291.6031 0.6313 2.7305
0.4088 0.0131 101.8078 0.0684 289.9715 0.6242 2.5372
0.4716 0.0075 101.7781 41.5968 284.0325 0.6230 2.4188
