-1.9392 0.0014 102.8709 166.8671 248.9539 0.5028 3.7557
0.2244 0.0001 102.8895 351.9416 225.8570 0.5248 3.7737
3.1534 0.0000 102.8535 462.4131 233.1426 0.5047 3.7619
4.5604 0.0000 102.7553 544.0201 235.1395 0.4861 3.0252
5.4362 0.0000 102.6375 583.3528 228.0577 0.4849 2.3734
6.0837 0.0000 102.5291 531.1358 227.6993 0.4888 2.0287
6.5128 0.0000 102.4484 411.5424 229.3803 0.4906 1.9100
6.5678 0.0000 102.4062 245.4355 230.8744 0.4945 2.0062
6.2765 0.0000 102.3971 70.9625 231.7278 0.5018 2.4599
5.7983 0.0000 102.4114 0.0967 231.8116 0.5096 3.4021
5.2215 0.0000 102.4146 0.0000 231.7043 0.5162 4.3750
4.5696 0.0000 102.3942 0.0000 231.1287 0.5220 5.2393
3.9186 0.0000 102.3729 0.0000 230.4313 0.5270 5.6785
3.3652 0.0000 102.3807 0.0000 230.0301 0.5324 5.4667
2.9448 0.0000 102.4028 0.0000 230.1050 0.5385 5.0683
2.5452 0.0000 102.3716 0.0000 230.3897 0.5443 5.1464
2.0967 0.0000 102.3358 0.0000 230.2152 0.5512 5.1495
1.6003 0.0000 102.3377 0.0000 233.0615 0.5616 4.5228
1.1269 0.0000 102.3336 0.0000 241.7594 0.5731 4.0557
0.7181 0.0005 102.2988 0.0000 251.8231 0.5843 4.1704
0.3302 0.0018 102.2613 0.0000 259.0779 0.5926 4.5335
-0.0334 0.0019 102.2287 0.0000 270.9441 0.5935 5.0329
-0.4069 0.0043 102.1957 0.0000 279.9972 0.5883 5.3580
-0.5316 0.0045 102.1524 24.3479 287.1198 0.5835 5.2887
