-1.4147 0.0021 102.8152 143.5839 261.4977 0.5197 4.0495
0.5250 0.0001 102.8331 299.5300 245.9655 0.5348 4.1385
3.0343 0.0000 102.7970 443.5359 239.1315 0.5216 4.2778
4.6889 0.0000 102.6974 555.4445 234.2551 0.4960 3.6533
5.7263 0.0000 102.5785 590.4922 229.7568 0.4893 2.9809
6.4571 0.0000 102.4696 539.9041 229.4401 0.4905 2.5847
6.9163 0.0000 102.3855 421.8447 230.9390 0.4902 2.4392
7.0379 0.0000 102.3431 256.5259 232.6167 0.4909 2.5427
6.7669 0.0000 102.3340 79.0698 233.6422 0.4979 2.9763
6.2970 0.0000 102.3387 0.3183 233.7970 0.5050 3.9006
5.7598 0.0000 102.3411 0.0000 233.8607 0.5115 4.8301
5.1470 0.0000 102.3202 0.0000 233.7300 0.5206 5.5774
4.4783 0.0000 102.3049 0.0000 233.4211 0.5314 5.7972
3.8413 0.0000 102.3229 0.0000 233.0910 0.5411 5.4895
3.2835 0.0000 102.3307 0.0000 232.7768 0.5484 5.4021
2.7323 0.0000 102.2991 0.0000 232.4319 0.5527 5.5345
2.2151 0.0000 102.2730 0.0000 234.1332 0.5552 5.2829
1.7917 0.0000 102.2731 0.0000 242.3281 0.5582 4.7085
1.4535 0.0000 102.2588 0.0000 249.8739 0.5609 4.4500
1.1641 0.0000 102.2190 0.0000 256.3363 0.5638 4.6683
0.9027 0.0000 102.1880 0.0000 260.1611 0.5690 5.1508
0.7453 0.0000 102.1573 0.0000 264.6317 0.5765 5.6260
0.6115 0.0001 102.1230 0.0000 270.3205 0.5832 5.9995
0.5271 0.0007 102.0798 27.9295 271.7997 0.5892 6.0308
