1.7865 0.0038 103.0076 201.3939 260.2225 0.6271 4.9235
3.3192 0.0003 103.0222 381.4456 246.9574 0.6302 4.4984
5.0098 0.0000 102.9704 542.8017 231.9323 0.6187 3.9996
6.2129 0.0000 102.8691 606.3932 235.4800 0.5962 3.4983
7.1029 0.0000 102.7542 597.7436 239.2773 0.5790 3.0239
7.6999 0.0000 102.6564 527.2166 241.2760 0.5695 2.7525
8.0124 0.0000 102.5896 404.8643 240.6374 0.5652 2.6789
8.0424 0.0000 102.5592 234.6824 240.8329 0.5654 2.6675
7.7983 0.0000 102.5551 58.6981 240.9745 0.5735 2.9067
7.3658 0.0000 102.5770 0.0001 240.3337 0.5901 3.4969
6.8878 0.0000 102.5978 0.0000 239.1971 0.6089 3.9980
6.3798 0.0000 102.5920 0.0000 238.1137 0.6285 4.4454
5.8688 0.0000 102.5724 0.0000 237.0342 0.6484 4.8177
5.4033 0.0000 102.5508 0.0000 236.0104 0.6680 4.9948
5.0737 0.0000 102.5458 0.0000 235.3787 0.6819 4.7466
4.6995 0.0000 102.5339 0.0000 235.1343 0.6880 4.4211
4.2590 0.0000 102.5146 0.0000 234.2514 0.6883 4.2938
3.8693 0.0000 102.5009 0.0000 233.5390 0.6834 4.1819
3.5116 0.0002 102.4593 0.0000 236.8243 0.6743 4.1232
3.1685 0.0005 102.4111 0.0000 240.8231 0.6635 4.0912
2.8761 0.0004 102.4074 0.0000 242.2916 0.6567 4.1745
2.7945 0.0002 102.4461 0.0000 247.0386 0.6518 4.3553
2.8546 0.0001 102.4647 0.2771 257.1183 0.6482 4.2395
2.9984 0.0001 102.4371 59.3262 254.1203 0.6458 4.0324
