-2.1085 0.0005 102.8827 171.6720 243.8904 0.4952 3.7567
0.1739 0.0000 102.8981 361.5000 217.8893 0.5154 3.5838
3.0630 0.0000 102.8635 481.2269 225.2942 0.4876 3.3181
4.3572 0.0000 102.7670 551.0064 230.1247 0.4704 2.6292
5.1348 0.0000 102.6497 575.1819 226.7898 0.4709 2.0762
5.6980 0.0000 102.5454 520.8122 226.8172 0.4759 1.7827
6.0512 0.0000 102.4701 402.1453 227.9584 0.4786 1.7133
6.0558 0.0000 102.4277 238.4755 228.7871 0.4823 1.8213
5.7245 0.0000 102.4186 66.3710 229.5731 0.4880 2.2684
5.2159 0.0000 102.4323 0.0412 229.5783 0.4928 3.0819
4.6493 0.0000 102.4386 0.0000 229.2827 0.4968 3.8355
4.0621 0.0000 102.4192 0.0000 228.6909 0.5011 4.5438
3.5027 0.0000 102.3966 0.0000 228.0212 0.5063 4.9888
3.0212 0.0000 102.3968 0.0000 227.7815 0.5142 4.9218
2.6263 0.0000 102.4198 0.0000 228.0891 0.5253 4.5855
2.2198 0.0000 102.3982 0.0000 228.6398 0.5375 4.6593
1.7433 0.0000 102.3627 0.0000 228.7465 0.5506 4.8065
1.2185 0.0000 102.3607 0.0000 231.0140 0.5653 4.3069
0.7300 0.0001 102.3591 0.0000 239.8350 0.5782 3.8489
0.2850 0.0013 102.3202 0.0000 251.0403 0.5874 3.8672
-0.1476 0.0041 102.2794 0.0000 262.5200 0.5886 4.1422
-0.5291 0.0036 102.2418 0.0000 269.3243 0.5832 4.5568
-0.9392 0.0068 102.2125 0.0000 276.4394 0.5732 4.8234
-1.1320 0.0072 102.1731 25.4075 284.3411 0.5632 4.6959
