1.8931 0.0061 103.0598 182.8964 259.6776 0.5973 4.5666
3.1674 0.0022 103.0788 326.9305 258.1706 0.5917 4.2788
4.3456 0.0009 103.0399 506.7374 232.8049 0.5887 3.8566
5.1369 0.0005 102.9371 582.7035 232.1443 0.5857 3.3747
5.7117 0.0004 102.8282 584.4149 232.0726 0.5847 2.9336
6.0874 0.0002 102.7443 511.2702 234.7138 0.5843 2.6001
6.2299 0.0001 102.6837 383.1815 235.8720 0.5838 2.4096
6.1290 0.0001 102.6538 218.3853 235.8775 0.5823 2.3571
5.7292 0.0001 102.6527 50.4292 235.7356 0.5845 2.6600
5.1307 0.0002 102.6745 0.0000 240.4351 0.5912 3.3867
4.5217 0.0002 102.7006 0.0000 240.8262 0.5972 3.8246
3.9672 0.0001 102.7009 0.0000 238.5347 0.6003 4.1932
3.5237 0.0001 102.6754 0.0000 232.5021 0.6003 4.6436
3.1911 0.0000 102.6531 0.0000 227.6865 0.5980 5.0238
3.0034 0.0000 102.6443 0.0000 226.7029 0.5959 4.9405
2.8480 0.0000 102.6428 0.0000 226.3593 0.5936 4.4551
2.6564 0.0000 102.6281 0.0000 225.6431 0.5905 4.2160
2.4784 0.0000 102.5952 0.0000 225.1310 0.5881 4.4029
2.3207 0.0000 102.5486 0.0000 224.7099 0.5876 4.5565
2.1625 0.0000 102.5126 0.0000 224.5981 0.5893 4.3117
1.9922 0.0000 102.5133 0.0000 225.1958 0.5910 4.2878
1.9786 0.0000 102.5213 0.0000 229.7811 0.5925 4.2869
2.1220 0.0000 102.5141 0.0806 237.7629 0.5954 4.0118
2.3661 0.0000 102.4838 50.2918 248.7460 0.6007 3.8496
