-0.0141 0.0099 101.9360 158.3563 270.6846 0.5633 2.3380
1.6889 0.0018 101.9427 329.2467 263.0535 0.5773 2.3398
3.7275 0.0000 101.8909 538.8617 227.1768 0.5751 2.5235
5.7891 0.0000 101.7771 603.7787 234.0768 0.5358 2.3736
6.9242 0.0000 101.6531 609.5465 236.2913 0.5306 2.1272
7.6834 0.0000 101.5516 549.4725 236.8525 0.5330 2.0122
8.0975 0.0000 101.4783 423.0705 238.8321 0.5355 2.1279
8.1399 0.0000 101.4466 252.1469 239.6759 0.5372 2.3378
7.7092 0.0000 101.4400 72.0437 239.4722 0.5428 2.9470
6.8970 0.0000 101.4620 0.0445 241.3008 0.5478 3.9088
6.0117 0.0000 101.4804 0.0000 235.6895 0.5500 4.3736
5.1733 0.0000 101.4760 0.0000 233.8639 0.5530 4.4772
4.5213 0.0000 101.4578 0.0000 232.5741 0.5583 4.2323
4.0822 0.0000 101.4478 0.0000 232.1479 0.5666 3.6092
3.7288 0.0000 101.4464 0.0000 232.2415 0.5789 2.8389
3.2730 0.0000 101.4345 0.0000 232.5061 0.5919 2.3409
2.7275 0.0000 101.4149 0.0000 232.1039 0.6048 2.0311
2.1861 0.0000 101.3973 0.0000 231.8015 0.6166 1.9260
1.6424 0.0000 101.3532 0.0000 232.2992 0.6272 1.9733
1.0853 0.0005 101.3140 0.0000 244.7495 0.6324 2.1671
0.5047 0.0030 101.3256 0.0000 278.3424 0.6246 2.6222
0.1016 0.0066 101.3542 0.0000 286.5430 0.6128 2.6406
-0.1973 0.0197 101.3550 0.0328 294.6772 0.6037 2.3567
-0.1851 0.0124 101.3276 36.5551 290.3391 0.6034 2.1549
