-1.9092 0.0031 102.7251 167.9339 257.6382 0.5086 2.4802
0.3842 0.0003 102.7335 362.6388 235.2560 0.5393 2.8047
3.3019 0.0000 102.6917 486.1269 233.2658 0.5321 3.2102
4.7197 0.0000 102.5931 545.8950 240.1557 0.5157 2.6950
5.5849 0.0000 102.4763 581.3503 233.4981 0.5125 2.1402
6.2372 0.0000 102.3768 530.5903 231.9645 0.5124 1.8290
6.6435 0.0000 102.2980 412.9672 231.6947 0.5119 1.7122
6.6856 0.0000 102.2613 245.6082 232.4391 0.5129 1.7598
6.3610 0.0000 102.2522 68.9930 232.3867 0.5171 2.1802
5.8247 0.0000 102.2687 0.0311 231.6162 0.5214 3.0220
5.2682 0.0000 102.2790 0.0000 230.9293 0.5244 3.7875
4.7200 0.0000 102.2586 0.0000 230.2306 0.5282 4.4704
4.2244 0.0000 102.2309 0.0000 229.7546 0.5339 4.8895
3.8029 0.0000 102.2318 0.0000 229.5720 0.5434 4.7979
3.4226 0.0000 102.2486 0.0000 229.8239 0.5565 4.3801
2.9651 0.0000 102.2298 0.0000 230.2167 0.5704 4.1987
2.4295 0.0000 102.2021 0.0000 230.0845 0.5858 4.3438
1.8688 0.0000 102.1817 0.0000 229.9799 0.6029 4.2499
1.3179 0.0001 102.1686 0.0000 236.3095 0.6163 3.6506
0.7661 0.0009 102.1479 0.0000 254.0728 0.6206 3.3936
0.1984 0.0058 102.1332 0.0000 275.3564 0.6152 3.6214
-0.1956 0.0077 102.1204 0.0000 289.8993 0.6042 3.9416
-0.3133 0.0089 102.1000 0.0003 294.6479 0.5986 4.2906
-0.1134 0.0027 102.0586 29.1469 288.8476 0.6031 4.5529
