-1.9698 0.0007 102.8656 168.2818 245.9047 0.5000 3.9844
0.1532 0.0000 102.8873 355.3143 221.9525 0.5215 3.8878
3.1133 0.0000 102.8520 461.1407 232.3414 0.4980 3.7874
4.5106 0.0000 102.7558 541.8332 234.4840 0.4790 3.0326
5.3598 0.0000 102.6370 583.4036 226.7489 0.4785 2.3793
5.9933 0.0000 102.5277 529.7504 226.9256 0.4832 2.0414
6.4137 0.0000 102.4463 410.0235 228.8007 0.4854 1.9306
6.4632 0.0000 102.4039 244.1622 230.4530 0.4897 2.0295
6.1681 0.0000 102.3948 70.5648 231.4512 0.4974 2.4891
5.6808 0.0000 102.4096 0.0983 231.6110 0.5054 3.4401
5.0870 0.0000 102.4120 0.0000 231.4835 0.5120 4.4231
4.4212 0.0000 102.3916 0.0000 230.8694 0.5180 5.2811
3.7729 0.0000 102.3715 0.0000 230.1479 0.5227 5.7067
3.2356 0.0000 102.3794 0.0000 229.7605 0.5277 5.4815
2.8406 0.0000 102.4026 0.0000 229.9098 0.5335 5.0915
2.4727 0.0000 102.3676 0.0000 230.2663 0.5391 5.2227
2.0486 0.0000 102.3313 0.0000 230.2894 0.5459 5.1988
1.5598 0.0000 102.3366 0.0000 233.5169 0.5566 4.5125
1.0893 0.0000 102.3333 0.0000 241.8788 0.5693 4.1161
0.7053 0.0000 102.2964 0.0000 249.8057 0.5833 4.2773
0.3518 0.0000 102.2538 0.0000 254.7862 0.5944 4.6517
-0.0420 0.0008 102.2187 0.0000 269.5851 0.5946 5.1587
-0.4736 0.0045 102.1841 0.0000 279.9530 0.5870 5.4379
-0.6295 0.0049 102.1412 23.1121 288.4369 0.5803 5.2556
