-2.0961 0.0003 102.8108 166.7076 243.7524 0.4935 4.0431
0.0318 0.0000 102.8316 347.2650 221.0963 0.5134 3.7990
2.9704 0.0000 102.7980 465.1067 228.7947 0.4852 3.6198
4.3952 0.0000 102.7027 546.4986 230.9236 0.4648 2.9248
5.2148 0.0000 102.5826 579.3998 225.6102 0.4646 2.3276
5.8121 0.0000 102.4755 524.8393 226.1177 0.4694 2.0172
6.1987 0.0000 102.3960 406.5347 227.6517 0.4721 1.9339
6.2243 0.0000 102.3536 242.0212 229.1765 0.4762 2.0426
5.9058 0.0000 102.3445 69.6339 230.2315 0.4831 2.5142
5.3893 0.0000 102.3558 0.1010 230.3022 0.4893 3.4260
4.7830 0.0000 102.3600 0.0000 229.9870 0.4944 4.3119
4.1282 0.0000 102.3401 0.0000 229.3594 0.4996 5.0771
3.4992 0.0000 102.3208 0.0000 228.7339 0.5046 5.4589
2.9793 0.0000 102.3281 0.0000 228.5173 0.5104 5.2605
2.5876 0.0000 102.3493 0.0000 228.8013 0.5177 4.9400
2.2127 0.0000 102.3170 0.0000 229.2440 0.5256 5.0939
1.7853 0.0000 102.2855 0.0000 229.7336 0.5347 5.0563
1.3239 0.0000 102.2899 0.0000 234.0153 0.5465 4.4342
0.9010 0.0000 102.2849 0.0000 241.6641 0.5596 4.1248
0.5536 0.0000 102.2427 0.0000 248.7574 0.5737 4.2736
0.2294 0.0000 102.1964 0.0000 253.9057 0.5840 4.6383
-0.1299 0.0008 102.1582 0.0000 263.7824 0.5853 5.1028
-0.5524 0.0047 102.1246 0.0000 273.6650 0.5795 5.3341
-0.7760 0.0054 102.0848 23.7946 283.3511 0.5727 5.1201
