-0.5790 0.0008 102.5473 133.1689 264.7531 0.5381 4.7216
1.0705 0.0000 102.5649 317.3646 237.0509 0.5431 4.6716
3.3244 0.0000 102.5295 479.8427 231.5250 0.5192 4.6993
5.1373 0.0000 102.4292 583.0731 229.6018 0.4911 4.3051
6.1592 0.0000 102.3108 604.5035 229.2413 0.4901 3.7564
6.8687 0.0000 102.2013 549.6108 231.1735 0.4938 3.4638
7.2579 0.0000 102.1244 429.8391 233.7980 0.4982 3.4406
7.3004 0.0000 102.0818 265.1873 235.7977 0.5010 3.5325
6.9236 0.0000 102.0724 86.5066 237.1214 0.5111 3.9633
6.3278 0.0000 102.0729 0.7435 237.3455 0.5178 4.8496
5.7535 0.0000 102.0729 0.0000 237.2912 0.5186 5.4860
5.1841 0.0000 102.0575 0.0000 236.9804 0.5227 5.6585
4.6313 0.0000 102.0553 0.0000 236.4347 0.5308 5.2573
4.1186 0.0000 102.0675 0.0000 235.8099 0.5400 4.8016
3.6295 0.0000 102.0586 0.0000 235.8224 0.5482 4.7106
3.1378 0.0000 102.0326 0.0000 238.0944 0.5549 4.4954
2.7160 0.0000 102.0106 0.0000 247.6211 0.5597 3.9922
2.4083 0.0000 101.9945 0.0000 254.0698 0.5633 3.5330
2.1159 0.0000 101.9743 0.0000 261.3503 0.5663 3.5308
1.7836 0.0000 101.9371 0.0000 264.1555 0.5688 3.8798
1.4773 0.0000 101.9055 0.0000 267.1834 0.5706 4.3870
1.3492 0.0000 101.8794 0.0000 271.4470 0.5721 4.7021
1.3879 0.0000 101.8376 0.0000 270.9196 0.5737 5.0807
1.5466 0.0000 101.8122 30.9931 264.6079 0.5754 4.8228
