-2.2820 0.0001 102.5260 141.0064 244.6591 0.4776 4.3249
-0.4380 0.0000 102.5505 299.8807 231.0195 0.4957 3.8593
2.3109 0.0000 102.5287 450.4906 227.0886 0.4824 3.7166
4.3451 0.0000 102.4334 549.5450 226.2909 0.4525 3.2426
5.2242 0.0000 102.3070 570.4346 225.7263 0.4471 2.6596
5.8351 0.0000 102.1996 519.9521 226.4373 0.4469 2.3278
6.2200 0.0000 102.1163 406.0268 228.0970 0.4475 2.2155
6.2624 0.0000 102.0739 245.4604 229.9972 0.4497 2.3218
5.9633 0.0000 102.0608 75.3693 230.8913 0.4547 2.8048
5.4426 0.0000 102.0613 0.3499 230.6819 0.4588 3.7244
4.8121 0.0000 102.0637 0.0000 230.2388 0.4618 4.6318
4.1134 0.0000 102.0473 0.0000 229.8104 0.4662 5.3109
3.4284 0.0000 102.0368 0.0000 229.3829 0.4720 5.5071
2.8340 0.0000 102.0570 0.0000 229.1765 0.4786 5.3087
2.3343 0.0000 102.0582 0.0000 229.1381 0.4863 5.3757
1.8419 0.0000 102.0262 0.0000 229.3831 0.4943 5.4655
1.3792 0.0000 102.0158 0.0000 234.8248 0.5018 5.0158
1.0192 0.0000 102.0181 0.0000 243.0651 0.5087 4.7306
0.7501 0.0000 101.9986 0.0000 248.6496 0.5153 4.7827
0.5457 0.0000 101.9443 0.0000 255.4006 0.5226 5.1243
0.3780 0.0000 101.8883 0.0000 253.5003 0.5320 5.5622
0.2685 0.0000 101.8464 0.0000 254.4551 0.5444 5.8187
0.1637 0.0000 101.8081 0.0000 260.0354 0.5567 5.9294
0.0030 0.0005 101.7827 23.6755 265.9100 0.5671 5.6557
