-0.4428 0.0004 102.6107 131.0252 261.9687 0.5406 4.8340
1.0961 0.0000 102.6321 317.1260 235.0473 0.5427 4.6988
3.1991 0.0000 102.5983 476.6109 229.8928 0.5205 4.7505
4.9360 0.0000 102.5019 578.0719 228.7361 0.4940 4.4248
5.9344 0.0000 102.3834 598.1473 229.2682 0.4903 3.8853
6.6552 0.0000 102.2723 545.3150 230.9050 0.4914 3.5835
7.0280 0.0000 102.1916 425.4392 234.0988 0.4952 3.5495
7.0775 0.0000 102.1474 262.5427 236.4626 0.4981 3.6170
6.7570 0.0000 102.1364 86.6038 237.8763 0.5074 3.9527
6.2601 0.0000 102.1369 0.9118 238.0564 0.5137 4.7138
5.7679 0.0000 102.1346 0.0000 237.7989 0.5139 5.3023
5.2363 0.0000 102.1253 0.0000 237.1438 0.5168 5.4103
4.6993 0.0000 102.1269 0.0000 236.2155 0.5235 4.9555
4.1854 0.0000 102.1369 0.0000 235.2809 0.5322 4.6327
3.6714 0.0000 102.1241 0.0000 235.5646 0.5421 4.6587
3.1474 0.0000 102.1004 0.0000 240.0316 0.5521 4.4273
2.6831 0.0000 102.0800 0.0000 250.0608 0.5596 3.9102
2.3137 0.0000 102.0671 0.0000 256.8393 0.5651 3.6595
1.9725 0.0000 102.0431 0.0000 262.3391 0.5693 3.8671
1.6229 0.0000 102.0043 0.0000 264.3474 0.5727 4.3469
1.3058 0.0000 101.9656 0.0000 269.8714 0.5752 4.7828
1.1385 0.0000 101.9318 0.0000 272.9521 0.5776 4.9561
1.0999 0.0000 101.8901 0.0000 274.3620 0.5802 5.2156
1.1524 0.0000 101.8784 26.1443 270.2940 0.5836 4.6245
