-0.3930 0.0013 99.3836 155.4851 244.7259 0.5323 5.8529
1.5444 0.0001 99.4171 334.6070 233.2848 0.5342 5.4731
3.8028 0.0000 99.3977 485.7154 231.7341 0.5343 4.6477
5.9005 0.0000 99.3244 575.9339 234.2665 0.5106 3.4535
7.4196 0.0000 99.2082 595.4356 238.4257 0.4950 2.9914
8.3813 0.0000 99.0925 546.7205 241.9520 0.4980 2.9126
8.9879 0.0000 99.0067 429.8687 244.8893 0.5042 2.8492
9.1512 0.0000 98.9579 274.8228 245.8388 0.5127 2.8545
8.7449 0.0000 98.9399 102.0570 245.6873 0.5243 3.1467
7.7246 0.0000 98.9484 3.1854 244.4869 0.5361 3.9182
6.5134 0.0000 98.9907 0.0000 243.0700 0.5425 4.1830
5.4953 0.0000 99.0204 0.0000 242.6147 0.5453 3.9129
4.7651 0.0000 99.0349 0.0000 252.0576 0.5446 3.7915
4.2777 0.0000 99.0448 0.0000 261.1146 0.5430 3.5457
3.9626 0.0000 99.0357 0.0000 265.1538 0.5404 3.4729
3.7863 0.0000 99.0037 0.0000 270.2703 0.5369 3.5167
3.7479 0.0000 98.9778 0.0000 273.2632 0.5336 3.5093
3.8112 0.0000 98.9515 0.0000 278.0146 0.5310 3.4223
3.9304 0.0000 98.9113 0.0000 281.9984 0.5294 3.3902
4.0133 0.0000 98.8603 0.0000 284.9234 0.5294 3.3509
4.0305 0.0000 98.8007 0.0000 286.8697 0.5303 3.5739
3.9516 0.0000 98.7340 0.0000 287.6314 0.5331 4.3886
3.7335 0.0000 98.7484 0.0000 284.5058 0.5373 4.0176
3.5439 0.0001 98.8041 20.9289 273.0110 0.5407 3.0933
