-1.2409 0.0018 102.7323 140.0304 262.8151 0.5236 4.2072
0.6397 0.0001 102.7499 298.6301 245.5637 0.5367 4.2645
3.0787 0.0000 102.7134 450.8905 237.7926 0.5215 4.3735
4.8041 0.0000 102.6138 562.3527 233.1760 0.4942 3.8066
5.8491 0.0000 102.4946 594.2668 229.6743 0.4886 3.1582
6.5771 0.0000 102.3861 542.4886 229.9024 0.4904 2.7780
7.0211 0.0000 102.3035 424.3347 231.4874 0.4910 2.6569
7.1311 0.0000 102.2611 259.0804 233.2052 0.4916 2.7625
6.8291 0.0000 102.2520 80.9723 234.2760 0.4991 3.2075
6.3137 0.0000 102.2558 0.3930 234.4388 0.5058 4.1285
5.7588 0.0000 102.2582 0.0000 234.5039 0.5111 4.9823
5.1593 0.0000 102.2370 0.0000 234.4554 0.5199 5.5983
4.5234 0.0000 102.2245 0.0000 234.2164 0.5313 5.6788
3.9173 0.0000 102.2425 0.0000 233.9024 0.5418 5.3221
3.3740 0.0000 102.2462 0.0000 233.5734 0.5497 5.2713
2.8291 0.0000 102.2145 0.0000 233.2764 0.5546 5.3624
2.3290 0.0000 102.1898 0.0000 236.6907 0.5575 5.0563
1.9366 0.0000 102.1867 0.0000 245.2770 0.5602 4.5062
1.6201 0.0000 102.1708 0.0000 252.6296 0.5622 4.3005
1.3337 0.0000 102.1313 0.0000 258.4127 0.5638 4.5191
1.0780 0.0000 102.1010 0.0000 261.5572 0.5666 5.0151
0.9457 0.0000 102.0718 0.0000 266.0940 0.5715 5.4656
0.8868 0.0001 102.0366 0.0000 269.6256 0.5771 5.8535
0.8763 0.0004 101.9943 29.8309 267.2857 0.5831 5.8767
