-0.7821 0.0009 102.6158 132.1751 265.2765 0.5336 4.6309
0.9405 0.0000 102.6336 307.0077 240.4382 0.5411 4.6056
3.2102 0.0000 102.5983 468.9874 233.8833 0.5202 4.6256
5.0243 0.0000 102.4982 577.0342 230.5217 0.4916 4.1789
6.0599 0.0000 102.3798 602.0607 229.0671 0.4891 3.5975
6.7761 0.0000 102.2701 547.3965 230.7512 0.4922 3.2714
7.1853 0.0000 102.1916 428.4924 232.9686 0.4951 3.2137
7.2588 0.0000 102.1488 263.7332 234.8806 0.4967 3.3061
6.9062 0.0000 102.1393 85.0732 236.1743 0.5055 3.7402
6.3268 0.0000 102.1398 0.6293 236.4347 0.5117 4.6377
5.7506 0.0000 102.1412 0.0000 236.4807 0.5137 5.3464
5.1735 0.0000 102.1231 0.0000 236.3401 0.5197 5.6563
4.6054 0.0000 102.1181 0.0000 235.9718 0.5299 5.3918
4.0736 0.0000 102.1333 0.0000 235.5059 0.5407 4.9485
3.5676 0.0000 102.1270 0.0000 235.2740 0.5495 4.9151
3.0504 0.0000 102.0982 0.0000 236.1365 0.5561 4.8198
2.5982 0.0000 102.0763 0.0000 244.4080 0.5605 4.3538
2.2691 0.0000 102.0649 0.0000 251.9135 0.5638 3.8497
1.9781 0.0000 102.0460 0.0000 259.4280 0.5661 3.8109
1.6672 0.0000 102.0072 0.0000 262.7441 0.5675 4.1379
1.3869 0.0000 101.9751 0.0000 265.4259 0.5685 4.6728
1.2732 0.0000 101.9487 0.0000 270.2186 0.5699 5.0203
1.3094 0.0000 101.9083 0.0000 270.1333 0.5724 5.3922
1.4370 0.0000 101.8762 30.9252 264.2429 0.5755 5.2243
