-1.3124 0.0037 101.8697 170.8477 252.7156 0.5197 3.1868
0.5691 0.0002 101.8763 323.3959 246.6070 0.5360 3.4268
3.4212 0.0000 101.8335 487.3829 233.6125 0.5155 3.8271
5.3370 0.0000 101.7302 585.5991 232.1474 0.4862 3.3716
6.4117 0.0000 101.6072 602.0366 232.9085 0.4874 2.7477
7.1340 0.0000 101.5076 553.2614 231.6084 0.4937 2.4110
7.5531 0.0000 101.4352 431.9196 233.4359 0.4985 2.3769
7.5752 0.0000 101.3945 263.8191 234.5928 0.5037 2.5860
7.1396 0.0000 101.3863 81.7536 234.8044 0.5142 3.2413
6.4230 0.0000 101.4028 0.2788 234.2636 0.5219 4.3031
5.7259 0.0000 101.4069 0.0000 233.9674 0.5275 4.9343
5.0567 0.0000 101.3803 0.0000 233.8931 0.5344 5.3357
4.3806 0.0000 101.3671 0.0000 233.6862 0.5407 5.3229
3.8004 0.0000 101.3787 0.0000 233.4100 0.5449 4.8869
3.3905 0.0000 101.3879 0.0000 233.4119 0.5473 4.5563
3.0239 0.0000 101.3601 0.0000 233.8611 0.5477 4.4347
2.6916 0.0000 101.3315 0.0000 235.2291 0.5479 4.3865
2.4053 0.0000 101.3111 0.0000 241.3228 0.5491 4.0598
2.1236 0.0000 101.2908 0.0000 247.7788 0.5509 3.3611
1.8300 0.0000 101.2639 0.0000 258.3810 0.5531 2.9275
1.5643 0.0000 101.2528 0.0000 260.8212 0.5558 3.1142
1.4415 0.0004 101.2354 0.0000 264.1190 0.5597 3.8207
1.4623 0.0012 101.2094 0.0000 265.7137 0.5651 4.6370
1.5437 0.0005 101.1598 44.5015 248.7813 0.5699 5.3780
