-1.4113 0.0071 101.5970 166.9066 263.8226 0.5191 2.1912
0.3826 0.0005 101.6039 339.2020 251.2912 0.5408 2.5553
3.1360 0.0000 101.5628 494.6170 234.1136 0.5328 3.1217
5.1104 0.0000 101.4542 581.7140 235.3886 0.5007 2.7377
6.1884 0.0000 101.3356 596.4785 235.3415 0.5014 2.1987
6.9273 0.0000 101.2370 549.5200 232.5059 0.5074 1.8552
7.3556 0.0000 101.1660 426.7352 234.3485 0.5121 1.7902
7.3903 0.0000 101.1266 257.1789 235.3636 0.5165 1.9549
6.9917 0.0000 101.1198 76.0463 235.3155 0.5234 2.6250
6.2259 0.0000 101.1365 0.1069 234.1684 0.5287 3.7714
5.3423 0.0000 101.1470 0.0000 232.6943 0.5309 4.4398
4.4803 0.0000 101.1293 0.0000 231.4155 0.5321 4.7917
3.7742 0.0000 101.1108 0.0000 230.4878 0.5327 4.8194
3.2622 0.0000 101.1135 0.0000 230.1328 0.5342 4.4085
2.8919 0.0000 101.1273 0.0000 230.3715 0.5374 3.8858
2.5176 0.0000 101.1029 0.0000 230.7638 0.5408 3.5150
2.1172 0.0000 101.0806 0.0000 230.7933 0.5448 3.3465
1.7346 0.0000 101.0550 0.0000 232.1146 0.5510 3.2265
1.3378 0.0000 101.0243 0.0000 235.0839 0.5591 2.7497
0.9410 0.0001 101.0007 0.0000 244.8766 0.5679 2.3055
0.5819 0.0005 100.9997 0.0000 260.6615 0.5758 2.3749
0.3256 0.0032 100.9972 0.0000 267.5894 0.5818 2.8515
0.0799 0.0084 100.9770 0.0015 271.8825 0.5848 3.5186
-0.0547 0.0040 100.9345 42.6672 266.5985 0.5866 4.2010
