0.7808 0.0003 101.1077 159.8475 248.3806 0.5824 6.2054
2.5946 0.0000 101.1425 347.4629 234.2674 0.5817 5.9636
4.7759 0.0000 101.1231 495.4902 234.1838 0.5726 5.3684
6.7829 0.0000 101.0479 580.9290 238.6022 0.5397 4.3034
8.1899 0.0000 100.9295 599.1658 242.8912 0.5177 3.7831
9.0905 0.0000 100.8080 551.4796 245.7821 0.5153 3.5886
9.6219 0.0000 100.7226 434.4243 248.1169 0.5198 3.5064
9.7851 0.0000 100.6680 278.8615 249.1547 0.5260 3.5506
9.4632 0.0000 100.6509 105.0534 249.7343 0.5376 3.6609
8.6490 0.0000 100.6615 3.7442 249.9554 0.5500 4.0563
7.6424 0.0000 100.7082 0.0000 250.0286 0.5593 4.3341
6.6765 0.0000 100.7313 0.0000 253.6419 0.5681 4.4358
5.8689 0.0000 100.7495 0.0000 265.9514 0.5760 4.3066
5.2529 0.0000 100.7658 0.0000 271.3973 0.5824 4.0482
4.7664 0.0000 100.7528 0.0000 274.1157 0.5853 4.1559
4.3930 0.0000 100.7189 0.0000 277.4959 0.5841 4.4031
4.1703 0.0000 100.6951 0.0000 280.5239 0.5802 4.4051
4.0912 0.0000 100.6650 0.0000 283.9274 0.5753 4.3395
4.1131 0.0000 100.6215 0.0000 286.5678 0.5718 4.2840
4.1470 0.0000 100.5709 0.0000 288.1247 0.5706 4.1997
4.1449 0.0000 100.5083 0.0000 288.6197 0.5706 4.5472
4.0571 0.0000 100.4442 0.0000 283.9853 0.5742 5.0980
3.8584 0.0000 100.4753 0.0000 268.9387 0.5822 4.1248
3.6441 0.0000 100.5233 25.0369 266.2920 0.5887 3.2187
