1.0276 0.0054 103.0818 175.3479 261.1289 0.5837 4.0319
2.7606 0.0015 103.0988 341.8332 248.4503 0.5857 3.7972
4.0808 0.0011 103.0589 504.0200 232.0216 0.5794 3.3863
4.8675 0.0008 102.9606 565.1966 236.2694 0.5743 2.9326
5.4131 0.0007 102.8510 568.9833 235.7349 0.5737 2.5400
5.7939 0.0004 102.7639 499.6023 237.7569 0.5727 2.2206
5.9340 0.0003 102.7010 373.2626 239.8760 0.5728 2.0159
5.8299 0.0003 102.6691 211.7417 239.7606 0.5724 1.9566
5.4497 0.0003 102.6680 48.7937 240.6843 0.5751 2.3167
4.8739 0.0004 102.6884 0.0000 244.8790 0.5814 3.0962
4.2537 0.0004 102.7136 0.0000 246.9352 0.5877 3.5809
3.6567 0.0002 102.7105 0.0000 244.9668 0.5914 4.0032
3.1239 0.0000 102.6887 0.0000 237.6107 0.5921 4.5039
2.6897 0.0000 102.6685 0.0000 228.7295 0.5899 4.9307
2.4289 0.0000 102.6635 0.0000 227.3113 0.5875 4.8799
2.2521 0.0000 102.6640 0.0000 226.5276 0.5842 4.3264
2.0968 0.0000 102.6509 0.0000 225.7403 0.5802 3.9312
1.9893 0.0000 102.6170 0.0000 225.2345 0.5767 4.0612
1.8975 0.0000 102.5730 0.0000 225.0778 0.5752 4.1203
1.7800 0.0000 102.5450 0.0000 225.6936 0.5755 3.7001
1.6409 0.0000 102.5395 0.0000 227.8425 0.5750 3.5737
1.6594 0.0000 102.5340 0.0000 234.7030 0.5750 3.5394
1.8173 0.0000 102.5183 0.0304 239.9915 0.5765 3.4084
2.0367 0.0000 102.4867 53.8070 241.7143 0.5802 3.4734
