-2.0256 0.0001 102.5978 137.0707 247.4366 0.4872 4.4123
-0.2270 0.0000 102.6208 298.4581 232.9506 0.5041 4.0516
2.5055 0.0000 102.5986 454.0222 227.5395 0.4923 4.0266
4.4483 0.0000 102.5032 554.7165 226.4942 0.4660 3.5734
5.3757 0.0000 102.3768 580.2673 224.8928 0.4594 2.9316
6.0215 0.0000 102.2677 525.7167 227.0074 0.4581 2.5447
6.4394 0.0000 102.1816 409.3612 229.5328 0.4576 2.3928
6.5152 0.0000 102.1392 248.7493 231.5572 0.4590 2.4799
6.2499 0.0000 102.1249 77.7956 232.5091 0.4641 2.9034
5.7626 0.0000 102.1254 0.4570 232.4610 0.4688 3.7764
5.1489 0.0000 102.1278 0.0000 232.1588 0.4723 4.6943
4.4511 0.0000 102.1124 0.0000 231.7628 0.4776 5.3496
3.7722 0.0000 102.1049 0.0000 231.1864 0.4845 5.4589
3.1826 0.0000 102.1268 0.0000 230.8001 0.4924 5.2364
2.6702 0.0000 102.1190 0.0000 230.5823 0.5010 5.4195
2.1430 0.0000 102.0883 0.0000 230.8909 0.5099 5.5322
1.6430 0.0000 102.0793 0.0000 237.2151 0.5183 5.0717
1.2462 0.0000 102.0802 0.0000 245.6004 0.5252 4.8368
0.9411 0.0000 102.0622 0.0000 251.5639 0.5304 4.9134
0.7102 0.0000 102.0071 0.0000 256.5036 0.5349 5.2680
0.5351 0.0000 101.9543 0.0000 256.3851 0.5404 5.7013
0.4509 0.0000 101.9129 0.0000 261.7690 0.5488 5.9274
0.4009 0.0000 101.8714 0.0000 267.5648 0.5589 6.0634
0.3143 0.0002 101.8512 21.8989 270.8206 0.5700 5.7347
