-0.8489 0.0016 102.1508 113.9139 268.5595 0.5322 3.9648
0.6813 0.0000 102.1734 299.1010 235.8917 0.5338 4.0237
2.8002 0.0000 102.1452 466.8669 227.9698 0.5185 4.2664
4.6330 0.0000 102.0498 561.8970 229.5433 0.4966 4.1478
5.6686 0.0000 101.9272 587.0859 229.4294 0.4917 3.6547
6.4395 0.0000 101.8104 534.2690 232.9224 0.4890 3.3697
6.8494 0.0000 101.7249 418.4708 236.3757 0.4901 3.3200
6.9067 0.0000 101.6832 259.3946 238.6494 0.4913 3.3807
6.5668 0.0000 101.6708 87.7836 239.3448 0.4976 3.7118
6.0079 0.0000 101.6733 1.3050 238.4109 0.5032 4.4296
5.4712 0.0000 101.6770 0.0000 236.8729 0.5023 4.7645
4.9658 0.0000 101.6752 0.0000 235.2503 0.5022 4.4752
4.4988 0.0000 101.6849 0.0000 234.0657 0.5039 3.8504
4.0577 0.0000 101.6843 0.0000 233.6911 0.5066 3.5828
3.5885 0.0000 101.6695 0.0000 235.6972 0.5114 3.5014
3.1117 0.0000 101.6465 0.0000 244.8012 0.5181 3.1472
2.6920 0.0000 101.6254 0.0000 254.3156 0.5251 2.8091
2.3262 0.0000 101.6124 0.0000 260.4434 0.5322 2.7407
1.9602 0.0000 101.5848 0.0000 263.7144 0.5398 2.9848
1.5806 0.0000 101.5367 0.0000 269.0823 0.5484 3.4777
1.2293 0.0000 101.4939 0.0000 274.4304 0.5573 3.7846
0.9943 0.0000 101.4537 0.0000 276.7825 0.5650 4.0383
0.8408 0.0000 101.4134 0.0000 277.5459 0.5715 4.3224
0.8080 0.0000 101.4293 20.9154 274.2396 0.5770 3.6125
