-2.2410 0.0003 102.8241 171.4875 239.1471 0.4862 3.8512
-0.0200 0.0000 102.8390 344.0062 218.5518 0.5001 3.4487
2.8269 0.0000 102.8048 478.2804 221.9363 0.4593 3.0512
4.1587 0.0000 102.7095 553.1214 225.7409 0.4400 2.4291
4.9140 0.0000 102.5913 568.6274 224.9897 0.4418 1.9710
5.4313 0.0000 102.4900 512.7075 225.6052 0.4482 1.7353
5.7338 0.0000 102.4163 396.6384 226.1866 0.4523 1.7305
5.7028 0.0000 102.3745 236.3123 226.4014 0.4564 1.8799
5.3293 0.0000 102.3653 65.6738 227.4578 0.4612 2.3867
4.7587 0.0000 102.3728 0.0340 227.4292 0.4637 3.1907
4.1458 0.0000 102.3828 0.0000 226.7541 0.4653 3.8077
3.5468 0.0000 102.3628 0.0000 225.9352 0.4672 4.3652
2.9933 0.0000 102.3417 0.0000 225.3289 0.4703 4.6993
2.5486 0.0000 102.3407 0.0000 225.4343 0.4761 4.5965
2.2045 0.0000 102.3649 0.0000 226.1233 0.4861 4.2795
1.8517 0.0000 102.3449 0.0000 226.9880 0.4987 4.3899
1.4294 0.0000 102.3160 0.0000 227.4641 0.5137 4.5251
0.9918 0.0000 102.3146 0.0000 231.3317 0.5312 4.0004
0.6101 0.0000 102.3102 0.0000 239.0401 0.5489 3.7058
0.2769 0.0000 102.2577 0.0000 243.5529 0.5669 3.7677
-0.0623 0.0000 102.2121 0.0000 252.3044 0.5767 4.1046
-0.4329 0.0010 102.1682 0.0000 253.1291 0.5769 4.5873
-0.9515 0.0065 102.1423 0.0000 263.8419 0.5678 4.7981
-1.3236 0.0084 102.1076 26.2754 277.2333 0.5539 4.5977
