2.7132 0.0045 103.0759 188.6935 258.7023 0.6010 4.6078
3.5546 0.0014 103.0968 351.9100 246.5161 0.5940 4.2389
4.1693 0.0029 103.0638 486.8644 240.2836 0.5885 3.8335
4.5429 0.0024 102.9702 523.1368 250.9683 0.5806 3.4114
4.7682 0.0021 102.8699 536.9293 245.7452 0.5763 3.0195
4.8938 0.0014 102.7936 471.6337 246.6259 0.5733 2.7057
4.8809 0.0009 102.7346 355.3073 246.4431 0.5705 2.4792
4.7325 0.0007 102.7065 198.4321 246.1111 0.5672 2.3698
4.3858 0.0007 102.7054 43.5804 247.8719 0.5672 2.5824
3.9354 0.0004 102.7250 0.0000 243.8717 0.5690 3.0747
3.5607 0.0004 102.7471 0.0000 238.7264 0.5695 3.2181
3.2726 0.0002 102.7446 0.0000 237.0818 0.5683 3.3346
3.0882 0.0000 102.7222 0.0000 232.4542 0.5668 3.6170
2.9955 0.0000 102.6981 0.0000 228.0002 0.5663 3.9337
2.9972 0.0000 102.6823 0.0000 227.8174 0.5683 3.9109
2.9732 0.0000 102.6758 0.0000 227.8024 0.5703 3.4588
2.8838 0.0000 102.6658 0.0000 227.2136 0.5704 3.1500
2.7885 0.0000 102.6320 0.0000 226.7194 0.5700 3.3806
2.6956 0.0000 102.5841 0.0000 226.3966 0.5716 3.7288
2.6014 0.0000 102.5446 0.0000 226.5843 0.5748 3.6497
2.5048 0.0000 102.5414 0.0000 228.7097 0.5769 3.5964
2.5468 0.0000 102.5434 0.0000 232.1796 0.5791 3.5494
2.7098 0.0000 102.5292 0.0536 241.9438 0.5820 3.2866
2.9205 0.0000 102.5046 62.1561 237.1305 0.5863 3.2071
