-0.7416 0.0004 99.3008 172.5645 255.5971 0.5448 4.6864
1.4342 0.0000 99.3208 401.2371 215.4231 0.5650 4.2416
4.3331 0.0000 99.2929 540.8516 220.3219 0.5491 4.0912
6.5291 0.0000 99.2091 619.4456 227.3553 0.5097 3.5189
7.7230 0.0000 99.1044 628.5517 232.4200 0.5027 3.0921
8.4684 0.0000 99.0055 570.0413 237.0597 0.5041 3.2098
8.7566 0.0000 98.9377 444.4258 241.0860 0.5099 3.5221
8.6342 0.0000 98.9036 279.1054 243.2784 0.5142 3.8272
7.9841 0.0000 98.8946 98.1677 243.6967 0.5266 4.3130
6.9190 0.0000 98.9032 1.6790 241.9051 0.5355 5.0315
5.7843 0.0000 98.9189 0.0000 239.2410 0.5376 5.2407
4.8277 0.0000 98.9200 0.0000 236.7414 0.5395 4.7555
4.1426 0.0000 98.9235 0.0000 234.9726 0.5395 4.3074
3.6618 0.0000 98.9294 0.0000 243.1614 0.5391 3.9964
3.3267 0.0000 98.9229 0.0000 247.5745 0.5391 3.5686
3.1035 0.0000 98.9009 0.0000 257.8211 0.5391 3.3357
2.9866 0.0000 98.8706 0.0000 264.8775 0.5405 3.1609
2.9251 0.0000 98.8412 0.0000 270.5146 0.5432 3.0495
2.8436 0.0000 98.8156 0.0000 273.9101 0.5464 2.9269
2.7447 0.0000 98.7761 0.0000 276.0447 0.5492 3.2048
2.5866 0.0000 98.7460 0.0000 278.3344 0.5518 3.4957
2.5498 0.0000 98.7241 0.0000 276.6025 0.5550 3.8666
2.6462 0.0000 98.6854 0.0000 276.9273 0.5584 4.3254
2.7869 0.0000 98.6903 33.2389 268.7403 0.5616 3.7011
