1.4081 0.0066 103.0685 177.3589 260.7713 0.5899 4.2723
2.8352 0.0022 103.0868 322.6422 258.7310 0.5890 4.0348
4.1854 0.0009 103.0473 505.1366 232.1764 0.5850 3.6322
5.0282 0.0006 102.9449 576.9119 233.2394 0.5810 3.1512
5.6244 0.0005 102.8347 580.8102 232.6746 0.5804 2.7244
6.0226 0.0002 102.7492 507.7990 235.5324 0.5802 2.3920
6.1816 0.0001 102.6876 380.3868 236.9894 0.5800 2.1942
6.0873 0.0001 102.6570 216.6839 237.1779 0.5791 2.1385
5.7039 0.0002 102.6559 50.2688 236.9196 0.5814 2.4543
5.1259 0.0002 102.6762 0.0000 242.2054 0.5883 3.2153
4.5121 0.0003 102.7022 0.0000 243.7611 0.5953 3.7175
3.9206 0.0002 102.7013 0.0000 241.7766 0.5996 4.1578
3.4002 0.0001 102.6774 0.0000 234.9666 0.6006 4.6744
2.9749 0.0000 102.6558 0.0000 228.1631 0.5984 5.1061
2.7154 0.0000 102.6492 0.0000 226.9469 0.5957 5.0424
2.5282 0.0000 102.6492 0.0000 226.3620 0.5923 4.5246
2.3377 0.0000 102.6353 0.0000 225.5563 0.5880 4.2256
2.1864 0.0000 102.6014 0.0000 225.0139 0.5846 4.3912
2.0628 0.0000 102.5561 0.0000 224.7134 0.5834 4.4889
1.9233 0.0000 102.5243 0.0000 224.8150 0.5845 4.1500
1.7620 0.0000 102.5233 0.0000 225.8072 0.5850 4.0826
1.7598 0.0000 102.5258 0.0000 231.8582 0.5856 4.0541
1.9109 0.0000 102.5145 0.0551 238.7224 0.5877 3.8262
2.1490 0.0000 102.4833 49.9425 247.8543 0.5926 3.7512
