-0.3025 0.0040 103.0570 176.1156 261.6957 0.5645 3.7283
2.0651 0.0009 103.0717 358.7513 244.8279 0.5882 3.8600
4.1243 0.0001 103.0230 531.9495 225.5341 0.5781 3.4178
5.2775 0.0001 102.9207 597.3334 228.9074 0.5666 2.8453
6.0997 0.0001 102.8036 574.0557 237.3217 0.5608 2.3424
6.6972 0.0000 102.7116 513.5534 236.8481 0.5585 2.0037
7.0045 0.0000 102.6412 392.8827 236.7582 0.5606 1.8554
6.9873 0.0000 102.6069 226.4322 236.7690 0.5648 1.8015
6.7025 0.0000 102.6058 55.0880 237.4225 0.5703 1.9787
6.3110 0.0001 102.6297 0.0000 239.6600 0.5791 2.5509
5.8691 0.0001 102.6499 0.0000 241.0637 0.5923 3.1768
5.3427 0.0000 102.6405 0.0000 237.7341 0.6085 3.9199
4.7194 0.0000 102.6188 0.0000 233.1159 0.6253 4.7567
4.0652 0.0000 102.6009 0.0000 231.2011 0.6372 5.4370
3.5113 0.0000 102.5998 0.0000 230.1210 0.6417 5.4819
3.0411 0.0000 102.6016 0.0000 229.3824 0.6383 5.0801
2.6549 0.0000 102.5811 0.0000 228.4544 0.6307 4.8852
2.3762 0.0000 102.5545 0.0000 227.7344 0.6218 4.9798
2.1634 0.0000 102.5117 0.0000 227.2695 0.6156 4.8785
1.9801 0.0000 102.4814 0.0000 227.0281 0.6134 4.4717
1.7730 0.0000 102.4836 0.0000 227.6617 0.6125 4.4769
1.7318 0.0000 102.4967 0.0000 233.1236 0.6117 4.4935
1.8657 0.0000 102.4883 0.0596 248.7945 0.6113 4.2964
2.1059 0.0000 102.4542 44.2041 256.5949 0.6121 4.2294
