-1.9513 0.0036 103.1029 167.7950 258.5324 0.5150 3.0519
0.6902 0.0004 103.1110 356.4476 235.8553 0.5547 3.1945
3.4070 0.0001 103.0738 518.6931 222.4737 0.5516 3.0420
4.5934 0.0000 102.9706 584.9661 226.6176 0.5393 2.3625
5.3662 0.0000 102.8523 576.5967 231.1520 0.5371 1.8076
5.9337 0.0000 102.7590 507.6143 234.1200 0.5380 1.4119
6.2797 0.0000 102.6872 391.9343 233.0895 0.5383 1.2102
6.2816 0.0000 102.6468 226.8684 233.8294 0.5416 1.1904
5.9972 0.0000 102.6392 57.2886 233.4034 0.5465 1.3755
5.6087 0.0001 102.6623 0.0000 234.5618 0.5530 1.9093
5.1723 0.0001 102.6758 0.0000 235.8949 0.5618 2.5665
4.6692 0.0001 102.6649 0.0000 235.0771 0.5733 3.4090
4.1123 0.0000 102.6385 0.0000 232.6754 0.5881 4.3507
3.4981 0.0000 102.6207 0.0000 230.2375 0.6053 5.0523
2.8501 0.0000 102.6343 0.0000 229.2297 0.6214 5.2424
2.2024 0.0000 102.6390 0.0000 228.4366 0.6304 5.0534
1.5990 0.0000 102.6123 0.0000 227.6505 0.6310 5.0997
1.0696 0.0000 102.5844 0.0000 228.3888 0.6237 5.2281
0.5280 0.0002 102.5628 0.0000 239.3230 0.6099 4.6164
0.0117 0.0034 102.5541 0.0000 255.6350 0.5941 3.8175
-0.3425 0.0050 102.5364 0.0000 263.9718 0.5802 3.6655
-0.4213 0.0031 102.5187 0.0000 269.0033 0.5739 3.5943
-0.3299 0.0019 102.4940 0.0025 267.8818 0.5728 3.7816
-0.0818 0.0010 102.4587 36.3639 267.5786 0.5759 4.0472
