2.1038 0.0052 103.0740 183.2582 259.9167 0.5960 4.4512
3.2794 0.0017 103.0936 342.3688 249.9441 0.5910 4.1291
4.1890 0.0020 103.0575 494.8650 236.5607 0.5861 3.7173
4.7629 0.0015 102.9604 548.0617 242.5596 0.5802 3.2774
5.1495 0.0013 102.8560 556.6835 239.6938 0.5777 2.8796
5.3955 0.0008 102.7752 488.7187 241.1905 0.5760 2.5633
5.4548 0.0006 102.7149 366.3636 242.0999 0.5743 2.3517
5.3257 0.0005 102.6855 206.4671 241.8629 0.5720 2.2713
4.9495 0.0004 102.6844 46.4504 242.9845 0.5732 2.5555
4.4149 0.0004 102.7049 0.0000 243.2378 0.5774 3.1895
3.9051 0.0003 102.7289 0.0000 241.1958 0.5804 3.4839
3.4670 0.0002 102.7271 0.0000 239.4422 0.5810 3.7239
3.1374 0.0000 102.7040 0.0000 233.7373 0.5798 4.0879
2.9113 0.0000 102.6812 0.0000 227.9292 0.5780 4.4384
2.8112 0.0000 102.6699 0.0000 227.2473 0.5778 4.3909
2.7242 0.0000 102.6665 0.0000 226.9642 0.5776 3.9005
2.5978 0.0000 102.6547 0.0000 226.2988 0.5762 3.5788
2.4825 0.0000 102.6208 0.0000 225.8051 0.5747 3.7721
2.3767 0.0000 102.5742 0.0000 225.5079 0.5751 4.0026
2.2631 0.0000 102.5386 0.0000 225.7687 0.5773 3.7945
2.1404 0.0000 102.5356 0.0000 227.5897 0.5787 3.7248
2.1650 0.0000 102.5365 0.0000 232.2106 0.5803 3.6910
2.3227 0.0000 102.5235 0.0526 240.1388 0.5829 3.4611
2.5431 0.0000 102.4956 57.5383 240.4150 0.5874 3.4048
