-1.0733 0.0067 102.5212 164.3619 266.0769 0.5340 2.4160
0.5877 0.0007 102.5309 333.5820 255.0817 0.5552 2.5668
3.2153 0.0000 102.4903 490.3684 236.7172 0.5493 3.0172
4.9246 0.0000 102.3829 554.4968 242.9011 0.5211 2.6367
5.8658 0.0000 102.2648 580.9118 238.7171 0.5159 2.1691
6.5394 0.0000 102.1666 536.2794 234.7263 0.5157 1.9186
6.9166 0.0000 102.0928 419.1700 234.2341 0.5165 1.8890
6.9370 0.0000 102.0537 250.5368 234.8551 0.5183 2.0186
6.5698 0.0000 102.0446 71.6812 234.5899 0.5233 2.5967
5.9093 0.0000 102.0611 0.0530 233.3974 0.5277 3.6196
5.2172 0.0000 102.0715 0.0000 232.1905 0.5297 4.2728
4.6079 0.0000 102.0510 0.0000 231.2539 0.5316 4.6895
4.1383 0.0000 102.0270 0.0000 230.7506 0.5348 4.8421
3.7676 0.0000 102.0267 0.0000 230.7835 0.5417 4.5522
3.4346 0.0000 102.0383 0.0000 231.3229 0.5526 4.0642
3.0334 0.0000 102.0170 0.0000 231.8639 0.5647 3.7797
2.5702 0.0000 101.9943 0.0000 231.8779 0.5773 3.7240
2.1095 0.0000 101.9689 0.0000 232.3951 0.5904 3.6440
1.6440 0.0000 101.9444 0.0000 234.9038 0.6030 3.1713
1.1738 0.0004 101.9211 0.0000 245.5558 0.6106 2.7464
0.7048 0.0023 101.9190 0.0000 267.8693 0.6116 2.8243
0.3872 0.0047 101.9202 0.0000 280.4550 0.6108 3.1771
0.1802 0.0089 101.9001 0.0022 282.9890 0.6102 3.6984
0.1615 0.0036 101.8599 37.1842 278.3739 0.6114 4.1903
