-1.9305 0.0019 102.8529 164.9915 251.9414 0.5044 3.4876
0.2838 0.0001 102.8682 348.7836 229.6112 0.5276 3.6169
3.1873 0.0000 102.8314 464.2324 233.7721 0.5112 3.7169
4.6093 0.0000 102.7320 545.7685 235.8325 0.4930 3.0177
5.5067 0.0000 102.6146 583.6589 229.1815 0.4909 2.3759
6.1659 0.0000 102.5074 532.1465 228.5206 0.4939 2.0280
6.6005 0.0000 102.4272 412.8882 229.9091 0.4950 1.9019
6.6576 0.0000 102.3859 246.6036 231.2459 0.4984 1.9914
6.3640 0.0000 102.3767 71.3304 231.9249 0.5052 2.4382
5.8844 0.0000 102.3902 0.0970 231.8801 0.5124 3.3662
5.3196 0.0000 102.3948 0.0000 231.7373 0.5186 4.3156
4.6839 0.0000 102.3744 0.0000 231.1899 0.5241 5.1665
4.0406 0.0000 102.3517 0.0000 230.5372 0.5293 5.6049
3.4848 0.0000 102.3599 0.0000 230.1436 0.5354 5.4039
3.0475 0.0000 102.3800 0.0000 230.1664 0.5423 5.0057
2.6170 0.0000 102.3525 0.0000 230.3905 0.5489 5.0274
2.1422 0.0000 102.3183 0.0000 230.1614 0.5567 5.0515
1.6380 0.0000 102.3160 0.0000 232.7092 0.5676 4.5150
1.1626 0.0000 102.3103 0.0000 241.3327 0.5785 3.9942
0.7292 0.0009 102.2782 0.0000 253.6635 0.5868 4.0571
0.3034 0.0036 102.2455 0.0000 263.9053 0.5917 4.4095
-0.0342 0.0033 102.2159 0.0000 273.5024 0.5923 4.8856
-0.3327 0.0045 102.1849 0.0000 281.1801 0.5895 5.2452
-0.4069 0.0039 102.1416 25.4332 286.0562 0.5877 5.2849
