-2.0396 0.0010 102.8740 168.7988 247.7597 0.4998 3.6920
0.2191 0.0000 102.8915 364.0052 220.7898 0.5240 3.6972
3.1698 0.0000 102.8556 474.5507 229.6329 0.5041 3.6278
4.5241 0.0000 102.7577 544.3533 234.6155 0.4866 2.9032
5.3524 0.0000 102.6412 580.2248 228.1362 0.4860 2.2723
5.9709 0.0000 102.5340 528.1630 227.5727 0.4901 1.9390
6.3770 0.0000 102.4546 408.4788 229.1241 0.4919 1.8284
6.4134 0.0000 102.4125 242.5159 230.5271 0.4956 1.9113
6.1081 0.0000 102.4033 68.9093 231.2676 0.5024 2.3418
5.6228 0.0000 102.4192 0.0678 231.2748 0.5093 3.2244
5.0554 0.0000 102.4237 0.0000 231.0997 0.5151 4.1336
4.4357 0.0000 102.4033 0.0000 230.5267 0.5204 4.9633
3.8367 0.0000 102.3807 0.0000 229.8328 0.5256 5.4303
3.3277 0.0000 102.3856 0.0000 229.4642 0.5322 5.2832
2.9263 0.0000 102.4080 0.0000 229.5943 0.5407 4.8902
2.5222 0.0000 102.3791 0.0000 229.9690 0.5493 4.9543
2.0493 0.0000 102.3417 0.0000 229.8722 0.5594 5.0407
1.5090 0.0000 102.3426 0.0000 231.9392 0.5725 4.5031
0.9880 0.0001 102.3401 0.0000 240.8898 0.5847 4.0150
0.5160 0.0014 102.3079 0.0000 254.4703 0.5928 4.0830
0.0646 0.0051 102.2698 0.0000 265.2307 0.5946 4.3871
-0.3150 0.0040 102.2369 0.0000 276.1747 0.5902 4.7981
-0.6575 0.0056 102.2051 0.0000 282.7370 0.5828 5.0898
-0.7493 0.0053 102.1618 24.1947 288.3337 0.5771 5.0038
