-1.6739 0.0008 102.7849 142.9908 256.1925 0.5081 4.3411
0.2686 0.0000 102.8068 298.9680 239.7720 0.5250 4.1902
2.8457 0.0000 102.7745 443.2607 235.6910 0.5090 4.2374
4.4832 0.0000 102.6785 553.4012 231.1262 0.4822 3.6210
5.4484 0.0000 102.5568 586.7116 226.9880 0.4748 2.9586
6.1344 0.0000 102.4475 533.7779 227.5369 0.4755 2.5662
6.5705 0.0000 102.3626 415.9953 229.2358 0.4749 2.4150
6.6772 0.0000 102.3202 251.9989 231.1922 0.4755 2.5008
6.4080 0.0000 102.3111 77.2626 232.3504 0.4818 2.9031
5.9398 0.0000 102.3134 0.3130 232.4703 0.4881 3.7715
5.3978 0.0000 102.3158 0.0000 232.3698 0.4941 4.6891
4.7852 0.0000 102.2954 0.0000 232.2327 0.5039 5.4344
4.1358 0.0000 102.2817 0.0000 232.0321 0.5158 5.6821
3.5231 0.0000 102.3021 0.0000 231.8427 0.5268 5.4201
2.9761 0.0000 102.3064 0.0000 231.6441 0.5362 5.4546
2.4217 0.0000 102.2711 0.0000 231.3026 0.5429 5.7175
1.8920 0.0000 102.2503 0.0000 233.2389 0.5476 5.3918
1.4661 0.0000 102.2558 0.0000 242.9028 0.5517 4.8509
1.1498 0.0000 102.2400 0.0000 249.2586 0.5548 4.7691
0.9012 0.0000 102.1967 0.0000 255.6855 0.5576 5.0428
0.6916 0.0000 102.1541 0.0000 258.7148 0.5622 5.5083
0.5510 0.0001 102.1188 0.0000 262.9676 0.5699 5.8752
0.4194 0.0004 102.0813 0.0000 268.6709 0.5789 6.1098
0.2630 0.0008 102.0413 24.8846 272.2937 0.5872 5.9667
