-1.1987 0.0030 99.6229 132.1963 260.3364 0.5194 4.6036
0.3901 0.0002 99.6487 338.3492 225.1621 0.5238 4.3980
2.5395 0.0000 99.6234 487.4557 224.5582 0.5165 4.3906
4.3381 0.0000 99.5380 574.0806 228.3144 0.4996 3.9597
5.5901 0.0000 99.4231 596.2528 230.1815 0.4889 3.4053
6.4644 0.0000 99.3121 542.9845 234.6796 0.4884 3.2927
6.9623 0.0000 99.2304 424.8309 238.6404 0.4914 3.3525
7.0015 0.0000 99.1947 267.9472 239.9109 0.4961 3.5128
6.4557 0.0000 99.1775 95.6731 239.1358 0.5074 4.0318
5.4239 0.0000 99.1860 2.0973 236.7123 0.5181 4.9610
4.4545 0.0000 99.2066 0.0000 233.7816 0.5181 4.9896
3.7524 0.0000 99.2228 0.0000 231.7236 0.5157 4.1775
3.2782 0.0000 99.2338 0.0000 231.8767 0.5117 3.4754
2.9404 0.0000 99.2287 0.0000 238.3152 0.5075 3.0666
2.7007 0.0000 99.2144 0.0000 245.8994 0.5047 2.7134
2.5624 0.0000 99.1832 0.0000 256.3841 0.5038 2.4574
2.5131 0.0000 99.1605 0.0000 261.8877 0.5046 2.3621
2.4963 0.0000 99.1347 0.0000 266.4215 0.5067 2.4846
2.4422 0.0000 99.1007 0.0000 270.8633 0.5100 2.8578
2.2909 0.0000 99.0553 0.0000 275.8885 0.5147 3.2222
2.0781 0.0000 99.0155 0.0000 278.4255 0.5207 3.2619
1.8454 0.0000 98.9692 0.0000 280.4813 0.5271 3.5377
1.5634 0.0000 98.9456 0.0000 279.1991 0.5339 3.6044
1.5003 0.0000 98.9822 17.8513 277.8558 0.5393 2.5404
