-1.6982 0.0029 102.8790 157.9057 256.6930 0.5127 3.6361
0.3493 0.0001 102.8946 319.1381 241.7474 0.5310 3.8154
3.1322 0.0000 102.8590 444.2716 239.5296 0.5169 4.0108
4.6680 0.0000 102.7566 550.1811 235.6890 0.4957 3.2904
5.6705 0.0000 102.6382 587.4135 229.9662 0.4910 2.6011
6.3869 0.0000 102.5289 538.0615 228.9201 0.4932 2.2170
6.8648 0.0000 102.4472 418.8889 230.6131 0.4937 2.0672
6.9656 0.0000 102.4048 252.6153 232.0703 0.4969 2.1790
6.7102 0.0000 102.3956 75.5565 232.9309 0.5044 2.6438
6.2715 0.0000 102.4044 0.1734 233.0530 0.5131 3.6403
5.7233 0.0000 102.4068 0.0000 233.1280 0.5211 4.6851
5.0552 0.0000 102.3864 0.0000 232.7163 0.5282 5.6063
4.3166 0.0000 102.3663 0.0000 232.1398 0.5346 6.0125
3.6474 0.0000 102.3803 0.0000 231.7000 0.5400 5.7327
3.1229 0.0000 102.3973 0.0000 231.5018 0.5440 5.3954
2.6443 0.0000 102.3684 0.0000 231.4107 0.5459 5.4503
2.1745 0.0000 102.3379 0.0000 231.0807 0.5473 5.3213
1.7419 0.0000 102.3371 0.0000 235.6528 0.5513 4.6591
1.3625 0.0000 102.3278 0.0000 244.5572 0.5575 4.1648
1.0319 0.0000 102.2909 0.0000 252.7810 0.5660 4.2993
0.7154 0.0000 102.2610 0.0000 257.3325 0.5780 4.7377
0.4803 0.0001 102.2320 0.0000 262.7490 0.5902 5.3288
0.1954 0.0007 102.1978 0.0000 272.2378 0.5956 5.7668
0.0424 0.0020 102.1545 26.8702 279.6242 0.5972 5.8971
