-0.9438 0.0013 101.5475 158.7289 254.5824 0.5265 4.1293
0.9961 0.0000 101.5579 340.7648 233.9525 0.5351 4.1647
3.6070 0.0000 101.5205 500.1890 229.0128 0.5092 4.2641
5.5238 0.0000 101.4214 597.0446 228.6193 0.4806 3.7718
6.5735 0.0000 101.3046 613.7143 229.5289 0.4816 3.1933
7.2589 0.0000 101.2028 557.6768 231.3056 0.4883 2.9424
7.6322 0.0000 101.1303 436.6567 233.5532 0.4946 3.0033
7.6242 0.0000 101.0929 269.2688 235.1318 0.5000 3.1968
7.1379 0.0000 101.0846 86.8467 236.0437 0.5122 3.7726
6.3466 0.0000 101.0935 0.5803 235.9671 0.5208 4.7244
5.5877 0.0000 101.0967 0.0000 235.7997 0.5241 5.2520
4.9217 0.0000 101.0780 0.0000 235.6020 0.5294 5.3771
4.3382 0.0000 101.0711 0.0000 235.3029 0.5363 5.0168
3.8612 0.0000 101.0803 0.0000 235.0835 0.5430 4.4979
3.4852 0.0000 101.0777 0.0000 235.5926 0.5478 4.2758
3.1355 0.0000 101.0498 0.0000 236.9808 0.5507 4.0990
2.8437 0.0000 101.0241 0.0000 244.0535 0.5525 3.8242
2.6310 0.0000 101.0029 0.0000 250.4566 0.5542 3.3747
2.4049 0.0000 100.9820 0.0000 259.1645 0.5556 2.9605
2.1307 0.0000 100.9523 0.0000 263.8564 0.5569 2.8570
1.8834 0.0000 100.9291 0.0000 264.9500 0.5578 3.2217
1.8205 0.0000 100.9117 0.0000 268.6235 0.5591 3.7329
1.9365 0.0000 100.8745 0.0000 264.4134 0.5609 4.3813
2.1519 0.0000 100.8350 38.6265 257.1005 0.5627 4.6929
