2.6419 0.0051 103.0701 187.2134 259.3105 0.6021 4.6609
3.5388 0.0018 103.0910 342.6366 250.6910 0.5937 4.2951
4.2431 0.0025 103.0568 490.2874 238.8302 0.5895 3.8828
4.7106 0.0019 102.9603 539.4942 245.7047 0.5832 3.4498
5.0177 0.0016 102.8585 550.5336 241.6733 0.5798 3.0494
5.1963 0.0010 102.7808 483.2770 242.9073 0.5776 2.7346
5.2152 0.0007 102.7218 362.9141 243.2118 0.5751 2.5196
5.0736 0.0006 102.6938 203.8299 242.9141 0.5718 2.4286
4.6994 0.0005 102.6926 45.2788 244.1345 0.5723 2.6749
4.1855 0.0004 102.7132 0.0000 242.4172 0.5754 3.2362
3.7308 0.0003 102.7365 0.0000 238.3261 0.5767 3.4354
3.3722 0.0002 102.7354 0.0000 236.6798 0.5757 3.5842
3.1442 0.0000 102.7117 0.0000 231.8005 0.5737 3.8799
3.0220 0.0000 102.6875 0.0000 227.5291 0.5721 4.1922
3.0024 0.0000 102.6731 0.0000 227.2153 0.5730 4.1463
2.9603 0.0000 102.6678 0.0000 227.1825 0.5743 3.6876
2.8484 0.0000 102.6566 0.0000 226.5780 0.5742 3.4025
2.7291 0.0000 102.6227 0.0000 226.0905 0.5737 3.6275
2.6163 0.0000 102.5748 0.0000 225.7229 0.5751 3.9437
2.5047 0.0000 102.5353 0.0000 225.8062 0.5782 3.8417
2.3901 0.0000 102.5337 0.0000 227.4633 0.5806 3.8003
2.4178 0.0000 102.5377 0.0000 230.9643 0.5829 3.7668
2.5754 0.0000 102.5260 0.0636 240.2124 0.5862 3.4875
2.7963 0.0000 102.5001 59.4040 239.7654 0.5911 3.3705
