1.0662 0.0000 101.5784 170.7024 251.5314 0.6023 5.8937
3.0499 0.0000 101.6029 354.5187 236.5352 0.6119 5.3969
5.5037 0.0000 101.5766 497.3928 239.5880 0.6068 5.0578
7.6667 0.0000 101.4919 587.0163 244.1539 0.5571 4.6925
8.9675 0.0000 101.3795 598.3568 249.8769 0.5191 4.5273
9.6627 0.0000 101.2723 558.6940 249.5372 0.5068 4.7253
9.9547 0.0000 101.1951 441.6875 250.3163 0.5056 5.0078
9.8825 0.0000 101.1507 282.9325 250.5722 0.5083 5.3760
9.2472 0.0000 101.1376 105.3181 249.6956 0.5286 5.7158
8.1063 0.0000 101.1493 3.0170 247.2350 0.5515 6.4309
7.0394 0.0000 101.1756 0.0000 244.9720 0.5615 6.7873
6.1815 0.0000 101.1879 0.0000 244.8243 0.5688 6.7238
5.4961 0.0000 101.1879 0.0000 253.5485 0.5743 6.6580
4.9545 0.0000 101.2035 0.0000 263.1448 0.5803 6.1603
4.5523 0.0000 101.1967 0.0000 270.2529 0.5843 5.9049
4.2620 0.0000 101.1668 0.0000 275.0330 0.5853 5.8241
4.0630 0.0000 101.1365 0.0000 279.9187 0.5842 5.7245
3.8934 0.0000 101.1107 0.0000 282.9907 0.5833 5.5610
3.7245 0.0000 101.0778 0.0000 284.9177 0.5826 5.5884
3.5417 0.0000 101.0340 0.0000 285.9073 0.5832 5.5962
3.3815 0.0000 100.9964 0.0000 284.1541 0.5852 5.5769
3.2765 0.0000 100.9466 0.0000 282.0501 0.5897 5.8785
3.1955 0.0000 100.9287 0.0000 265.7677 0.5973 5.5048
3.1148 0.0000 100.9792 38.6039 249.5014 0.6036 4.2425
