1.2824 0.0000 101.9557 167.4404 252.3620 0.6112 6.4820
2.8328 0.0000 101.9841 360.1488 233.5055 0.6160 5.9595
5.0415 0.0000 101.9616 502.7223 236.4205 0.6029 5.6998
7.1053 0.0000 101.8808 588.2436 241.6216 0.5517 5.3770
8.3898 0.0000 101.7645 605.2235 245.8302 0.5143 5.0550
9.1068 0.0000 101.6513 558.2659 247.4559 0.5041 5.0432
9.4318 0.0000 101.5719 439.2655 249.2390 0.5043 5.1804
9.4462 0.0000 101.5236 281.9634 249.4695 0.5072 5.4689
8.9174 0.0000 101.5084 105.7492 248.8087 0.5263 5.7366
7.8626 0.0000 101.5185 3.3365 246.9984 0.5506 6.3315
6.7943 0.0000 101.5547 0.0000 245.7430 0.5663 6.6106
5.9111 0.0000 101.5707 0.0000 246.8043 0.5785 6.6655
5.2196 0.0000 101.5730 0.0000 258.8773 0.5869 6.5225
4.7128 0.0000 101.5924 0.0000 266.7528 0.5943 5.9904
4.3575 0.0000 101.5801 0.0000 272.6318 0.5985 5.9130
4.1170 0.0000 101.5464 0.0000 276.8452 0.5981 6.0289
3.9699 0.0000 101.5161 0.0000 281.2126 0.5949 5.9620
3.8786 0.0000 101.4902 0.0000 284.2454 0.5928 5.8398
3.8118 0.0000 101.4475 0.0000 286.6980 0.5923 5.8630
3.7218 0.0000 101.4037 0.0000 287.7938 0.5939 5.7538
3.6063 0.0000 101.3569 0.0000 286.7189 0.5969 5.7447
3.4593 0.0000 101.3010 0.0000 283.6935 0.6020 6.0335
3.2511 0.0000 101.3030 0.0000 261.3729 0.6105 5.3177
3.0735 0.0000 101.3540 34.6320 251.5189 0.6172 4.1161
