-0.7884 0.0002 99.7623 177.8054 248.4775 0.5339 4.4043
1.4734 0.0000 99.7740 400.6622 215.7191 0.5449 4.1599
4.3739 0.0000 99.7410 542.6526 219.5991 0.5207 4.1328
6.4193 0.0000 99.6543 620.7187 225.9936 0.4891 3.5597
7.5405 0.0000 99.5464 629.6820 230.2261 0.4824 3.0205
8.2162 0.0000 99.4523 570.4339 233.8054 0.4858 2.9637
8.4899 0.0000 99.3798 444.7606 237.4936 0.4936 3.2320
8.3660 0.0000 99.3508 277.7615 239.1182 0.5019 3.5203
7.7182 0.0000 99.3433 94.3138 240.0002 0.5178 4.0766
6.6736 0.0000 99.3555 1.1483 239.3497 0.5297 4.8392
5.6500 0.0000 99.3613 0.0000 238.0305 0.5335 5.0494
4.8326 0.0000 99.3578 0.0000 236.6157 0.5368 4.6668
4.2539 0.0000 99.3576 0.0000 235.5631 0.5394 4.0318
3.8507 0.0000 99.3585 0.0000 237.9325 0.5416 3.5928
3.5618 0.0000 99.3534 0.0000 242.0331 0.5438 3.2311
3.3485 0.0000 99.3298 0.0000 247.9430 0.5457 2.9650
3.1982 0.0000 99.2995 0.0000 256.3798 0.5473 2.7915
3.0852 0.0000 99.2729 0.0000 263.4320 0.5489 2.5829
2.9276 0.0000 99.2473 0.0000 269.6994 0.5505 2.2398
2.7332 0.0000 99.2208 0.0000 270.3688 0.5515 2.1700
2.5580 0.0000 99.1926 0.0000 272.5315 0.5521 2.5040
2.5511 0.0000 99.1762 0.0000 272.6614 0.5535 2.9135
2.7028 0.0000 99.1347 0.0000 265.7444 0.5550 3.5302
2.9170 0.0000 99.1132 32.7317 271.3699 0.5568 3.4928
