-0.6899 0.0008 102.5206 121.9033 263.3185 0.5348 4.4448
0.8365 0.0000 102.5432 299.4057 237.3579 0.5368 4.3808
2.8667 0.0000 102.5137 463.0703 230.5024 0.5203 4.4902
4.6569 0.0000 102.4183 567.6889 228.7235 0.4955 4.2542
5.6776 0.0000 102.2983 589.9531 228.9919 0.4901 3.7133
6.4298 0.0000 102.1828 537.6541 231.3181 0.4880 3.3829
6.8312 0.0000 102.0999 419.9737 234.7129 0.4898 3.3106
6.9181 0.0000 102.0543 259.3282 237.0956 0.4911 3.3609
6.6431 0.0000 102.0406 86.1778 238.2614 0.4973 3.6613
6.1753 0.0000 102.0418 1.0448 238.1011 0.5022 4.3722
5.6888 0.0000 102.0431 0.0000 237.4616 0.5022 4.9080
5.1667 0.0000 102.0363 0.0000 236.4405 0.5044 4.9383
4.6511 0.0000 102.0421 0.0000 235.3585 0.5100 4.4685
4.1650 0.0000 102.0492 0.0000 234.6099 0.5178 4.2103
3.6654 0.0000 102.0345 0.0000 235.2318 0.5275 4.3118
3.1452 0.0000 102.0099 0.0000 240.5997 0.5382 4.0864
2.6734 0.0000 101.9915 0.0000 251.3233 0.5473 3.6478
2.2779 0.0000 101.9823 0.0000 257.9248 0.5544 3.5400
1.9098 0.0000 101.9560 0.0000 262.5239 0.5605 3.8103
1.5495 0.0000 101.9117 0.0000 265.6464 0.5657 4.3249
1.2298 0.0000 101.8663 0.0000 271.6480 0.5701 4.7255
1.0388 0.0000 101.8287 0.0000 274.9319 0.5740 4.9031
0.9421 0.0000 101.7872 0.0000 276.6727 0.5780 5.1422
0.9251 0.0000 101.7877 23.1606 272.1381 0.5827 4.4521
