-1.1455 0.0042 103.0629 170.1680 262.1515 0.5442 3.2443
1.2631 0.0008 103.0767 352.3186 244.5780 0.5749 3.3885
3.6928 0.0001 103.0318 525.6810 225.1272 0.5680 3.1120
4.9268 0.0001 102.9285 586.1637 230.3955 0.5543 2.5238
5.7487 0.0000 102.8119 570.0900 236.9847 0.5483 2.0015
6.3565 0.0000 102.7186 514.4680 235.5554 0.5460 1.6591
6.6944 0.0000 102.6468 394.7580 235.4208 0.5468 1.5053
6.7142 0.0000 102.6098 228.8451 235.7680 0.5494 1.4656
6.4562 0.0000 102.6060 57.4301 235.8158 0.5541 1.6564
6.0865 0.0001 102.6271 0.0002 237.8539 0.5620 2.2297
5.6665 0.0001 102.6444 0.0000 239.3555 0.5736 2.8949
5.1691 0.0001 102.6316 0.0000 237.5261 0.5884 3.7014
4.5777 0.0000 102.6085 0.0000 233.8961 0.6053 4.5785
3.9174 0.0000 102.5907 0.0000 231.3064 0.6207 5.2479
3.3058 0.0000 102.5972 0.0000 230.4583 0.6318 5.3148
2.7440 0.0000 102.5976 0.0000 229.7916 0.6357 5.0074
2.2478 0.0000 102.5761 0.0000 228.8873 0.6337 4.9129
1.8616 0.0000 102.5487 0.0000 228.3487 0.6281 5.0274
1.5338 0.0001 102.5150 0.0000 231.8507 0.6212 4.7337
1.2122 0.0008 102.4922 0.0000 239.7039 0.6135 4.1690
0.9148 0.0020 102.4904 0.0000 244.7522 0.6057 4.1196
0.8318 0.0016 102.4945 0.0000 251.1103 0.6009 4.0947
0.9527 0.0008 102.4775 0.0214 260.0164 0.5999 4.0259
1.2037 0.0002 102.4422 40.4621 262.7383 0.6021 4.1082
