-0.8613 0.0003 98.9549 182.0722 250.6201 0.5348 4.3329
1.4323 0.0000 98.9686 407.8508 215.2740 0.5514 4.1044
4.3396 0.0000 98.9343 547.7616 219.8375 0.5344 3.9925
6.3940 0.0000 98.8522 625.1576 226.3856 0.5070 3.3128
7.5942 0.0000 98.7476 633.3792 230.8346 0.4980 2.6300
8.3404 0.0000 98.6533 573.6982 234.4808 0.4998 2.4646
8.6925 0.0000 98.5809 445.9303 239.1315 0.5059 2.7026
8.6452 0.0000 98.5531 279.7292 240.1009 0.5120 2.9927
8.1009 0.0000 98.5488 95.3619 240.8908 0.5240 3.5003
7.1820 0.0000 98.5592 1.1727 240.4638 0.5319 4.1787
6.2216 0.0000 98.5639 0.0000 239.3359 0.5345 4.3992
5.3851 0.0000 98.5604 0.0000 237.9226 0.5377 4.0739
4.7620 0.0000 98.5621 0.0000 236.7685 0.5409 3.5474
4.3167 0.0000 98.5616 0.0000 239.6738 0.5437 3.2126
3.9856 0.0000 98.5596 0.0000 243.1846 0.5465 2.9104
3.7224 0.0000 98.5422 0.0000 249.4683 0.5488 2.7558
3.5230 0.0000 98.5120 0.0000 258.2569 0.5507 2.7438
3.3669 0.0000 98.4808 0.0000 265.6463 0.5524 2.6693
3.1881 0.0000 98.4552 0.0000 271.8504 0.5534 2.3375
2.9994 0.0000 98.4266 0.0000 271.2075 0.5534 2.2115
2.8248 0.0000 98.4029 0.0000 272.3454 0.5526 2.5650
2.7829 0.0000 98.3892 0.0000 271.6015 0.5525 2.9697
2.8414 0.0000 98.3523 0.0000 266.0814 0.5530 3.6161
2.9254 0.0000 98.3335 34.3865 271.1373 0.5544 3.6711
