-1.3153 0.0024 101.1480 179.1798 245.9429 0.5163 3.3832
0.6469 0.0001 101.1549 341.0712 238.3475 0.5303 3.5672
3.4739 0.0000 101.1140 501.0224 229.7016 0.5058 3.8642
5.3850 0.0000 101.0133 596.3360 229.1905 0.4783 3.3613
6.4378 0.0000 100.8946 610.6391 230.6834 0.4818 2.7179
7.1413 0.0000 100.7979 557.6683 230.9208 0.4899 2.4009
7.5530 0.0000 100.7270 435.8735 232.8967 0.4958 2.4258
7.5600 0.0000 100.6896 267.3865 234.1406 0.5015 2.6670
7.0781 0.0000 100.6829 84.0929 234.4125 0.5130 3.3162
6.2886 0.0000 100.6989 0.3504 233.8454 0.5214 4.3065
5.5441 0.0000 100.7037 0.0000 233.5684 0.5267 4.8158
4.8856 0.0000 100.6783 0.0000 233.6149 0.5333 5.0851
4.2578 0.0000 100.6662 0.0000 233.5473 0.5396 4.9745
3.7388 0.0000 100.6754 0.0000 233.4058 0.5442 4.5593
3.3787 0.0000 100.6814 0.0000 233.5320 0.5469 4.3144
3.0450 0.0000 100.6535 0.0000 234.5667 0.5475 4.2404
2.7516 0.0000 100.6259 0.0000 236.8917 0.5474 4.2243
2.5075 0.0000 100.6032 0.0000 243.3624 0.5479 3.9274
2.2676 0.0000 100.5806 0.0000 251.6485 0.5484 3.2368
2.0190 0.0000 100.5544 0.0000 261.3931 0.5491 2.7515
1.8037 0.0000 100.5415 0.0000 261.3232 0.5501 2.8423
1.7423 0.0000 100.5241 0.0000 264.2885 0.5526 3.4834
1.8255 0.0000 100.4971 0.0000 262.4052 0.5568 4.3201
1.9467 0.0000 100.4490 45.8774 246.7435 0.5609 5.0921
