-1.8666 0.0031 103.1074 169.1430 257.2785 0.5165 3.0724
0.7878 0.0004 103.1155 362.0923 232.3526 0.5536 3.1889
3.4211 0.0001 103.0783 516.6121 222.6047 0.5494 2.9690
4.5758 0.0000 102.9754 582.3473 226.7985 0.5382 2.3088
5.3367 0.0000 102.8574 576.2584 230.6408 0.5363 1.7841
5.8953 0.0000 102.7641 507.2215 233.6718 0.5373 1.4049
6.2261 0.0000 102.6923 389.4118 233.3883 0.5379 1.2040
6.2158 0.0000 102.6532 225.2613 233.8192 0.5410 1.1867
5.9202 0.0000 102.6456 56.6305 233.3713 0.5454 1.3981
5.5161 0.0001 102.6690 0.0000 234.6511 0.5513 1.9462
5.0649 0.0001 102.6825 0.0000 237.1494 0.5596 2.5786
4.5500 0.0001 102.6716 0.0000 236.0972 0.5707 3.3885
3.9788 0.0000 102.6465 0.0000 232.5474 0.5849 4.3087
3.3440 0.0000 102.6287 0.0000 229.8916 0.6011 5.0077
2.6830 0.0000 102.6410 0.0000 228.7446 0.6151 5.2011
2.0401 0.0000 102.6470 0.0000 227.8575 0.6224 4.9812
1.4607 0.0000 102.6216 0.0000 227.0654 0.6218 4.9617
0.9609 0.0000 102.5924 0.0000 227.5425 0.6143 5.0481
0.4742 0.0001 102.5721 0.0000 236.4074 0.6018 4.4237
0.0317 0.0027 102.5608 0.0000 250.6851 0.5882 3.6238
-0.2651 0.0041 102.5415 0.0000 258.2745 0.5764 3.4721
-0.3059 0.0027 102.5219 0.0000 264.8301 0.5708 3.4460
-0.1976 0.0018 102.4972 0.0021 261.2475 0.5696 3.6741
0.0332 0.0010 102.4619 38.7805 261.7407 0.5720 3.9542
