-0.2450 0.0065 102.2984 165.3420 266.9395 0.5580 2.5161
1.3596 0.0014 102.3084 332.9436 259.3647 0.5743 2.4590
3.3844 0.0000 102.2650 519.9037 231.9426 0.5733 2.6752
5.1167 0.0000 102.1576 570.8340 240.4268 0.5387 2.4088
6.1145 0.0000 102.0356 592.2727 237.8494 0.5284 2.0783
6.7834 0.0000 101.9381 537.4528 236.7602 0.5268 1.9446
7.1425 0.0000 101.8653 419.0889 235.9749 0.5268 2.0268
7.1656 0.0000 101.8304 249.4959 236.5166 0.5277 2.2004
6.7723 0.0000 101.8218 70.4685 236.1277 0.5324 2.7495
6.0664 0.0000 101.8419 0.0348 234.5798 0.5369 3.6534
5.3588 0.0000 101.8559 0.0000 232.9549 0.5391 4.1235
4.7633 0.0000 101.8432 0.0000 231.8070 0.5419 4.3367
4.3400 0.0000 101.8199 0.0000 231.2603 0.5472 4.3172
4.0324 0.0000 101.8117 0.0000 231.4194 0.5572 3.9372
3.7285 0.0000 101.8144 0.0000 232.0215 0.5727 3.3716
3.2918 0.0000 101.8010 0.0000 232.5914 0.5901 3.0708
2.7585 0.0000 101.7787 0.0000 232.4608 0.6078 2.9683
2.2283 0.0000 101.7565 0.0000 232.5006 0.6240 2.9302
1.7105 0.0000 101.7226 0.0000 232.8307 0.6377 2.7716
1.1911 0.0007 101.6911 0.0000 246.2477 0.6417 2.6456
0.6416 0.0039 101.6980 0.0000 279.6401 0.6302 2.8231
0.3420 0.0060 101.7152 0.0000 290.7810 0.6187 2.8237
0.2141 0.0114 101.7076 0.0100 290.7282 0.6144 2.8330
0.2904 0.0058 101.6748 37.5903 283.3966 0.6160 2.9439
