-1.3510 0.0045 101.8983 169.2950 255.0151 0.5192 2.9985
0.5137 0.0003 101.9048 324.8080 248.0107 0.5368 3.2650
3.3848 0.0000 101.8621 486.5454 234.1300 0.5183 3.7102
5.3102 0.0000 101.7575 583.2380 233.1969 0.4886 3.2657
6.3811 0.0000 101.6353 599.6999 233.6657 0.4898 2.6553
7.1071 0.0000 101.5355 552.3120 231.7419 0.4960 2.3161
7.5283 0.0000 101.4631 430.6995 233.6202 0.5008 2.2734
7.5512 0.0000 101.4223 262.4129 234.7429 0.5058 2.4735
7.1211 0.0000 101.4141 80.6299 234.9026 0.5156 3.1374
6.3938 0.0000 101.4306 0.2460 234.2556 0.5229 4.2288
5.6608 0.0000 101.4359 0.0000 233.7628 0.5278 4.8828
4.9561 0.0000 101.4105 0.0000 233.4686 0.5336 5.2867
4.2756 0.0000 101.3961 0.0000 233.1247 0.5387 5.2860
3.7089 0.0000 101.4066 0.0000 232.8258 0.5423 4.8494
3.3076 0.0000 101.4171 0.0000 232.8716 0.5446 4.4770
2.9430 0.0000 101.3895 0.0000 233.3087 0.5454 4.3083
2.6020 0.0000 101.3620 0.0000 234.4374 0.5462 4.2389
2.3002 0.0000 101.3407 0.0000 239.6528 0.5485 3.9426
1.9973 0.0000 101.3190 0.0000 245.5334 0.5517 3.2683
1.6827 0.0000 101.2931 0.0000 255.4921 0.5557 2.8268
1.3958 0.0001 101.2834 0.0000 260.5362 0.5601 2.9976
1.2381 0.0010 101.2685 0.0000 265.1354 0.5649 3.6800
1.1973 0.0029 101.2428 0.0001 267.2883 0.5698 4.4905
1.2341 0.0012 101.1943 43.5774 252.9220 0.5739 5.2299
