-2.1822 0.0025 103.0113 169.4411 257.2459 0.5059 2.8857
0.3820 0.0001 103.0197 368.6730 229.9506 0.5449 3.0665
3.2533 0.0000 102.9833 515.0090 223.6494 0.5416 3.0823
4.5004 0.0000 102.8806 570.9467 230.9247 0.5265 2.4262
5.2736 0.0000 102.7656 571.2039 233.3338 0.5224 1.8377
5.8538 0.0000 102.6700 515.8972 232.6226 0.5222 1.4675
6.2229 0.0000 102.5959 400.4801 231.5665 0.5214 1.3050
6.2591 0.0000 102.5542 234.3895 232.3023 0.5230 1.3070
5.9873 0.0000 102.5451 61.8889 232.1630 0.5275 1.5242
5.6012 0.0000 102.5655 0.0052 231.4800 0.5327 2.0599
5.2016 0.0000 102.5759 0.0000 230.9761 0.5387 2.7106
4.7752 0.0000 102.5594 0.0000 230.6561 0.5475 3.5171
4.3292 0.0000 102.5309 0.0000 230.4111 0.5611 4.3149
3.8296 0.0000 102.5185 0.0000 230.2309 0.5802 4.7692
3.2654 0.0000 102.5357 0.0000 229.9941 0.6014 4.7768
2.6226 0.0000 102.5309 0.0000 229.8346 0.6183 4.6974
1.9518 0.0000 102.5008 0.0000 229.3246 0.6286 4.9250
1.3089 0.0000 102.4789 0.0000 229.7319 0.6322 5.0104
0.6629 0.0002 102.4652 0.0000 241.7488 0.6268 4.3493
0.0153 0.0037 102.4524 0.0000 265.2307 0.6117 3.7531
-0.5036 0.0092 102.4343 0.0000 280.9489 0.5929 3.7179
-0.7069 0.0065 102.4182 0.0000 284.5808 0.5821 3.7233
-0.6793 0.0042 102.3927 0.0002 282.8320 0.5798 3.9536
-0.4580 0.0022 102.3551 32.0875 278.5064 0.5829 4.2000
