-1.4790 0.0051 100.4303 178.2941 257.2832 0.5124 2.2887
0.4193 0.0003 100.4369 358.4801 241.4487 0.5318 2.7011
2.9812 0.0000 100.3990 514.3752 228.8758 0.5223 3.1691
5.0406 0.0000 100.2940 606.8167 227.8612 0.4904 2.7635
6.1891 0.0000 100.1764 614.8376 230.5937 0.4932 2.1811
6.9387 0.0000 100.0814 557.7157 231.3913 0.5025 1.8030
7.3821 0.0000 100.0138 433.1934 233.6869 0.5093 1.7528
7.4305 0.0000 99.9776 262.7720 234.9560 0.5149 1.9433
7.0218 0.0000 99.9742 79.4851 235.0720 0.5231 2.5907
6.2301 0.0000 99.9907 0.1705 233.9978 0.5291 3.6374
5.3078 0.0000 100.0009 0.0000 232.4464 0.5322 4.1587
4.3810 0.0000 99.9855 0.0000 231.2346 0.5341 4.3913
3.5924 0.0000 99.9709 0.0000 230.3256 0.5351 4.3395
3.0215 0.0000 99.9716 0.0000 229.9352 0.5363 3.9582
2.6297 0.0000 99.9824 0.0000 230.0532 0.5380 3.5389
2.2465 0.0000 99.9598 0.0000 230.5556 0.5390 3.1951
1.8591 0.0000 99.9373 0.0000 230.8411 0.5396 3.0175
1.5116 0.0000 99.9111 0.0000 233.0972 0.5412 2.9358
1.1673 0.0000 99.8748 0.0000 236.8816 0.5437 2.5318
0.8432 0.0000 99.8489 0.0000 250.5772 0.5474 2.0737
0.5910 0.0001 99.8493 0.0000 259.0272 0.5516 2.0573
0.4759 0.0011 99.8444 0.0000 258.0085 0.5562 2.4700
0.3658 0.0032 99.8286 0.0018 261.5790 0.5612 3.0864
0.2575 0.0023 99.7851 50.3707 251.5643 0.5649 3.8258
