-0.3709 0.0012 99.8848 159.1060 243.5579 0.5382 6.4381
1.5294 0.0001 99.9170 342.5244 230.9726 0.5380 6.1193
3.7566 0.0000 99.8934 493.5525 229.7280 0.5369 5.4157
5.7935 0.0000 99.8165 579.4660 233.7298 0.5177 4.1631
7.4009 0.0000 99.6988 596.9077 238.5485 0.4998 3.4415
8.4507 0.0000 99.5811 547.3620 242.4920 0.5016 3.2350
9.1178 0.0000 99.4939 430.2016 245.5961 0.5071 3.1020
9.3282 0.0000 99.4431 274.5355 246.8651 0.5156 3.1249
8.9277 0.0000 99.4259 101.5922 246.8983 0.5281 3.5157
7.8187 0.0000 99.4344 3.1122 245.4327 0.5416 4.5086
6.4862 0.0000 99.4776 0.0000 243.5002 0.5493 4.8996
5.3791 0.0000 99.5105 0.0000 242.5087 0.5521 4.6386
4.5991 0.0000 99.5237 0.0000 252.3956 0.5502 4.4990
4.1022 0.0000 99.5326 0.0000 261.5056 0.5465 4.1041
3.8111 0.0000 99.5251 0.0000 265.1227 0.5411 3.9464
3.6723 0.0000 99.4911 0.0000 270.5134 0.5348 4.0006
3.6725 0.0000 99.4630 0.0000 273.5458 0.5304 4.0565
3.7724 0.0000 99.4359 0.0000 278.3387 0.5278 4.0387
3.9135 0.0000 99.3948 0.0000 282.3143 0.5268 4.1158
4.0009 0.0000 99.3429 0.0000 285.3132 0.5277 4.1440
4.0031 0.0000 99.2863 0.0000 287.0771 0.5299 4.4145
3.8860 0.0000 99.2228 0.0000 287.5867 0.5342 5.1098
3.6227 0.0000 99.2354 0.0000 285.4091 0.5395 4.6792
3.4158 0.0000 99.2935 23.5376 268.1725 0.5430 3.6367
