-1.4126 0.0023 100.4540 187.6075 241.8755 0.5114 3.2054
0.6014 0.0001 100.4606 358.4787 233.4093 0.5255 3.4027
3.4305 0.0000 100.4210 512.9693 226.8697 0.5008 3.6901
5.3568 0.0000 100.3209 604.1747 227.5319 0.4742 3.1628
6.3964 0.0000 100.2064 615.8794 229.5812 0.4800 2.5103
7.0934 0.0000 100.1129 560.5955 230.4386 0.4898 2.1937
7.5081 0.0000 100.0437 437.8759 232.5690 0.4965 2.2502
7.5087 0.0000 100.0091 268.6085 233.8147 0.5025 2.5133
6.9989 0.0000 100.0041 84.3969 233.9957 0.5140 3.1741
6.1398 0.0000 100.0206 0.3381 233.2130 0.5223 4.1383
5.3141 0.0000 100.0275 0.0000 232.6751 0.5270 4.5623
4.6150 0.0000 100.0041 0.0000 232.5758 0.5322 4.7396
4.0051 0.0000 99.9912 0.0000 232.4773 0.5372 4.5955
3.5383 0.0000 99.9967 0.0000 232.4207 0.5409 4.2140
3.2266 0.0000 100.0027 0.0000 232.6339 0.5436 3.9899
2.9203 0.0000 99.9753 0.0000 234.0586 0.5443 3.9098
2.6446 0.0000 99.9496 0.0000 236.1827 0.5444 3.9254
2.4105 0.0000 99.9235 0.0000 241.9260 0.5449 3.7162
2.1783 0.0000 99.8968 0.0000 250.8584 0.5456 3.0380
1.9478 0.0000 99.8724 0.0000 260.3683 0.5467 2.4532
1.7590 0.0000 99.8616 0.0000 260.8353 0.5479 2.4050
1.7167 0.0002 99.8471 0.0000 264.1571 0.5502 2.9710
1.7821 0.0007 99.8218 0.0002 260.5683 0.5536 3.8277
1.8690 0.0004 99.7751 47.6296 247.3741 0.5566 4.6842
