-1.2107 0.0011 102.8187 129.6206 265.3489 0.5244 4.5175
0.6502 0.0000 102.8403 284.5002 247.3885 0.5366 4.4865
2.9012 0.0000 102.8047 440.3773 238.5311 0.5243 4.5225
4.6181 0.0000 102.7084 556.3165 233.0488 0.4956 3.9593
5.6657 0.0000 102.5900 591.6715 228.8969 0.4867 3.2996
6.4019 0.0000 102.4806 539.3767 229.4413 0.4868 2.8910
6.8439 0.0000 102.3932 422.5177 230.7813 0.4855 2.7430
6.9893 0.0000 102.3507 258.3435 232.7283 0.4838 2.8274
6.7180 0.0000 102.3415 81.3583 233.9919 0.4898 3.2091
6.2395 0.0000 102.3420 0.4429 234.2374 0.4955 4.0494
5.7190 0.0000 102.3444 0.0000 234.2885 0.5006 4.9005
5.1571 0.0000 102.3241 0.0000 234.3530 0.5113 5.5210
4.5601 0.0000 102.3127 0.0000 234.2372 0.5261 5.6021
3.9622 0.0000 102.3339 0.0000 234.0012 0.5399 5.2929
3.3758 0.0000 102.3341 0.0000 233.5941 0.5508 5.4455
2.7544 0.0000 102.2992 0.0000 233.0384 0.5580 5.6762
2.1816 0.0000 102.2770 0.0000 236.6112 0.5625 5.3070
1.7460 0.0000 102.2803 0.0000 247.9434 0.5654 4.7901
1.4280 0.0000 102.2626 0.0000 254.4085 0.5659 4.7965
1.1699 0.0000 102.2191 0.0000 258.7595 0.5648 5.1557
0.9537 0.0000 102.1837 0.0000 262.3285 0.5644 5.6922
0.8444 0.0000 102.1496 0.0000 267.0842 0.5672 6.0265
0.8064 0.0000 102.1144 0.0000 269.9008 0.5737 6.2823
0.7584 0.0000 102.0723 26.6708 268.6936 0.5828 6.1221
