-0.1862 0.0009 99.9359 158.7686 243.7714 0.5409 6.1792
1.7791 0.0001 99.9695 340.7571 232.3493 0.5412 5.8632
4.0428 0.0000 99.9484 492.0126 230.7601 0.5400 5.0721
6.1308 0.0000 99.8729 577.9537 234.8487 0.5177 3.7081
7.7011 0.0000 99.7552 595.7072 239.6911 0.5010 3.1601
8.6962 0.0000 99.6362 547.0358 243.3141 0.5041 3.0381
9.3253 0.0000 99.5500 430.2477 246.1820 0.5110 2.9456
9.5220 0.0000 99.4980 274.8746 247.4011 0.5200 2.9438
9.1561 0.0000 99.4807 102.1092 247.5594 0.5316 3.2116
8.1618 0.0000 99.4892 3.2600 246.6203 0.5435 3.9962
6.9419 0.0000 99.5336 0.0000 245.3844 0.5508 4.3811
5.8795 0.0000 99.5654 0.0000 245.0669 0.5546 4.2036
5.0909 0.0000 99.5798 0.0000 256.1255 0.5547 4.1171
4.5472 0.0000 99.5913 0.0000 264.0236 0.5535 3.8623
4.1781 0.0000 99.5839 0.0000 267.3178 0.5504 3.7789
3.9528 0.0000 99.5512 0.0000 271.9637 0.5453 3.8338
3.8743 0.0000 99.5243 0.0000 274.7514 0.5404 3.8359
3.9153 0.0000 99.4962 0.0000 279.4681 0.5365 3.7513
4.0302 0.0000 99.4551 0.0000 283.1067 0.5340 3.7429
4.1186 0.0000 99.4030 0.0000 285.8839 0.5336 3.7356
4.1415 0.0000 99.3425 0.0000 287.7184 0.5347 4.0679
4.0619 0.0000 99.2763 0.0000 288.0964 0.5383 4.8198
3.8459 0.0000 99.2951 0.0000 284.7885 0.5436 4.3009
3.6410 0.0000 99.3522 22.4953 270.5761 0.5474 3.3423
