-2.1432 0.0003 102.8935 174.7549 239.5203 0.4909 3.7435
0.1416 0.0000 102.9061 354.9621 217.1100 0.5059 3.4063
2.9146 0.0000 102.8729 483.4446 222.1602 0.4705 2.9558
4.1629 0.0000 102.7775 556.3672 225.9501 0.4525 2.3101
4.8964 0.0000 102.6596 568.3562 225.9687 0.4532 1.8476
5.4025 0.0000 102.5585 510.7884 226.8089 0.4587 1.5981
5.6971 0.0000 102.4871 393.6687 227.4003 0.4621 1.5702
5.6720 0.0000 102.4454 234.3100 227.1199 0.4654 1.7083
5.3175 0.0000 102.4363 64.0976 227.7475 0.4696 2.1687
4.7912 0.0000 102.4463 0.0206 227.7426 0.4720 2.8892
4.2376 0.0000 102.4547 0.0000 227.3191 0.4739 3.4548
3.6948 0.0000 102.4364 0.0000 226.6782 0.4770 4.0198
3.1807 0.0000 102.4133 0.0000 226.0517 0.4821 4.4340
2.7299 0.0000 102.4093 0.0000 225.9770 0.4910 4.4553
2.3395 0.0000 102.4319 0.0000 226.4788 0.5044 4.1999
1.9267 0.0000 102.4190 0.0000 227.2143 0.5198 4.2694
1.4510 0.0000 102.3874 0.0000 227.5320 0.5356 4.4548
0.9608 0.0000 102.3813 0.0000 230.1314 0.5516 4.0106
0.5275 0.0000 102.3780 0.0000 238.7223 0.5654 3.5945
0.1312 0.0010 102.3318 0.0000 246.8623 0.5764 3.5737
-0.2635 0.0024 102.2892 0.0000 258.7682 0.5791 3.8529
-0.6243 0.0028 102.2474 0.0000 260.3292 0.5754 4.3010
-1.0799 0.0071 102.2217 0.0000 268.0058 0.5655 4.5630
-1.3810 0.0083 102.1871 27.2243 278.1728 0.5529 4.4356
