1.6597 0.0037 103.0268 200.2388 258.5503 0.6182 4.9936
3.3746 0.0003 103.0414 383.2497 244.2327 0.6205 4.6428
5.0703 0.0000 102.9920 543.7711 229.5887 0.6052 4.0811
6.1944 0.0000 102.8907 603.9787 234.0839 0.5849 3.5243
7.0003 0.0000 102.7770 590.1630 239.1808 0.5711 3.0105
7.5658 0.0000 102.6804 517.8097 241.6653 0.5643 2.7137
7.8362 0.0000 102.6147 400.1368 239.5928 0.5635 2.6378
7.8176 0.0000 102.5851 232.0390 239.2126 0.5663 2.6288
7.5318 0.0000 102.5810 57.2628 239.3043 0.5746 2.8874
7.0586 0.0000 102.6049 0.0000 238.6700 0.5889 3.5115
6.5349 0.0000 102.6278 0.0000 237.2958 0.6036 4.0384
5.9594 0.0000 102.6208 0.0000 236.0194 0.6184 4.5585
5.3912 0.0000 102.6044 0.0000 234.7061 0.6331 5.0391
4.8920 0.0000 102.5796 0.0000 233.4562 0.6468 5.3166
4.5470 0.0000 102.5778 0.0000 232.6272 0.6544 5.1368
4.1814 0.0000 102.5659 0.0000 232.2801 0.6548 4.8393
3.7796 0.0000 102.5466 0.0000 231.3483 0.6507 4.7670
3.4384 0.0000 102.5297 0.0000 230.6516 0.6446 4.7338
3.1252 0.0000 102.4881 0.0000 230.9199 0.6384 4.6578
2.8351 0.0001 102.4411 0.0000 231.4685 0.6335 4.5553
2.5777 0.0001 102.4394 0.0000 231.6045 0.6316 4.6049
2.5064 0.0000 102.4738 0.0000 236.4292 0.6303 4.7407
2.5923 0.0000 102.4879 0.2283 252.4902 0.6295 4.5446
2.7679 0.0000 102.4583 53.8703 254.0752 0.6293 4.3140
